272 3265.500000 979.500000 ,83 5 ,3 1 ,89 5 ,16 2
1210 3300.000000 955.500000 ,72 5 ,23 1 ,83 5 ,60 3 ,78 1 ,27 1
3575 3307.500000 976.500000 ,97 5
6699 3297.000000 955.500000 ,64 1 ,77 2 ,26 5 ,76 1
7181 3255.000000 979.500000 ,67 4
8239 3298.500000 946.500000 ,87 4 ,40 1 ,37 2 ,66 1 ,64 3
14001 3250.500000 988.500000 ,85 3 ,64 2 ,58 5
25324 3250.500000 951.000000 ,75 2 ,18 5 ,36 3
25345 3285.000000 984.000000 ,79 2 ,83 4 ,22 5 ,28 1
25977 3286.500000 991.500000 ,60 4 ,74 2 ,15 4
39204 3270.000000 975.000000 ,77 1 ,13 1 ,83 1 ,20 2
41682 3298.500000 973.500000 ,25 5 ,81 2 ,95 4 ,11 2 ,9 2
42008 3295.500000 979.500000 ,76 3 ,23 3 ,24 4
42129 3307.500000 955.500000 ,43 2 ,23 1 ,27 5 ,80 2 ,86 2 ,20 3
44428 3291.000000 960.000000 ,88 1 ,82 1 ,43 5 ,20 5 ,92 1
45027 3301.500000 940.500000 ,19 4 ,44 4 ,34 1 ,77 1 ,17 2
48740 3261.000000 951.000000 ,14 3 ,89 3 ,82 1 ,17 1 ,31 2
52936 3250.500000 985.500000 ,92 2 ,28 1 ,29 1 ,99 1 ,86 3
54672 3258.000000 934.500000 ,70 5 ,31 3 ,44 5
56164 3252.000000 934.500000 ,67 2 ,26 5 ,90 4 ,81 4 ,5 3
58399 3297.000000 937.500000 ,64 4 ,43 1 ,1 4 ,19 1 ,77 4
59307 3256.500000 958.500000 ,7 2 ,46 3
71984 3262.500000 970.500000 ,45 5 ,26 3 ,47 3 ,68 2 ,97 5 ,77 1
72499 3262.500000 949.500000 ,80 5 ,47 5 ,15 5 ,37 3 ,22 1 ,5 5
73496 3306.000000 972.000000 ,14 1 ,89 4
76505 3298.500000 964.500000 ,93 5 ,65 3 ,3 2 ,10 4 ,42 3 ,57 4
79433 3298.500000 961.500000 ,48 4 ,46 5 ,8 4 ,12 2 ,42 4 ,86 3
88258 3268.500000 940.500000 ,67 4 ,41 5 ,4 5
90914 3259.500000 988.500000 ,16 4 ,87 2
99407 3301.500000 972.000000 ,86 3 ,84 3 ,33 1 ,20 1
99894 3273.000000 969.000000 ,5 2 ,54 5 ,33 3 ,67 2
