2842 759.000000 2763.000000 ,49 3 ,19 1 ,21 3
3786 757.500000 2706.000000 ,16 4 ,15 1
6873 768.000000 2769.000000 ,99 3 ,28 1 ,22 2
19053 781.500000 2767.500000 ,36 2 ,89 4 ,67 3
23422 753.000000 2778.000000 ,73 5 ,2 4 ,86 5 ,12 5 ,19 2
25331 768.000000 2767.500000 ,71 3 ,17 2 ,14 3 ,53 4
32929 750.000000 2710.500000 ,88 2 ,15 3 ,6 3
34549 778.500000 2773.500000 ,86 2 ,89 3 ,16 4 ,37 5
36283 783.000000 2709.000000 ,15 4
36939 781.500000 2721.000000 ,88 3 ,82 1 ,44 5
37572 753.000000 2695.500000 ,48 1 ,50 3
44253 781.500000 2728.500000 ,88 5 ,67 3 ,45 2 ,23 2
50155 759.000000 2709.000000 ,31 2 ,4 2 ,3 5 ,86 2 ,77 5 ,5 2
50972 772.500000 2760.000000 ,17 2 ,12 4 ,98 2 ,85 5
54142 765.000000 2778.000000 ,8 5 ,5 3 ,6 4 ,42 3
57614 766.500000 2728.500000 ,92 5
58931 760.500000 2722.500000 ,8 5 ,36 3
64063 753.000000 2728.500000 ,20 3 ,96 3 ,46 2 ,66 5
64512 772.500000 2778.000000 ,54 1 ,46 2 ,25 2 ,65 5
68312 783.000000 2719.500000 ,28 1 ,66 2 ,3 4 ,61 2 ,98 3
72344 780.000000 2782.500000 ,29 5
75704 780.000000 2779.500000 ,90 3 ,24 4 ,27 4 ,51 1 ,69 2 ,18 2
81448 756.000000 2739.000000 ,32 4 ,67 2 ,35 1
82207 775.500000 2679.000000 ,76 1 ,10 4 ,92 4 ,87 3 ,73 3 ,11 5
83202 783.000000 2683.500000 ,17 1 ,97 3 ,47 3 ,26 5 ,93 4
86343 786.000000 2721.000000 ,77 5 ,74 5 ,78 5 ,93 5 ,5 4 ,3 5
88871 786.000000 2689.500000 ,3 5 ,24 4
95779 750.000000 2733.000000 ,94 4 ,68 2 ,93 1 ,78 3 ,29 5
