6287 3571.500000 1563.000000 ,66 5 ,90 5 ,5 3 ,15 1 ,6 1
10084 3579.000000 1540.500000 ,52 4 ,14 1
11604 3580.500000 1533.000000 ,69 5 ,87 2 ,95 2
11648 3570.000000 1597.500000 ,96 4 ,66 3 ,19 2 ,7 4
12959 3570.000000 1569.000000 ,67 4 ,46 2
13091 3585.000000 1590.000000 ,11 1 ,67 3 ,2 5 ,64 2 ,27 3 ,31 2
21613 3586.500000 1594.500000 ,17 3
22529 3564.000000 1561.500000 ,8 4 ,48 5 ,71 4 ,92 5 ,35 4 ,76 1
25957 3576.000000 1600.500000 ,12 1 ,75 5
26207 3585.000000 1546.500000 ,48 4 ,73 5 ,65 4 ,86 3
34036 3558.000000 1596.000000 ,98 3 ,16 4 ,12 2
36080 3570.000000 1579.500000 ,13 2 ,43 1
36099 3574.500000 1536.000000 ,47 4 ,42 5 ,92 1 ,18 5 ,23 4 ,22 4
40156 3582.000000 1603.500000 ,34 1 ,87 1 ,48 5 ,57 2
42714 3580.500000 1615.500000 ,58 2 ,7 3 ,69 5 ,83 2
43095 3576.000000 1554.000000 ,93 2 ,58 4 ,10 2
44869 3561.000000 1545.000000 ,31 2 ,77 1 ,14 2 ,80 5 ,2 5
48109 3579.000000 1578.000000 ,77 5 ,35 4
51395 3579.000000 1516.500000 ,18 4 ,43 3 ,59 5
53015 3580.500000 1572.000000 ,68 5
53282 3579.000000 1579.500000 ,10 1
58005 3565.500000 1530.000000 ,26 3 ,56 4 ,42 4 ,98 1 ,52 2
62827 3571.500000 1542.000000 ,75 5 ,43 2
70059 3567.000000 1557.000000 ,68 2 ,63 3 ,24 2 ,62 4 ,75 1 ,4 1
80090 3586.500000 1591.500000 ,74 1 ,93 2 ,84 1
81488 3568.500000 1575.000000 ,34 2 ,45 4 ,71 4 ,2 2
82731 3582.000000 1606.500000 ,97 2 ,73 1 ,61 2 ,9 5 ,38 2
84844 3558.000000 1566.000000 ,46 5 ,64 1 ,19 5 ,85 1 ,37 3
84958 3574.500000 1572.000000 ,15 3
85604 3564.000000 1507.500000 ,24 4
86147 3580.500000 1516.500000 ,91 4
94597 3576.000000 1537.500000 ,76 3 ,14 5 ,42 4 ,21 4 ,48 1 ,17 1
95843 3571.500000 1524.000000 ,25 1 ,9 4 ,74 3 ,95 4
96956 3562.500000 1548.000000 ,9 5 ,64 2 ,35 5 ,23 3 ,6 3
97109 3561.000000 1617.000000 ,17 5 ,75 5 ,4 2
