12252 1081.500000 298.500000 ,89 1 ,21 4
22726 1074.000000 258.000000 ,83 4 ,11 4 ,72 5 ,46 4
24155 1042.500000 291.000000 ,4 2
25723 1050.000000 279.000000 ,68 4 ,73 2 ,80 3
35260 1042.500000 304.500000 ,75 5 ,93 1
37827 1065.000000 273.000000 ,60 2
40218 1063.500000 268.500000 ,60 4 ,23 1
40328 1033.500000 259.500000 ,30 3 ,16 2 ,91 1 ,8 1 ,23 5
43891 1051.500000 301.500000 ,53 1 ,72 3 ,52 1
45119 1074.000000 262.500000 ,43 2
49445 1069.500000 282.000000 ,40 1 ,29 4 ,35 3 ,58 2 ,48 2
51529 1059.000000 303.000000 ,97 3 ,28 4
56454 1024.500000 283.500000 ,51 4 ,43 2 ,26 3 ,98 4 ,4 4
56485 1057.500000 288.000000 ,69 5 ,38 3 ,62 3 ,49 1 ,12 3 ,84 3
62106 1063.500000 256.500000 ,81 2 ,35 2 ,30 3 ,93 1 ,76 1 ,24 4
65332 1074.000000 262.500000 ,69 1 ,71 5 ,99 2 ,15 3
70648 1080.000000 283.500000 ,66 1 ,55 2 ,10 3 ,95 2 ,35 3
72178 1036.500000 289.500000 ,12 3 ,35 2 ,9 4 ,41 2 ,48 3 ,59 2
74009 1081.500000 301.500000 ,71 5 ,36 2 ,52 4 ,70 5 ,76 5 ,79 1
78316 1075.500000 301.500000 ,22 4 ,50 1 ,33 4 ,60 1 ,71 4
84886 1059.000000 295.500000 ,80 1
89426 1060.500000 294.000000 ,48 4 ,9 5
94977 1062.000000 255.000000 ,91 4 ,11 2
