826 3166.500000 2275.500000 ,72 1 ,37 1 ,29 3 ,67 1 ,56 3
2778 3171.000000 2302.500000 ,0 4 ,90 3
2846 3198.000000 2275.500000 ,95 2 ,69 2 ,60 3 ,83 4
7102 3172.500000 2256.000000 ,74 5
9451 3172.500000 2262.000000 ,53 4 ,74 5 ,14 5
9625 3195.000000 2238.000000 ,99 4
9834 3189.000000 2247.000000 ,43 4 ,63 2
13515 3172.500000 2287.500000 ,66 1 ,49 4 ,47 1 ,72 4 ,13 5 ,31 5
16385 3177.000000 2293.500000 ,81 5 ,58 4 ,17 3 ,60 1
21316 3190.500000 2296.500000 ,48 5 ,86 4 ,41 1 ,35 5
27388 3199.500000 2296.500000 ,84 5 ,43 3 ,82 5
32269 3163.500000 2233.500000 ,9 3
43713 3184.500000 2287.500000 ,14 2 ,36 5 ,43 2 ,95 1
44287 3184.500000 2275.500000 ,72 2 ,60 1 ,0 4
44715 3175.500000 2260.500000 ,55 2 ,70 1 ,42 5 ,79 3
52870 3159.000000 2266.500000 ,10 4 ,86 2 ,75 5 ,84 2 ,60 1
62905 3195.000000 2245.500000 ,48 1 ,52 1 ,95 5 ,97 3 ,96 4 ,43 2
63784 3178.500000 2298.000000 ,66 4 ,91 1 ,18 1
71812 3192.000000 2256.000000 ,43 4 ,72 1 ,2 4 ,79 3 ,87 2
72867 3172.500000 2254.500000 ,49 5
74258 3177.000000 2292.000000 ,74 3 ,44 2 ,47 5 ,13 5
80257 3154.500000 2295.000000 ,74 5 ,48 2 ,15 5 ,84 3 ,8 5
80870 3192.000000 2251.500000 ,40 5 ,6 2 ,19 4 ,82 1 ,94 4
82781 3166.500000 2260.500000 ,75 2 ,21 4
89234 3174.000000 2245.500000 ,44 3 ,46 2 ,5 1 ,10 3 ,23 1
92715 3193.500000 2281.500000 ,67 5 ,1 5 ,57 4 ,13 4 ,97 2
93464 3147.000000 2263.500000 ,93 5 ,90 4 ,80 4 ,37 4 ,11 5
96092 3145.500000 2271.000000 ,25 4 ,8 2 ,14 4 ,72 2 ,9 1 ,24 4
