16339 1945.500000 321.000000 ,62 2 ,97 4 ,93 1 ,42 4 ,34 5
16711 1938.000000 327.000000 ,81 4 ,29 3 ,84 1 ,93 2 ,67 4
27220 1914.000000 322.500000 ,41 4 ,46 4 ,90 5 ,40 5 ,36 2 ,39 5
32655 1905.000000 315.000000 ,22 2 ,1 4
40665 1903.500000 310.500000 ,43 3 ,63 1 ,35 1 ,42 4 ,97 1 ,6 3
41322 1893.000000 327.000000 ,25 1 ,57 1 ,77 5
45720 1948.500000 312.000000 ,80 1 ,72 3 ,31 5 ,15 2 ,29 4
50413 1918.500000 322.500000 ,82 4 ,20 5 ,70 3
56918 1896.000000 307.500000 ,88 2 ,46 2 ,36 1 ,78 2 ,47 1
58084 1912.500000 306.000000 ,26 4 ,88 4
58332 1930.500000 318.000000 ,34 4 ,78 2 ,59 1
58513 1939.500000 325.500000 ,55 4
65029 1906.500000 312.000000 ,18 1 ,26 5 ,36 1
68957 1906.500000 315.000000 ,56 2
72061 1899.000000 304.500000 ,80 5 ,30 5 ,50 5 ,28 3 ,55 4 ,92 3
77824 1944.000000 313.500000 ,77 4
82724 1921.500000 312.000000 ,19 5 ,20 1 ,57 3 ,46 3
83690 1924.500000 309.000000 ,48 1 ,89 2 ,33 1 ,86 2 ,39 2 ,9 4
87173 1906.500000 327.000000 ,65 4 ,10 1 ,13 1
92789 1939.500000 315.000000 ,96 1 ,71 5 ,13 4 ,85 1
97840 1897.500000 310.500000 ,59 2 ,87 3 ,58 4 ,92 1 ,86 1 ,37 4
97896 1923.000000 303.000000 ,82 1 ,92 5 ,1 2 ,7 3
