2653 3625.500000 997.500000 ,56 1 ,84 1 ,33 3 ,16 3 ,17 4
7666 3568.500000 1024.500000 ,3 5 ,67 1 ,63 1
8783 3636.000000 1026.000000 ,37 4 ,18 2 ,13 5 ,8 5 ,92 3 ,65 2
15092 3543.000000 1038.000000 ,75 4
15706 3589.500000 1015.500000 ,66 2
17836 3607.500000 996.000000 ,75 1 ,30 3 ,1 2
20344 3622.500000 1017.000000 ,57 5 ,31 5 ,53 3 ,70 4
21220 3589.500000 1005.000000 ,29 1 ,93 4 ,66 3 ,97 4 ,48 1
24872 3558.000000 1039.500000 ,25 2 ,97 5 ,87 2 ,33 5 ,39 5 ,11 2
25449 3564.000000 1012.500000 ,57 5
28617 3631.500000 1012.500000 ,53 1
31065 3546.000000 1030.500000 ,32 4 ,75 5 ,78 1 ,36 1 ,62 4 ,92 1
32103 3564.000000 1017.000000 ,74 2 ,70 5
43584 3553.500000 993.000000 ,67 3
46374 3541.500000 1036.500000 ,94 2 ,91 1 ,62 4 ,8 2 ,31 2
48987 3559.500000 1009.500000 ,20 3 ,76 4 ,9 4 ,97 4 ,32 3 ,40 2
53043 3574.500000 993.000000 ,44 4 ,39 4 ,0 4 ,80 2 ,9 4
60930 3547.500000 1026.000000 ,4 4 ,16 2 ,57 3 ,99 2
62173 3636.000000 1023.000000 ,31 3 ,13 5 ,35 4 ,10 3
63161 3624.000000 1038.000000 ,81 2 ,55 4 ,40 4
63973 3541.500000 1006.500000 ,75 3 ,2 3 ,7 4 ,56 2
64538 3583.500000 994.500000 ,14 1 ,65 3
70187 3568.500000 1017.000000 ,7 4 ,67 2 ,83 2 ,46 3
72203 3561.000000 1009.500000 ,7 2 ,22 2 ,68 3 ,26 5 ,79 3 ,38 2
72812 3585.000000 1029.000000 ,7 3 ,52 1
75744 3561.000000 1003.500000 ,87 3 ,41 5 ,12 5
79409 3609.000000 1014.000000 ,12 3 ,93 3
86152 3627.000000 999.000000 ,64 3 ,43 4
90395 3568.500000 990.000000 ,39 2 ,29 4 ,87 1 ,51 4
90726 3603.000000 1003.500000 ,77 1 ,69 2
91191 3627.000000 1017.000000 ,67 3 ,66 4 ,84 4 ,9 3 ,47 1 ,40 1
92266 3579.000000 1000.500000 ,99 4 ,8 1
94333 3547.500000 1005.000000 ,78 1 ,17 3
94749 3583.500000 993.000000 ,47 3
96445 3576.000000 1009.500000 ,0 3 ,18 3 ,65 4 ,13 1
96998 3610.500000 999.000000 ,50 2 ,56 2 ,37 1 ,93 1 ,5 4 ,87 5
98328 3564.000000 1038.000000 ,52 2 ,12 1
99675 3637.500000 1023.000000 ,8 4 ,28 4 ,20 3 ,3 5 ,54 5 ,82 1
