1597 325.500000 2743.500000 ,84 1 ,72 5 ,97 5 ,91 5
4098 294.000000 2695.500000 ,70 1
7492 336.000000 2743.500000 ,8 5 ,38 1
9038 345.000000 2686.500000 ,9 5 ,56 2 ,67 2
13672 327.000000 2740.500000 ,93 2 ,14 3 ,23 3 ,80 3 ,97 1 ,77 2
13889 279.000000 2730.000000 ,91 2 ,65 5 ,68 5
17313 337.500000 2739.000000 ,28 3 ,88 5 ,18 1 ,43 2
17917 339.000000 2745.000000 ,80 5 ,79 2 ,66 2 ,50 4 ,72 2 ,43 3
18875 288.000000 2683.500000 ,49 3 ,73 2 ,14 5 ,89 1 ,29 5
20320 304.500000 2733.000000 ,35 2 ,98 2 ,61 1 ,23 1 ,18 1
22242 331.500000 2713.500000 ,85 1 ,97 1 ,80 1 ,96 1 ,89 5
28075 294.000000 2713.500000 ,73 1 ,63 4 ,83 1
28962 309.000000 2722.500000 ,9 5 ,68 5 ,64 5 ,75 4 ,96 4
37792 324.000000 2734.500000 ,1 3
44484 334.500000 2739.000000 ,16 1 ,2 1
48312 279.000000 2680.500000 ,9 1 ,80 5 ,72 2 ,75 2 ,87 1 ,52 1
48579 288.000000 2725.500000 ,71 4 ,12 1 ,32 2 ,90 4 ,97 3
49538 286.500000 2691.000000 ,36 3 ,44 2 ,34 5 ,32 3 ,78 2 ,56 4
50179 328.500000 2730.000000 ,98 5 ,20 1
55609 286.500000 2680.500000 ,41 3 ,76 2
57301 316.500000 2709.000000 ,43 1 ,66 5 ,29 3 ,32 1
58715 288.000000 2701.500000 ,50 1
58936 337.500000 2739.000000 ,79 3 ,83 3 ,28 3 ,77 5
63154 330.000000 2730.000000 ,78 1 ,90 1
66066 283.500000 2695.500000 ,4 1
72247 321.000000 2710.500000 ,38 2 ,92 5 ,76 5 ,14 4
74327 345.000000 2734.500000 ,43 4 ,42 5 ,39 4 ,20 5 ,48 3 ,54 1
75419 270.000000 2683.500000 ,43 2 ,39 2 ,65 1 ,81 4 ,24 3 ,18 5
77968 297.000000 2691.000000 ,30 3 ,3 4 ,54 2
81189 315.000000 2713.500000 ,82 2 ,10 5 ,21 4 ,74 3 ,51 1 ,22 5
95508 309.000000 2716.500000 ,39 5 ,84 4 ,29 1 ,62 2 ,2 5 ,57 3
