4799 3777.000000 49.500000 ,67 4 ,25 5 ,85 2 ,29 5 ,34 1
8082 3774.000000 37.500000 ,8 5 ,37 4
29734 3705.000000 7.500000 ,81 2 ,85 3 ,78 5 ,48 4 ,12 3 ,97 3
31476 3772.500000 69.000000 ,94 2 ,26 2
31542 3717.000000 9.000000 ,97 3
33552 3700.500000 64.500000 ,48 3 ,43 2
36195 3703.500000 51.000000 ,86 3
38274 3769.500000 57.000000 ,60 4 ,95 4 ,97 4
40738 3768.000000 46.500000 ,30 1 ,49 2
43293 3765.000000 78.000000 ,84 3 ,12 5
43714 3754.500000 73.500000 ,16 5 ,65 2 ,93 1
49033 3691.500000 21.000000 ,61 4
49380 3720.000000 36.000000 ,4 1 ,57 2 ,11 3 ,61 1
53147 3775.500000 21.000000 ,28 3 ,53 5 ,48 1
57406 3780.000000 76.500000 ,63 4 ,34 4 ,15 1 ,27 4 ,0 3 ,16 4
59954 3784.500000 55.500000 ,25 3 ,78 3 ,30 5 ,46 2 ,17 3
64700 3781.500000 70.500000 ,19 2 ,43 1 ,42 2
73838 3783.000000 33.000000 ,42 3 ,67 5 ,39 2
79044 3780.000000 55.500000 ,7 1 ,51 5 ,17 3 ,85 4 ,43 5 ,29 1
85746 3736.500000 19.500000 ,97 5 ,87 3 ,13 3 ,6 2 ,36 4
86907 3783.000000 67.500000 ,87 1 ,41 3 ,95 5
94995 3765.000000 3.000000 ,66 5 ,13 2 ,30 5 ,82 1 ,38 3 ,9 1
95554 3738.000000 16.500000 ,89 2 ,36 1 ,40 5
96625 3714.000000 73.500000 ,30 1 ,62 1
