8438 1545.000000 2386.500000 ,17 4 ,64 4 ,75 3
12709 1555.500000 2401.500000 ,16 3 ,80 3
16982 1546.500000 2451.000000 ,91 2 ,78 1 ,11 5 ,41 4 ,50 4 ,84 2
18892 1564.500000 2398.500000 ,89 2
30843 1540.500000 2388.000000 ,94 3 ,45 2 ,51 3 ,77 1 ,37 5
42290 1549.500000 2398.500000 ,66 1 ,2 2 ,71 2 ,18 5
42569 1542.000000 2398.500000 ,80 4 ,51 2 ,58 3 ,41 2 ,19 2 ,37 5
43043 1531.500000 2433.000000 ,19 3 ,3 4 ,80 3 ,44 4 ,31 4 ,50 2
43860 1531.500000 2418.000000 ,93 2 ,60 1 ,34 4 ,32 5
47831 1558.500000 2440.500000 ,95 4 ,86 1 ,96 2 ,8 3 ,99 3 ,60 3
47969 1567.500000 2383.500000 ,43 1 ,64 2 ,91 5 ,78 2
50136 1564.500000 2424.000000 ,64 1
57876 1569.000000 2421.000000 ,48 1 ,76 3 ,73 4
58097 1531.500000 2370.000000 ,36 3 ,71 5 ,52 4
59471 1563.000000 2431.500000 ,87 1 ,32 1 ,37 5 ,84 2 ,79 4
63207 1537.500000 2395.500000 ,81 4 ,99 2
64068 1564.500000 2446.500000 ,68 5 ,96 2
73630 1545.000000 2446.500000 ,81 5 ,14 5 ,96 5 ,27 5 ,52 4 ,45 3
76688 1555.500000 2446.500000 ,60 2 ,20 4 ,38 5 ,42 5
81511 1569.000000 2365.500000 ,18 4 ,4 4
93315 1549.500000 2439.000000 ,48 2 ,19 2 ,60 3 ,4 4 ,55 2 ,61 2
94203 1569.000000 2407.500000 ,41 1 ,0 5
96471 1537.500000 2446.500000 ,38 3 ,15 2 ,35 5 ,99 1 ,83 2
96721 1530.000000 2400.000000 ,16 1 ,98 5 ,87 3 ,30 1 ,33 4
98595 1539.000000 2373.000000 ,25 5 ,58 3 ,85 2 ,20 5 ,65 2 ,71 5
