2586 4344.000000 24.000000 ,14 3 ,55 3 ,17 1 ,41 1
3545 4383.000000 4.500000 ,80 5 ,30 2
4849 4378.500000 1.500000 ,27 3 ,12 4 ,0 1 ,40 4 ,64 4 ,94 2
11621 4387.500000 60.000000 ,2 5
11654 4357.500000 46.500000 ,15 2 ,94 4
14413 4353.000000 25.500000 ,62 4 ,10 3 ,49 5 ,88 1 ,75 2
16365 4326.000000 27.000000 ,21 3 ,68 5 ,45 2 ,15 2 ,17 3
19959 4362.000000 49.500000 ,23 4 ,30 2 ,79 3 ,22 5 ,50 4
32821 4392.000000 30.000000 ,25 5 ,56 1 ,45 4 ,75 5 ,78 3 ,99 5
34173 4378.500000 18.000000 ,53 2 ,21 4 ,76 5
37260 4338.000000 12.000000 ,97 1 ,81 1 ,32 3 ,56 4
38469 4371.000000 55.500000 ,37 1
46389 4383.000000 31.500000 ,82 3 ,78 4 ,41 4
46562 4384.500000 4.500000 ,17 1 ,79 4 ,70 3 ,45 1
56366 4345.500000 30.000000 ,43 4
56445 4348.500000 1.500000 ,49 4 ,55 3 ,65 4 ,53 4 ,99 4
60446 4341.000000 36.000000 ,99 5
61108 4360.500000 19.500000 ,1 5 ,88 2 ,90 4 ,47 3
65821 4357.500000 46.500000 ,6 3
66513 4330.500000 43.500000 ,18 4 ,64 2 ,29 3
68259 4386.000000 19.500000 ,38 4 ,4 4 ,39 3 ,86 2
69358 4323.000000 60.000000 ,36 2 ,56 2 ,20 1
80546 4380.000000 39.000000 ,15 2 ,68 1 ,46 1 ,42 5 ,90 2
86800 4372.500000 7.500000 ,64 3 ,84 2 ,45 4
88044 4390.500000 0.000000 ,18 5 ,28 4 ,56 5 ,1 2 ,97 3
88283 4339.500000 7.500000 ,12 5 ,72 5 ,66 4 ,22 5
89816 4392.000000 9.000000 ,67 1 ,62 3
91724 4329.000000 36.000000 ,6 5 ,35 3 ,26 4 ,96 2 ,72 3
95955 4350.000000 63.000000 ,20 3 ,65 5 ,14 2 ,93 3 ,46 4
96509 4359.000000 27.000000 ,33 3
