306 1921.500000 837.000000 ,76 5 ,39 4 ,14 2 ,40 1 ,56 1 ,89 5
1772 1969.500000 813.000000 ,6 4
3931 1960.500000 858.000000 ,67 5
8843 1938.000000 837.000000 ,20 1 ,31 2 ,55 4 ,56 4 ,53 1 ,68 3
12154 1969.500000 852.000000 ,17 4 ,43 1 ,26 3
13731 1974.000000 813.000000 ,99 2 ,13 2 ,74 3 ,95 4 ,0 1
25170 1963.500000 813.000000 ,81 2 ,58 4 ,93 4 ,15 4 ,9 1 ,94 5
25443 1921.500000 831.000000 ,38 2 ,14 5 ,15 1 ,12 5
44512 1911.000000 828.000000 ,81 1 ,77 4 ,23 4
48019 1935.000000 840.000000 ,36 5 ,48 5 ,71 1
50348 1969.500000 856.500000 ,0 1 ,97 5 ,17 5
54127 1977.000000 843.000000 ,5 1
55782 1914.000000 847.500000 ,56 2 ,67 2 ,34 4 ,90 5 ,6 4 ,31 2
71888 1965.000000 813.000000 ,23 5 ,20 1 ,72 4 ,67 1
73174 1989.000000 832.500000 ,91 2
74880 1927.500000 847.500000 ,31 4 ,64 5 ,3 3 ,49 4
76462 1942.500000 843.000000 ,47 1 ,95 2 ,88 4 ,62 2 ,51 3
85394 1936.500000 852.000000 ,20 2 ,41 3 ,87 2
88133 1921.500000 816.000000 ,93 3 ,77 4 ,49 1 ,36 1 ,73 5 ,98 5
90847 1938.000000 831.000000 ,27 5 ,26 5 ,1 1 ,39 4 ,20 1 ,50 2
92235 1969.500000 850.500000 ,39 1 ,12 2 ,8 4 ,73 4 ,87 5
92421 1914.000000 844.500000 ,14 3 ,8 5 ,78 1 ,4 5 ,28 2 ,80 5
95759 1941.000000 826.500000 ,1 5 ,73 3 ,74 1 ,68 2
99180 1926.000000 820.500000 ,34 2 ,28 1 ,82 4
