2648 52.500000 2280.000000 ,45 1 ,20 4
2937 25.500000 2292.000000 ,89 5 ,68 1
3584 24.000000 2254.500000 ,22 3 ,57 4 ,89 3
4999 58.500000 2268.000000 ,24 3 ,84 3 ,73 4
11910 70.500000 2284.500000 ,86 1 ,98 4 ,66 5 ,37 2
12503 24.000000 2233.500000 ,16 5
16291 10.500000 2290.500000 ,99 4 ,44 3 ,84 4 ,18 2 ,34 1
16899 6.000000 2259.000000 ,95 1 ,90 1 ,41 3 ,83 1
21382 55.500000 2287.500000 ,98 4 ,13 2 ,28 1 ,95 4
23497 39.000000 2260.500000 ,45 3 ,41 2 ,46 2 ,80 5 ,92 5
23988 51.000000 2275.500000 ,2 3
30765 46.500000 2239.500000 ,51 4 ,45 3 ,4 1 ,12 5 ,98 3 ,75 4
33629 69.000000 2245.500000 ,39 5 ,4 2 ,26 1 ,53 5 ,58 3 ,19 3
33680 72.000000 2286.000000 ,86 1 ,69 2
40379 69.000000 2266.500000 ,5 2
43020 10.500000 2292.000000 ,86 2 ,35 3 ,51 5
47037 60.000000 2223.000000 ,17 2 ,22 3 ,33 1 ,87 3 ,53 3 ,2 1
48085 52.500000 2268.000000 ,57 4 ,80 1 ,48 1
48691 42.000000 2287.500000 ,39 4 ,7 3 ,8 5 ,44 2 ,27 5
49211 48.000000 2260.500000 ,22 1
52886 72.000000 2280.000000 ,32 5 ,64 5 ,4 1 ,22 1 ,84 2 ,26 5
57337 30.000000 2268.000000 ,35 3 ,96 5 ,73 2 ,22 5 ,1 4 ,77 5
63091 72.000000 2284.500000 ,80 3
63833 30.000000 2239.500000 ,59 3 ,55 1 ,23 5 ,80 1 ,15 5 ,30 2
63911 76.500000 2289.000000 ,29 4
68890 27.000000 2229.000000 ,64 5 ,41 4 ,25 1 ,44 2 ,27 4 ,28 3
69679 13.500000 2293.500000 ,52 3 ,25 5
73483 43.500000 2286.000000 ,73 5 ,38 4 ,24 3 ,15 2 ,98 2 ,87 5
74618 79.500000 2239.500000 ,51 4 ,73 4 ,27 1 ,9 4
75941 66.000000 2235.000000 ,33 5 ,0 3 ,37 2 ,43 4 ,30 1 ,50 3
79171 39.000000 2257.500000 ,96 4 ,12 2
79590 51.000000 2235.000000 ,43 3 ,49 5 ,81 5 ,69 3 ,23 1
86036 18.000000 2268.000000 ,50 5 ,79 2 ,30 1 ,88 5
87379 10.500000 2292.000000 ,44 2 ,68 2
89043 54.000000 2244.000000 ,96 3 ,66 5 ,36 4 ,81 4 ,17 4 ,8 3
89055 75.000000 2256.000000 ,38 1 ,53 3
94251 57.000000 2250.000000 ,43 5 ,38 1 ,50 1 ,82 2 ,47 1 ,90 3
96537 78.000000 2245.500000 ,6 5 ,68 3
97145 60.000000 2278.500000 ,63 4 ,39 2 ,65 3 ,48 2 ,23 4 ,57 3
99201 40.500000 2224.500000 ,95 4 ,68 2
