4173 2191.500000 2067.000000 ,81 3 ,23 1 ,74 5
4813 2190.000000 2061.000000 ,81 2 ,46 2 ,47 2 ,67 3 ,45 3
9776 2199.000000 2043.000000 ,4 4 ,64 2 ,96 4 ,71 5 ,87 5 ,44 2
18820 2184.000000 2049.000000 ,23 1 ,9 5 ,85 5 ,46 3 ,58 2
26913 2188.500000 2056.500000 ,97 2 ,33 4 ,53 4 ,98 1
30889 2184.000000 2038.500000 ,40 5
33198 2169.000000 2074.500000 ,21 4 ,5 4 ,91 5 ,35 3 ,72 1 ,67 1
35527 2173.500000 2038.500000 ,35 2 ,67 1 ,20 4
38640 2175.000000 2071.500000 ,56 5 ,39 4 ,10 5 ,83 1
40878 2172.000000 2067.000000 ,94 4 ,30 1 ,58 4 ,42 2
41374 2196.000000 2076.000000 ,39 5 ,81 2 ,11 5 ,85 4
49842 2175.000000 2062.500000 ,5 5
54229 2184.000000 2065.500000 ,2 5
61786 2164.500000 2086.500000 ,42 2 ,38 2 ,61 5
63804 2170.500000 2073.000000 ,94 1
66794 2161.500000 2077.500000 ,70 2 ,69 1 ,65 1 ,26 1 ,29 2 ,25 4
70585 2191.500000 2077.500000 ,78 4
72134 2149.500000 2083.500000 ,27 4 ,57 4 ,50 1 ,51 4 ,76 1 ,38 3
79823 2190.000000 2079.000000 ,75 5 ,65 5 ,46 3
82166 2148.000000 2044.500000 ,6 1 ,1 2 ,61 3 ,50 5
82427 2155.500000 2043.000000 ,35 3 ,69 3 ,6 4 ,13 3
87449 2164.500000 2052.000000 ,0 2 ,1 4
94853 2172.000000 2065.500000 ,54 1 ,75 4 ,19 5
97139 2155.500000 2064.000000 ,32 1 ,35 4
