11435 4155.000000 927.000000 ,70 1 ,76 5 ,28 5 ,99 3
13869 4171.500000 957.000000 ,94 2 ,32 1 ,42 5 ,8 5
17581 4161.000000 933.000000 ,51 5 ,28 1 ,1 3 ,82 2
26870 4134.000000 954.000000 ,63 2 ,71 5 ,38 4
36300 4167.000000 949.500000 ,85 5 ,57 1 ,73 3
40832 4146.000000 937.500000 ,48 3 ,6 2 ,80 1
43711 4134.000000 907.500000 ,43 5
48478 4159.500000 916.500000 ,33 5 ,43 4 ,70 4 ,41 1 ,54 1
51522 4153.500000 925.500000 ,78 4
53138 4144.500000 906.000000 ,50 3
65339 4161.000000 946.500000 ,8 1 ,2 5 ,31 2 ,69 1 ,21 4
69328 4150.500000 952.500000 ,56 1 ,4 3 ,25 2 ,65 1 ,36 5
73551 4162.500000 927.000000 ,33 5 ,47 4
80046 4158.000000 957.000000 ,32 1
81997 4135.500000 928.500000 ,67 4 ,50 1 ,14 2 ,69 3
84111 4138.500000 922.500000 ,6 4 ,52 3
86968 4164.000000 934.500000 ,3 5 ,4 4
87016 4132.500000 921.000000 ,83 4 ,30 1 ,38 2 ,98 1
90369 4131.000000 942.000000 ,90 4 ,61 5
91219 4171.500000 945.000000 ,51 4 ,9 4 ,34 3
98269 4138.500000 955.500000 ,28 4 ,50 1 ,63 3 ,71 3 ,13 2
