2076 1339.500000 1738.500000 ,48 3 ,30 3 ,55 4 ,80 4
3033 1326.000000 1755.000000 ,31 4 ,62 4 ,36 1 ,47 2 ,11 3 ,23 4
6394 1305.000000 1752.000000 ,44 4 ,22 4 ,47 2 ,50 4 ,0 2
6438 1329.000000 1764.000000 ,70 3 ,39 1 ,11 5 ,85 4 ,5 2
9672 1299.000000 1774.500000 ,9 1 ,94 5 ,80 3 ,6 1 ,71 4 ,39 4
13013 1348.500000 1756.500000 ,97 4 ,68 5 ,82 5 ,60 2 ,91 1
17991 1327.500000 1729.500000 ,66 4 ,13 4 ,29 1
18401 1344.000000 1779.000000 ,9 5 ,18 5 ,12 2 ,41 4
24413 1288.500000 1752.000000 ,75 4
24651 1308.000000 1753.500000 ,23 5 ,20 2 ,76 3 ,52 5 ,24 5
37409 1351.500000 1767.000000 ,1 2 ,60 2 ,63 3 ,94 4
37485 1335.000000 1740.000000 ,30 4
38462 1321.500000 1732.500000 ,91 4 ,54 1 ,13 1 ,96 1 ,15 3 ,59 2
40622 1302.000000 1765.500000 ,94 3 ,90 3 ,4 4 ,24 5 ,22 1 ,88 1
42529 1287.000000 1786.500000 ,30 3 ,7 5 ,59 5
45795 1320.000000 1737.000000 ,47 4 ,5 5 ,36 2 ,25 1 ,77 5 ,91 1
50418 1309.500000 1765.500000 ,96 3 ,86 4 ,92 2 ,0 3 ,90 5
50703 1345.500000 1744.500000 ,50 5 ,37 2 ,24 5 ,34 3 ,7 3
58338 1318.500000 1752.000000 ,16 2 ,22 2 ,45 5 ,91 4 ,68 3
58651 1336.500000 1773.000000 ,55 1 ,20 4 ,29 3 ,43 5 ,54 3 ,53 2
62721 1294.500000 1744.500000 ,47 5 ,68 5 ,12 2 ,39 4 ,51 3
65612 1300.500000 1768.500000 ,87 1 ,79 4
65913 1327.500000 1764.000000 ,57 4 ,60 2 ,83 3 ,27 3 ,49 1 ,75 1
66137 1279.500000 1783.500000 ,52 4 ,70 3 ,66 2 ,6 1
67397 1284.000000 1779.000000 ,52 4 ,20 5
67952 1347.000000 1785.000000 ,24 5
69180 1342.500000 1734.000000 ,74 2 ,42 5 ,24 2
71241 1320.000000 1770.000000 ,44 4 ,61 2 ,81 3 ,89 3
72453 1309.500000 1776.000000 ,10 5 ,34 3
76394 1344.000000 1735.500000 ,41 3 ,51 5 ,3 5 ,67 1 ,99 2
77653 1279.500000 1774.500000 ,42 2 ,93 4 ,28 1 ,37 4 ,39 3
89236 1276.500000 1749.000000 ,36 2 ,60 1 ,68 2 ,3 3 ,53 5 ,22 5
92043 1303.500000 1734.000000 ,6 2 ,61 3 ,91 5 ,88 5 ,83 4
93534 1287.000000 1732.500000 ,91 5 ,30 3
95412 1344.000000 1732.500000 ,90 1 ,24 1
96617 1323.000000 1741.500000 ,55 4 ,73 3 ,93 4 ,84 3 ,13 1 ,21 5
99849 1347.000000 1780.500000 ,25 4 ,28 1 ,29 3 ,4 2 ,75 1
