2572 1624.500000 375.000000 ,16 3 ,83 1 ,94 4 ,95 5
4016 1633.500000 372.000000 ,54 4 ,22 1 ,4 1 ,51 2 ,40 2
6545 1680.000000 343.500000 ,82 1 ,45 4 ,72 2 ,46 3 ,41 5
7056 1629.000000 346.500000 ,2 2 ,35 1 ,76 3 ,42 5 ,28 4
10333 1624.500000 364.500000 ,99 3 ,98 2
14329 1675.500000 333.000000 ,0 3
15818 1672.500000 360.000000 ,84 5 ,30 3 ,7 3 ,85 1
17194 1650.000000 352.500000 ,37 4 ,61 4 ,38 5 ,12 1 ,46 1 ,54 2
22944 1624.500000 348.000000 ,66 5 ,26 4
24210 1686.000000 343.500000 ,99 3 ,1 4 ,91 1 ,77 2 ,98 3
25120 1663.500000 352.500000 ,48 5 ,23 2 ,63 2 ,86 3 ,32 4
26254 1681.500000 361.500000 ,26 5 ,12 5 ,38 4 ,48 3 ,50 5
26426 1686.000000 345.000000 ,61 3 ,60 2 ,54 4 ,1 3 ,6 1
28961 1666.500000 372.000000 ,49 2
29359 1674.000000 361.500000 ,42 1 ,74 3
43790 1636.500000 330.000000 ,71 3 ,39 5 ,95 3 ,35 4 ,9 4 ,55 1
47521 1678.500000 361.500000 ,18 2 ,63 3 ,22 4 ,41 2 ,71 1
47863 1680.000000 334.500000 ,38 2 ,76 1 ,4 5 ,46 1
50606 1654.500000 333.000000 ,14 1
52012 1632.000000 364.500000 ,50 2 ,10 5
64352 1668.000000 366.000000 ,94 1 ,19 1 ,68 3
69102 1626.000000 327.000000 ,9 3 ,4 3
71038 1663.500000 363.000000 ,54 5
73302 1633.500000 340.500000 ,49 2
73957 1657.500000 363.000000 ,91 1 ,62 3 ,9 3 ,90 4 ,36 5 ,14 3
76753 1653.000000 361.500000 ,71 2 ,1 2
78369 1656.000000 348.000000 ,62 2 ,15 1 ,23 3
82560 1683.000000 363.000000 ,48 4
85017 1654.500000 361.500000 ,86 2 ,80 5
88420 1662.000000 373.500000 ,6 1 ,12 1
90635 1672.500000 358.500000 ,65 3 ,29 5 ,96 4
91857 1677.000000 348.000000 ,44 4 ,42 4 ,7 1 ,49 3 ,92 5
96879 1672.500000 348.000000 ,42 2 ,97 4 ,82 3 ,23 5 ,70 4 ,89 1
