5428 2889.000000 64.500000 ,32 1 ,79 3 ,43 3 ,56 3 ,65 2
5431 2893.500000 13.500000 ,36 3 ,9 1
5610 2926.500000 51.000000 ,12 1 ,0 2 ,85 5 ,47 2 ,10 4
9260 2889.000000 37.500000 ,32 2 ,78 3
10852 2910.000000 48.000000 ,59 5 ,35 5 ,90 2 ,39 4
16394 2925.000000 54.000000 ,44 3
24113 2908.500000 84.000000 ,83 4 ,85 4 ,62 3 ,7 3
27623 2917.500000 31.500000 ,54 5 ,72 4 ,11 1 ,10 2 ,3 4 ,21 2
28044 2913.000000 72.000000 ,61 2 ,98 1
28091 2893.500000 6.000000 ,66 4 ,55 5 ,33 1 ,45 3 ,21 2 ,25 1
29536 2890.500000 82.500000 ,86 4 ,77 3 ,42 1 ,49 1 ,92 2
34068 2919.000000 49.500000 ,91 3 ,90 5
34350 2908.500000 7.500000 ,31 2 ,13 1 ,8 2 ,9 5 ,78 5 ,15 5
36764 2922.000000 60.000000 ,79 2 ,74 3 ,80 3 ,12 1 ,52 3
37408 2901.000000 46.500000 ,89 5 ,56 2 ,77 3 ,7 3 ,11 5 ,78 3
38311 2914.500000 24.000000 ,3 2
41480 2920.500000 12.000000 ,20 4 ,78 2
45696 2913.000000 36.000000 ,42 5 ,39 1 ,48 5 ,4 5 ,16 3 ,58 3
45818 2920.500000 97.500000 ,11 5 ,1 1
48498 2913.000000 27.000000 ,98 3 ,39 4 ,52 4 ,51 1 ,19 1 ,72 2
48826 2904.000000 51.000000 ,49 2 ,23 1 ,71 1 ,85 5 ,26 5 ,70 3
49435 2895.000000 4.500000 ,75 1
49699 2886.000000 61.500000 ,91 5 ,38 2
52866 2917.500000 84.000000 ,5 4 ,2 1 ,68 1 ,48 4 ,26 1 ,4 1
59052 2895.000000 81.000000 ,62 5 ,51 1 ,74 2 ,90 2 ,68 4 ,28 2
61910 2919.000000 7.500000 ,63 4 ,52 2
65918 2932.500000 90.000000 ,49 2 ,66 1 ,82 2 ,74 1 ,90 4
66739 2916.000000 45.000000 ,28 2 ,35 1 ,78 1 ,92 3 ,2 3
71394 2908.500000 87.000000 ,57 1 ,54 3 ,85 1 ,8 5 ,13 3 ,1 3
75647 2923.500000 76.500000 ,36 2 ,97 4 ,23 5 ,21 5
76153 2928.000000 85.500000 ,49 3 ,46 1
83041 2914.500000 1.500000 ,24 4 ,90 3
84596 2887.500000 88.500000 ,91 4 ,83 3 ,14 3 ,13 5
86731 2886.000000 1.500000 ,4 5 ,6 2 ,48 2 ,42 5 ,19 4 ,2 1
89317 2889.000000 87.000000 ,90 4
89392 2917.500000 52.500000 ,87 2 ,49 2 ,78 5 ,95 3 ,38 2 ,24 3
97717 2911.500000 87.000000 ,78 5 ,69 5 ,43 4 ,99 1
