3853 2061.000000 2430.000000 ,86 5 ,74 4 ,60 2 ,25 1 ,53 1
6018 2056.500000 2464.500000 ,90 3 ,58 4
6180 2089.500000 2443.500000 ,87 3 ,38 3 ,73 5 ,72 4 ,74 2
6711 2074.500000 2406.000000 ,78 1 ,26 5 ,74 3
7032 2070.000000 2409.000000 ,95 4 ,88 3
9415 2032.500000 2419.500000 ,65 1 ,46 2
11919 2089.500000 2421.000000 ,2 5 ,38 5 ,77 4 ,82 2 ,19 4 ,95 1
12217 2038.500000 2452.500000 ,55 2 ,22 5 ,52 2
13295 2068.500000 2395.500000 ,30 2 ,12 2 ,79 2 ,49 3
14389 2058.000000 2409.000000 ,82 2 ,94 4 ,16 1 ,48 5
17154 2097.000000 2407.500000 ,20 3 ,87 4 ,50 2
17315 2046.000000 2443.500000 ,91 4
19479 2101.500000 2428.500000 ,5 4 ,52 4 ,57 4 ,32 5 ,50 4 ,4 4
25439 2091.000000 2427.000000 ,48 2 ,37 1 ,42 4 ,2 1 ,49 2 ,82 1
26574 2059.500000 2427.000000 ,69 2 ,2 2
27253 2046.000000 2454.000000 ,27 5 ,91 4 ,74 4 ,93 4 ,42 5 ,39 2
28762 2103.000000 2379.000000 ,82 4 ,92 3 ,29 4 ,43 3
28909 2046.000000 2454.000000 ,98 5 ,33 1 ,2 1 ,40 5
28935 2067.000000 2428.500000 ,88 1 ,41 2 ,79 4
32755 2089.500000 2421.000000 ,68 3 ,66 4 ,35 1 ,12 1
38533 2080.500000 2451.000000 ,55 4 ,45 5 ,83 2 ,70 4
40194 2082.000000 2416.500000 ,61 1 ,77 2 ,96 2 ,42 5 ,28 2 ,50 2
48784 2055.000000 2448.000000 ,9 5 ,69 1 ,21 3 ,10 3 ,12 3
53952 2088.000000 2457.000000 ,23 5 ,73 2 ,52 4 ,39 3 ,56 4 ,25 3
54435 2070.000000 2460.000000 ,72 5 ,84 2 ,24 2
59211 2050.500000 2448.000000 ,80 4
63108 2089.500000 2398.500000 ,61 3 ,97 5 ,88 4
65225 2062.500000 2403.000000 ,56 4 ,2 5 ,75 5 ,59 5 ,78 5
70976 2034.000000 2467.500000 ,90 5 ,67 4 ,2 5 ,57 1 ,62 4 ,78 2
74262 2094.000000 2451.000000 ,39 1 ,61 4 ,74 4
75905 2077.500000 2436.000000 ,78 1 ,62 1 ,36 5 ,44 5 ,15 2
85850 2055.000000 2443.500000 ,98 3 ,71 1 ,9 5 ,8 4 ,63 1 ,95 2
86011 2071.500000 2419.500000 ,62 1 ,81 1 ,45 1 ,86 3 ,91 1 ,55 5
87639 2080.500000 2412.000000 ,0 5 ,81 5 ,27 1 ,56 1
89748 2070.000000 2419.500000 ,36 5 ,89 1 ,85 2 ,26 5
93092 2053.500000 2394.000000 ,82 4 ,27 1 ,93 2 ,5 1
96280 2104.500000 2401.500000 ,93 5 ,31 2 ,62 1 ,89 5
98434 2049.000000 2466.000000 ,9 1 ,82 2 ,29 2 ,64 5
99507 2095.500000 2424.000000 ,99 3
