391 2572.500000 2481.000000 ,67 2 ,76 3 ,21 5 ,61 4
10570 2604.000000 2550.000000 ,84 5 ,32 4 ,30 2 ,73 4 ,33 3
12420 2590.500000 2539.500000 ,22 5 ,59 2 ,28 2 ,41 1 ,67 2 ,39 5
14118 2617.500000 2493.000000 ,39 1
18960 2617.500000 2493.000000 ,62 1
21084 2596.500000 2533.500000 ,43 1 ,58 4 ,16 1 ,86 3 ,61 3 ,11 1
26005 2608.500000 2500.500000 ,58 4 ,27 2 ,83 2 ,0 5 ,54 3
29860 2598.000000 2490.000000 ,47 2 ,53 5 ,70 5 ,65 1 ,18 4 ,83 5
33526 2595.000000 2515.500000 ,27 4 ,9 4
42082 2568.000000 2538.000000 ,50 4 ,79 2
45781 2608.500000 2530.500000 ,70 1 ,46 4 ,69 4 ,34 4 ,12 3 ,50 3
46013 2598.000000 2530.500000 ,47 2
47198 2614.500000 2514.000000 ,51 2
54168 2616.000000 2532.000000 ,24 1 ,35 1 ,53 3 ,33 5
71903 2596.500000 2482.500000 ,57 2 ,70 4 ,17 5 ,82 1 ,80 4 ,91 4
79320 2571.000000 2511.000000 ,20 4 ,61 1 ,1 1 ,85 1 ,43 4 ,48 2
83756 2589.000000 2515.500000 ,27 2 ,21 1
88762 2589.000000 2536.500000 ,87 2 ,3 2
91145 2604.000000 2497.500000 ,23 2 ,48 4 ,67 3 ,39 1
92661 2610.000000 2529.000000 ,10 5 ,37 1 ,25 3 ,45 4 ,68 3 ,28 1
93190 2577.000000 2511.000000 ,24 1 ,50 5 ,39 3 ,3 2
94476 2613.000000 2506.500000 ,8 1 ,91 2 ,54 3 ,52 4 ,33 4 ,76 1
94801 2590.500000 2511.000000 ,0 4 ,47 1
97185 2575.500000 2530.500000 ,79 3 ,73 5 ,30 3 ,64 2
