4871 2896.500000 2059.500000 ,52 1 ,54 2 ,28 5 ,53 2 ,79 2
6158 2895.000000 2016.000000 ,15 2 ,92 4 ,18 4 ,19 1
6303 2884.500000 2043.000000 ,57 5 ,92 2
6478 2922.000000 2034.000000 ,20 1 ,96 3
15735 2925.000000 2040.000000 ,45 5 ,98 1 ,1 4
18081 2931.000000 2059.500000 ,94 5 ,42 2 ,48 3 ,32 5
24783 2889.000000 1978.500000 ,41 2 ,80 2 ,30 3 ,68 2
29989 2920.500000 2019.000000 ,64 5 ,84 1 ,15 4 ,38 3
32012 2925.000000 2013.000000 ,19 4
32859 2928.000000 2059.500000 ,12 5 ,57 4 ,38 1 ,17 3
34244 2917.500000 2031.000000 ,25 5
34466 2889.000000 1990.500000 ,55 4 ,83 3
42208 2895.000000 1999.500000 ,35 1 ,22 1 ,83 1
43092 2937.000000 2019.000000 ,19 2 ,31 2 ,10 1 ,29 3 ,36 2
44658 2889.000000 1980.000000 ,98 1 ,28 5 ,15 5 ,75 5 ,22 5
48287 2929.500000 2053.500000 ,74 2 ,47 4 ,78 1 ,73 1 ,96 2
48429 2904.000000 2025.000000 ,88 4
54092 2884.500000 2034.000000 ,65 3 ,2 2 ,51 5 ,15 4
57056 2880.000000 2059.500000 ,57 1 ,55 1 ,76 3 ,53 4
60334 2937.000000 2023.500000 ,6 5 ,14 4
63139 2911.500000 1992.000000 ,43 3 ,45 1 ,42 3 ,15 1
64335 2907.000000 2025.000000 ,36 3 ,59 5
64642 2902.500000 2026.500000 ,69 4 ,91 4 ,66 5 ,99 4 ,8 5 ,54 5
67651 2932.500000 2050.500000 ,23 5 ,29 5 ,45 1 ,27 4 ,85 4 ,24 1
67877 2895.000000 1971.000000 ,34 1 ,51 2
68215 2881.500000 1987.500000 ,96 5 ,31 5
69004 2934.000000 1971.000000 ,31 1
70171 2935.500000 2011.500000 ,69 5 ,36 3
72564 2922.000000 2059.500000 ,40 3 ,41 2 ,3 4
73713 2889.000000 2017.500000 ,26 5 ,3 2 ,40 2 ,53 1
77161 2937.000000 1986.000000 ,38 2 ,79 1 ,98 2 ,95 1 ,67 4
77476 2902.500000 2020.500000 ,25 2
83773 2889.000000 2047.500000 ,25 5 ,52 4 ,94 4 ,48 4
88472 2913.000000 1978.500000 ,39 3
92510 2890.500000 2043.000000 ,67 3 ,2 4
96532 2914.500000 1977.000000 ,80 3 ,39 5 ,16 4 ,5 5 ,70 1
98046 2914.500000 1999.500000 ,16 4 ,60 1
