1728 2587.500000 453.000000 ,40 1 ,43 2 ,60 5 ,48 4 ,67 1 ,37 2
3760 2587.500000 447.000000 ,52 3 ,90 4 ,63 4 ,69 5 ,18 5 ,74 2
6198 2584.500000 481.500000 ,44 4 ,6 2
8105 2577.000000 478.500000 ,26 1 ,70 3 ,42 1
8763 2569.500000 484.500000 ,0 1 ,35 2 ,34 1 ,91 4
12698 2559.000000 444.000000 ,52 5 ,32 2 ,98 2
15195 2589.000000 441.000000 ,47 5 ,0 3 ,76 2 ,53 5
21219 2562.000000 436.500000 ,1 1 ,28 1 ,45 4 ,18 1
27566 2583.000000 487.500000 ,61 2 ,20 5 ,70 2 ,11 1 ,58 1 ,96 2
28646 2574.000000 445.500000 ,7 4 ,11 1 ,44 4 ,56 1 ,60 1
31503 2551.500000 448.500000 ,42 3 ,67 5 ,17 3 ,68 1 ,87 5
34470 2571.000000 483.000000 ,60 4 ,71 5 ,72 5 ,97 1 ,42 4 ,69 3
41595 2586.000000 451.500000 ,89 5 ,74 3 ,22 2 ,23 5 ,41 2 ,79 4
43264 2572.500000 453.000000 ,32 4
48513 2550.000000 444.000000 ,7 2 ,21 2 ,81 4 ,77 1 ,13 5
50325 2557.500000 438.000000 ,1 3 ,29 2 ,15 4
51177 2578.500000 477.000000 ,57 1 ,87 1 ,95 5 ,45 4 ,22 4
51774 2545.500000 451.500000 ,8 4 ,27 4 ,93 1 ,13 2 ,58 2
60698 2581.500000 462.000000 ,22 4 ,86 5 ,70 1 ,51 1 ,15 1
68342 2572.500000 436.500000 ,37 4
68516 2545.500000 477.000000 ,89 5 ,42 2 ,44 4 ,17 3 ,66 3 ,99 5
68632 2554.500000 462.000000 ,30 5 ,61 4 ,44 4 ,39 2
72528 2566.500000 457.500000 ,19 3 ,34 1 ,50 2 ,54 1
80303 2557.500000 445.500000 ,69 1 ,46 5
85958 2590.500000 484.500000 ,21 1 ,17 4 ,31 1 ,36 5
91063 2574.000000 472.500000 ,35 4
92495 2560.500000 453.000000 ,19 3 ,75 1
