313 927.000000 1734.000000 ,38 5 ,20 3 ,73 4 ,71 3 ,41 3 ,40 4
1161 939.000000 1711.500000 ,90 2 ,20 5 ,6 5
1793 936.000000 1725.000000 ,63 2
11724 922.500000 1744.500000 ,94 2 ,43 3 ,80 5 ,71 1 ,25 2 ,70 5
16234 931.500000 1734.000000 ,26 3 ,28 4 ,43 1
16475 913.500000 1704.000000 ,28 2 ,73 1
21016 940.500000 1762.500000 ,86 5 ,76 4 ,90 4 ,58 5 ,40 2
28967 955.500000 1746.000000 ,68 4
31998 925.500000 1729.500000 ,97 3 ,83 4 ,65 1
37136 939.000000 1699.500000 ,52 1 ,94 1 ,30 5 ,90 3 ,56 2
38600 930.000000 1713.000000 ,74 2 ,92 3 ,40 5 ,71 3
43739 940.500000 1726.500000 ,44 5 ,15 1 ,83 3 ,68 5
43802 927.000000 1684.500000 ,66 2 ,55 2
45073 946.500000 1692.000000 ,44 5 ,54 1 ,82 1 ,88 1
45776 939.000000 1746.000000 ,70 1
46199 951.000000 1743.000000 ,82 5 ,18 4 ,47 1 ,24 1 ,2 1 ,61 1
51158 912.000000 1738.500000 ,61 1 ,50 5 ,84 3 ,11 1
57167 912.000000 1696.500000 ,50 1 ,27 2
60231 916.500000 1722.000000 ,40 1 ,51 5 ,87 2 ,10 4
73937 937.500000 1761.000000 ,20 4 ,18 3 ,39 5 ,85 1 ,69 4 ,74 5
74856 948.000000 1731.000000 ,96 3 ,35 4 ,41 5 ,92 2
75865 921.000000 1756.500000 ,55 1 ,64 5 ,93 5
77289 916.500000 1746.000000 ,84 4 ,34 4
87924 910.500000 1702.500000 ,71 1 ,42 5 ,12 2 ,15 5 ,17 4
89327 951.000000 1743.000000 ,6 1
96611 948.000000 1705.500000 ,7 3
97013 921.000000 1755.000000 ,51 1 ,62 3
99925 910.500000 1701.000000 ,24 5 ,94 5 ,97 2
