3020 1069.500000 16.500000 ,29 2 ,2 3
9078 1065.000000 27.000000 ,47 1 ,44 1
22091 1069.500000 6.000000 ,5 1 ,94 5 ,64 3 ,57 2
23080 1044.000000 27.000000 ,36 1 ,59 1
30522 1081.500000 21.000000 ,6 1
31246 1023.000000 15.000000 ,79 2
39337 1038.000000 19.500000 ,42 2
45719 1108.500000 4.500000 ,79 1
49909 1039.500000 33.000000 ,0 2
51972 1051.500000 15.000000 ,31 4 ,63 3 ,44 2 ,78 2 ,14 5
63013 1111.500000 31.500000 ,39 1 ,94 3 ,83 2 ,88 1
63608 1083.000000 24.000000 ,6 5 ,20 5 ,40 4 ,56 2 ,41 5 ,79 1
64363 1044.000000 16.500000 ,0 5 ,68 4 ,4 5 ,91 3 ,87 2 ,49 4
72532 1110.000000 16.500000 ,20 4 ,16 3
76203 1074.000000 4.500000 ,52 4
80425 1077.000000 24.000000 ,98 1 ,90 5 ,79 2 ,85 2 ,11 2 ,97 1
85245 1059.000000 21.000000 ,58 1 ,9 4 ,97 1 ,2 5 ,0 2 ,61 3
86641 1096.500000 15.000000 ,41 4 ,89 2 ,0 1
89374 1102.500000 21.000000 ,20 4 ,23 1 ,34 3 ,99 2 ,96 2 ,86 1
90221 1113.000000 19.500000 ,30 2 ,96 1
90840 1042.500000 4.500000 ,88 4 ,45 2 ,72 1 ,69 4 ,13 2
93483 1083.000000 28.500000 ,48 5 ,40 2 ,23 2 ,54 5
97787 1066.500000 18.000000 ,37 1
