1131 3876.000000 987.000000 ,63 1 ,45 5 ,84 5 ,42 5 ,85 4
2614 3903.000000 1032.000000 ,48 5 ,13 5 ,73 2 ,69 3
8081 3859.500000 991.500000 ,1 1 ,85 3 ,90 3 ,3 2 ,25 2 ,64 5
8403 3858.000000 1003.500000 ,19 1 ,53 1 ,58 2 ,6 3 ,38 3
8688 3870.000000 1005.000000 ,26 5 ,52 5
8847 3898.500000 994.500000 ,81 4
8998 3870.000000 1002.000000 ,36 1 ,20 5 ,1 3 ,66 4
14048 3918.000000 1015.500000 ,94 4
16497 3894.000000 1008.000000 ,21 3
16824 3867.000000 994.500000 ,38 2 ,20 2 ,97 1 ,37 1 ,90 5
18233 3864.000000 987.000000 ,99 4 ,37 3
20481 3883.500000 1012.500000 ,40 2 ,84 4
22871 3874.500000 985.500000 ,7 4 ,37 4
26680 3855.000000 990.000000 ,13 2 ,67 2 ,55 2 ,41 4 ,64 3 ,76 2
30818 3904.500000 1011.000000 ,89 2
47203 3906.000000 993.000000 ,83 1
55363 3868.500000 1003.500000 ,82 4 ,36 3 ,75 3 ,9 2 ,95 5
58574 3880.500000 987.000000 ,45 3 ,87 3
60019 3849.000000 1020.000000 ,20 3
60982 3870.000000 985.500000 ,53 3 ,3 5 ,70 2 ,1 1 ,5 4
61420 3918.000000 1026.000000 ,95 4 ,14 1
64112 3897.000000 1029.000000 ,43 2 ,61 1 ,18 4 ,4 3 ,70 1 ,50 1
64645 3835.500000 1008.000000 ,42 2
72616 3832.500000 990.000000 ,48 4 ,75 1 ,36 1 ,89 5 ,18 4 ,79 5
73117 3918.000000 991.500000 ,27 1 ,71 4 ,93 4
76761 3919.500000 1032.000000 ,47 1 ,65 4 ,4 5 ,19 2
79717 3924.000000 1029.000000 ,58 3 ,93 4 ,26 1 ,67 4 ,60 3 ,23 3
80084 3919.500000 1032.000000 ,17 4 ,22 3 ,59 3 ,1 1 ,3 2 ,97 5
86299 3912.000000 1014.000000 ,47 5 ,7 2 ,35 4
86609 3895.500000 1014.000000 ,57 3 ,25 2 ,2 4 ,19 3 ,10 1 ,54 2
89881 3888.000000 1006.500000 ,64 5 ,31 3 ,76 1 ,17 2 ,29 5 ,92 1
97687 3891.000000 1015.500000 ,0 5 ,58 1 ,61 1 ,66 2
