529 417.000000 1345.500000 ,13 3 ,94 5 ,68 1 ,72 5 ,6 3 ,55 3
3010 418.500000 1335.000000 ,93 5 ,96 5 ,1 2 ,30 1 ,84 5 ,99 1
9208 420.000000 1338.000000 ,58 1
11272 408.000000 1324.500000 ,77 2 ,33 5 ,98 5 ,51 3
14622 438.000000 1341.000000 ,17 4 ,22 5
14693 406.500000 1294.500000 ,52 3
15106 432.000000 1309.500000 ,71 4 ,93 5 ,88 4 ,80 5
15684 402.000000 1285.500000 ,4 2 ,98 4 ,38 5 ,32 2 ,17 2
20378 411.000000 1312.500000 ,37 5 ,75 1
23168 420.000000 1320.000000 ,83 1 ,92 2 ,45 1
37846 402.000000 1350.000000 ,28 4 ,85 2 ,42 4 ,47 3 ,1 2 ,4 2
47035 436.500000 1306.500000 ,85 4 ,40 1 ,21 4 ,54 4 ,8 4
50890 421.500000 1354.500000 ,78 4 ,39 3
51350 409.500000 1333.500000 ,16 3 ,35 3 ,28 4
52335 435.000000 1347.000000 ,55 1 ,33 4 ,8 5 ,22 4 ,61 4 ,18 3
60705 388.500000 1345.500000 ,9 1 ,14 4 ,11 2 ,65 1 ,34 2
63230 439.500000 1345.500000 ,16 5 ,24 3
65884 433.500000 1288.500000 ,80 4 ,74 1 ,39 1
67643 402.000000 1336.500000 ,13 4 ,65 4 ,9 4 ,30 2
69903 414.000000 1300.500000 ,33 2 ,57 5 ,68 1 ,22 4 ,25 2
76427 397.500000 1302.000000 ,62 3 ,61 3 ,47 5 ,66 4 ,29 1
77116 408.000000 1315.500000 ,71 3 ,54 2 ,27 5 ,98 5 ,35 2 ,64 1
77811 409.500000 1333.500000 ,73 4 ,94 4
81491 421.500000 1288.500000 ,44 2 ,2 2 ,1 2 ,38 5 ,68 3 ,25 5
83951 442.500000 1294.500000 ,64 4
88264 387.000000 1329.000000 ,72 1 ,44 1 ,8 2
88581 433.500000 1312.500000 ,37 1
88800 409.500000 1312.500000 ,39 4 ,54 5
88933 391.500000 1300.500000 ,74 5 ,85 3 ,5 2 ,30 2
92109 424.500000 1324.500000 ,57 2 ,60 1 ,0 5 ,58 4 ,71 5
94213 432.000000 1323.000000 ,22 5
96861 411.000000 1308.000000 ,37 3 ,77 2 ,8 1
98180 420.000000 1353.000000 ,75 3 ,17 3 ,81 5 ,89 5 ,79 1 ,87 3
