23548 256.500000 760.500000 ,49 1
27516 262.500000 768.000000 ,84 5 ,19 4 ,0 5
28972 258.000000 748.500000 ,26 4 ,95 5 ,50 1 ,29 3 ,43 1
29931 252.000000 733.500000 ,78 2 ,88 2 ,56 3 ,73 2 ,54 4 ,18 4
31781 250.500000 781.500000 ,12 1 ,63 4 ,37 2 ,94 4 ,52 5 ,13 4
32756 262.500000 769.500000 ,72 4 ,84 3 ,37 3 ,42 1
33187 258.000000 741.000000 ,21 2 ,18 5 ,17 5
35236 255.000000 757.500000 ,38 1 ,7 3 ,4 4 ,37 5 ,94 2
35797 244.500000 745.500000 ,79 2 ,38 1 ,59 3 ,30 4
38233 267.000000 772.500000 ,27 2 ,57 4 ,68 2 ,18 4
41570 256.500000 765.000000 ,88 2 ,50 2 ,77 1 ,45 5
43093 262.500000 726.000000 ,58 2
43335 249.000000 784.500000 ,50 4 ,79 1 ,54 5 ,55 4 ,66 3
48951 265.500000 778.500000 ,58 5 ,24 3 ,57 4
54686 249.000000 772.500000 ,70 5 ,27 5
57445 271.500000 745.500000 ,17 5 ,99 1 ,55 3 ,16 1 ,65 3
58823 244.500000 783.000000 ,76 1
59600 255.000000 721.500000 ,95 5 ,44 3 ,29 2
59712 244.500000 766.500000 ,94 1
66727 249.000000 798.000000 ,21 4 ,82 5 ,40 5 ,97 2 ,54 4 ,36 5
77654 250.500000 795.000000 ,48 5 ,73 5 ,24 5 ,4 3 ,55 4 ,63 2
82316 261.000000 739.500000 ,40 3 ,11 3 ,79 3
83516 270.000000 763.500000 ,98 1 ,36 3 ,2 1 ,52 2
88397 252.000000 718.500000 ,15 5 ,98 4
91700 249.000000 783.000000 ,81 5 ,42 1 ,96 1 ,51 2 ,62 2
96325 249.000000 784.500000 ,38 5 ,0 5
