4961 2634.000000 2019.000000 ,68 1 ,6 4 ,83 2 ,16 3
5707 2629.500000 2037.000000 ,1 2 ,27 4 ,8 3 ,24 3 ,59 3 ,78 2
7895 2617.500000 2016.000000 ,16 3 ,72 1 ,78 1
9327 2631.000000 2077.500000 ,77 1 ,98 4 ,1 5 ,14 5 ,96 2
9780 2607.000000 2034.000000 ,12 2 ,0 1
23985 2632.500000 2058.000000 ,22 3 ,37 2 ,45 2 ,16 5 ,15 1
28055 2605.500000 2041.500000 ,56 1
28921 2613.000000 2038.500000 ,98 5 ,70 3 ,4 2
29892 2604.000000 2068.500000 ,94 5 ,62 1 ,56 2 ,97 4 ,9 2
29918 2631.000000 2019.000000 ,93 5 ,92 1
33331 2638.500000 2061.000000 ,23 2 ,78 1 ,28 4 ,84 3 ,66 2 ,7 2
37468 2602.500000 2061.000000 ,43 5 ,53 2 ,35 5
41268 2602.500000 2046.000000 ,56 4 ,68 1 ,9 4 ,15 5
43428 2640.000000 2032.500000 ,13 1 ,17 1 ,40 3 ,89 2 ,33 4 ,14 5
48593 2628.000000 2070.000000 ,92 5 ,60 1 ,88 4
51531 2631.000000 2041.500000 ,47 1
51727 2620.500000 2029.500000 ,22 4 ,95 4 ,68 1 ,61 5 ,11 2
57890 2617.500000 2064.000000 ,42 2
64328 2632.500000 2034.000000 ,12 4 ,51 4 ,54 5
74280 2631.000000 2047.500000 ,81 4 ,14 1 ,45 5 ,2 4 ,59 3 ,9 3
74648 2616.000000 2010.000000 ,90 2
81247 2611.500000 2076.000000 ,45 3 ,21 1 ,51 3
82465 2629.500000 2014.500000 ,33 1 ,24 2
