542 3555.000000 2554.500000 ,85 1 ,12 2 ,44 4 ,71 1 ,16 5 ,86 2
4708 3559.500000 2551.500000 ,96 1 ,5 2
5334 3589.500000 2535.000000 ,15 5 ,6 1 ,12 1
9369 3574.500000 2553.000000 ,35 5 ,56 3 ,92 3 ,47 4 ,76 1 ,17 3
10948 3574.500000 2539.500000 ,26 4 ,34 2 ,30 5 ,4 5
12321 3544.500000 2548.500000 ,17 1 ,67 3 ,56 5 ,88 4
22406 3577.500000 2518.500000 ,79 1 ,76 3 ,92 3 ,2 4
24262 3591.000000 2527.500000 ,2 3 ,27 5 ,65 4 ,50 3 ,24 2 ,90 5
25842 3589.500000 2554.500000 ,35 2 ,33 2 ,94 3 ,23 5 ,39 3
30885 3579.000000 2539.500000 ,37 3 ,22 5 ,41 5 ,32 5 ,39 4 ,23 4
31275 3571.500000 2547.000000 ,70 3 ,22 3 ,45 3 ,64 1
31466 3567.000000 2551.500000 ,86 4 ,73 3 ,78 2
35825 3565.500000 2536.500000 ,46 3 ,2 3
39063 3534.000000 2551.500000 ,96 4 ,54 1 ,41 3
43736 3592.500000 2547.000000 ,42 5 ,18 3 ,20 4 ,16 3 ,19 3
44246 3580.500000 2529.000000 ,19 4 ,55 4 ,8 5
46398 3552.000000 2551.500000 ,57 5
51244 3592.500000 2523.000000 ,8 1 ,9 3 ,26 2 ,32 5 ,4 1 ,14 3
52788 3585.000000 2527.500000 ,6 4 ,1 4 ,53 2 ,77 1 ,31 2 ,95 2
56521 3531.000000 2530.500000 ,41 3 ,31 2
59799 3552.000000 2544.000000 ,41 4 ,54 4 ,75 4
60953 3576.000000 2533.500000 ,21 3 ,73 1 ,92 1
67768 3589.500000 2542.500000 ,73 5 ,11 5 ,10 2
73157 3559.500000 2542.500000 ,22 2 ,81 3
76546 3571.500000 2542.500000 ,74 3 ,37 5 ,35 1 ,55 2 ,45 4 ,66 5
81922 3552.000000 2538.000000 ,13 5 ,35 4 ,92 1
96011 3591.000000 2533.500000 ,46 2 ,52 3 ,7 5
