5886 1699.500000 1072.500000 ,74 5 ,11 4 ,78 1 ,54 2
8607 1716.000000 1081.500000 ,38 2
11904 1678.500000 1072.500000 ,98 4 ,85 2 ,56 2
17453 1711.500000 1068.000000 ,87 4 ,29 1 ,84 5 ,92 2 ,6 5
18387 1675.500000 1077.000000 ,78 1 ,44 5 ,79 3 ,72 3 ,60 5 ,99 1
18556 1714.500000 1042.500000 ,19 1 ,79 2 ,57 4 ,21 5
22672 1654.500000 1071.000000 ,6 1 ,79 4 ,94 5
24074 1696.500000 1044.000000 ,60 2 ,18 4 ,7 4
25798 1696.500000 1060.500000 ,61 3 ,48 5 ,87 2
26509 1707.000000 1051.500000 ,33 3
27243 1686.000000 1036.500000 ,3 5 ,68 1 ,23 4 ,21 2 ,6 5 ,74 1
29725 1707.000000 1069.500000 ,19 1 ,14 3 ,95 1
34111 1653.000000 1056.000000 ,1 2 ,61 5 ,70 3
37550 1717.500000 1059.000000 ,50 4 ,8 3 ,27 1
43133 1716.000000 1051.500000 ,74 5 ,99 5 ,17 3 ,91 4
47143 1708.500000 1048.500000 ,13 1 ,69 2
47491 1719.000000 1044.000000 ,36 1 ,13 4 ,22 4 ,92 5
48731 1696.500000 1071.000000 ,46 4 ,7 2 ,13 2 ,50 3 ,68 3
51923 1657.500000 1071.000000 ,21 2 ,75 5 ,50 3
53232 1681.500000 1074.000000 ,38 2 ,33 5
56182 1692.000000 1039.500000 ,3 5 ,28 2
59648 1656.000000 1077.000000 ,98 1 ,27 5
70373 1653.000000 1048.500000 ,77 4 ,82 3 ,37 2 ,48 4 ,8 2
73207 1711.500000 1036.500000 ,66 2 ,68 2 ,59 4 ,90 4
74915 1699.500000 1074.000000 ,40 3 ,94 4 ,17 2 ,73 3 ,59 2
78888 1713.000000 1080.000000 ,39 1 ,63 2
79725 1677.000000 1069.500000 ,45 4 ,8 5 ,74 5 ,62 3 ,81 2
85633 1696.500000 1062.000000 ,47 5 ,23 4 ,78 4 ,94 1
88097 1720.500000 1069.500000 ,99 3
90653 1719.000000 1083.000000 ,14 4 ,37 1
93424 1642.500000 1062.000000 ,10 2 ,78 5 ,31 3 ,11 5
96851 1666.500000 1044.000000 ,86 1 ,53 1 ,92 5 ,21 5
