10826 2334.000000 2005.500000 ,5 1 ,95 3 ,36 1
11664 2337.000000 2056.500000 ,10 1 ,3 5 ,82 3 ,35 5 ,61 5 ,75 3
20998 2337.000000 2059.500000 ,5 2 ,44 2 ,14 3
27172 2329.500000 2070.000000 ,9 3 ,93 5 ,96 2 ,85 4 ,54 2 ,34 5
30758 2319.000000 2026.500000 ,5 5 ,71 2
32349 2286.000000 2085.000000 ,23 4 ,86 2 ,81 2 ,99 1 ,0 3
33090 2335.500000 2062.500000 ,44 5
37886 2277.000000 2016.000000 ,79 1 ,72 3 ,98 1 ,21 4
38152 2332.500000 2074.500000 ,93 3 ,21 2 ,82 4
43829 2283.000000 2074.500000 ,51 1 ,53 5 ,33 4 ,99 5 ,37 4 ,36 4
44941 2307.000000 2079.000000 ,66 1
46231 2283.000000 2082.000000 ,44 2 ,84 3 ,32 1 ,52 4 ,78 3 ,50 5
46380 2304.000000 2014.500000 ,26 5 ,73 2 ,55 5
47825 2310.000000 2082.000000 ,25 1
49132 2319.000000 2029.500000 ,48 2 ,73 1
59195 2308.500000 2004.000000 ,87 4 ,2 4 ,93 5 ,63 2
62294 2311.500000 2061.000000 ,50 5 ,43 1 ,19 2
66108 2334.000000 2065.500000 ,74 4 ,98 3 ,70 4 ,0 1 ,51 5
73481 2322.000000 2041.500000 ,73 1 ,7 5 ,23 1 ,32 2 ,13 1
73529 2326.500000 2068.500000 ,17 5 ,60 4
82940 2320.500000 2011.500000 ,90 2 ,58 5 ,47 2 ,79 2 ,67 1
84986 2326.500000 2004.000000 ,44 2 ,41 1 ,6 2 ,37 5
86199 2332.500000 2020.500000 ,52 4 ,12 5
87182 2325.000000 2014.500000 ,28 2 ,33 5 ,24 4 ,15 3
89826 2335.500000 2014.500000 ,64 3 ,17 1
