2369 3615.000000 2242.500000 ,67 2 ,34 3 ,98 4 ,71 5 ,49 1
5363 3571.500000 2241.000000 ,7 2 ,18 1 ,66 5 ,79 3
7172 3612.000000 2182.500000 ,25 1 ,33 3 ,77 2
8573 3600.000000 2206.500000 ,86 5 ,55 2
10159 3606.000000 2172.000000 ,78 3
15725 3585.000000 2241.000000 ,25 2 ,31 4
18229 3609.000000 2235.000000 ,24 1 ,58 1
21857 3619.500000 2241.000000 ,62 3 ,8 2 ,78 5 ,49 3
25638 3612.000000 2187.000000 ,77 3 ,95 2
26162 3582.000000 2209.500000 ,98 3 ,64 2 ,3 5 ,87 4
30872 3592.500000 2206.500000 ,88 1 ,24 4 ,9 5 ,62 3 ,75 2
34044 3621.000000 2242.500000 ,81 3 ,73 3 ,95 4
46346 3558.000000 2173.500000 ,54 3 ,59 5
46379 3609.000000 2199.000000 ,82 2 ,70 1 ,3 5 ,62 4 ,71 1
47261 3619.500000 2215.500000 ,8 3 ,85 3 ,51 2 ,60 2 ,10 2 ,20 2
47273 3603.000000 2179.500000 ,83 2 ,69 2 ,4 5
53833 3607.500000 2193.000000 ,75 2 ,41 2 ,62 4 ,95 4 ,5 5 ,77 5
59570 3564.000000 2194.500000 ,33 1 ,8 5 ,2 3 ,90 5
61712 3553.500000 2221.500000 ,84 1 ,7 2
62160 3580.500000 2208.000000 ,88 3
62952 3591.000000 2187.000000 ,17 2 ,22 1 ,96 3 ,95 2
63011 3562.500000 2220.000000 ,6 3 ,46 1 ,18 5 ,8 1 ,67 5 ,26 3
65912 3588.000000 2196.000000 ,85 5 ,14 3 ,22 4 ,10 3 ,69 2
66239 3619.500000 2232.000000 ,45 4 ,27 3
69045 3592.500000 2220.000000 ,75 5 ,30 1 ,18 1 ,38 4
72592 3580.500000 2176.500000 ,7 2 ,22 5 ,17 1 ,2 2 ,88 5
75974 3576.000000 2199.000000 ,7 4 ,58 5 ,39 3
78684 3570.000000 2202.000000 ,67 2 ,29 2 ,51 4
80510 3561.000000 2194.500000 ,64 4 ,96 2 ,9 4 ,52 3
81546 3559.500000 2236.500000 ,80 4 ,18 2 ,81 1
81953 3550.500000 2242.500000 ,37 5 ,26 4 ,3 4 ,99 3 ,28 4 ,94 1
85355 3588.000000 2191.500000 ,20 1 ,79 2 ,3 3 ,8 3 ,16 5 ,98 3
95468 3618.000000 2244.000000 ,60 4 ,8 5 ,93 4 ,74 3
95721 3600.000000 2239.500000 ,49 2 ,8 1 ,2 5
99143 3592.500000 2214.000000 ,20 4 ,32 3 ,68 4 ,27 4 ,94 1
