3950 1558.500000 2719.500000 ,41 3 ,40 1 ,74 4 ,73 5
4722 1549.500000 2710.500000 ,17 2 ,50 5 ,35 2 ,96 2 ,91 3
7074 1587.000000 2718.000000 ,95 4 ,68 2 ,58 2
7878 1597.500000 2716.500000 ,18 2 ,27 2
10808 1569.000000 2686.500000 ,96 3
24270 1581.000000 2683.500000 ,9 1
33380 1552.500000 2718.000000 ,96 2 ,66 3 ,61 4 ,49 2 ,94 4 ,16 2
42172 1596.000000 2704.500000 ,54 3 ,73 5 ,34 4 ,80 4 ,71 4 ,35 1
50619 1557.000000 2709.000000 ,40 2 ,66 4 ,22 5 ,89 5
54747 1602.000000 2685.000000 ,29 3 ,3 3 ,45 1 ,72 4 ,70 2 ,12 2
57455 1543.500000 2701.500000 ,50 5 ,64 1 ,9 3 ,12 2
71077 1576.500000 2692.500000 ,54 2 ,37 5 ,14 2 ,78 1 ,74 1
71564 1567.500000 2718.000000 ,42 4
77611 1543.500000 2691.000000 ,76 3 ,8 4 ,49 3
86811 1582.500000 2710.500000 ,94 2
86831 1585.500000 2679.000000 ,82 3 ,30 2 ,95 5 ,7 5 ,47 5 ,32 1
87404 1557.000000 2695.500000 ,91 2 ,80 2 ,45 1 ,31 5 ,49 1 ,42 3
92980 1602.000000 2713.500000 ,47 1 ,94 2 ,13 5 ,86 5 ,85 5 ,6 1
97715 1546.500000 2686.500000 ,86 3 ,56 3 ,0 2 ,57 1 ,64 4 ,53 4
98329 1558.500000 2713.500000 ,89 5 ,67 1 ,18 2 ,99 3 ,7 1
98593 1582.500000 2695.500000 ,33 1 ,15 1 ,18 1 ,40 2 ,23 5
99696 1573.500000 2716.500000 ,75 3 ,59 3
