2386 1270.500000 1218.000000 ,7 4 ,6 3 ,29 1 ,16 4
2987 1261.500000 1149.000000 ,3 5 ,21 4
9913 1257.000000 1147.500000 ,22 4 ,58 4
11777 1252.500000 1192.500000 ,93 4 ,25 1 ,87 4 ,3 1 ,7 1 ,49 1
18097 1225.500000 1212.000000 ,1 1 ,70 5 ,13 3 ,60 5
20808 1246.500000 1183.500000 ,10 1 ,45 4 ,24 2 ,47 3
21625 1245.000000 1188.000000 ,18 3 ,36 3 ,99 4 ,24 2
22458 1228.500000 1147.500000 ,4 1 ,98 5 ,37 3 ,59 1 ,8 4
26379 1224.000000 1219.500000 ,29 4 ,87 1 ,86 5
31514 1248.000000 1203.000000 ,2 4 ,20 3 ,76 4 ,32 5 ,58 1 ,25 4
33344 1263.000000 1203.000000 ,91 5 ,51 2 ,39 3
33548 1264.500000 1150.500000 ,52 1 ,81 4 ,31 4 ,75 2
33722 1222.500000 1189.500000 ,57 4 ,93 1 ,38 1
36649 1254.000000 1150.500000 ,40 4 ,74 3 ,23 4 ,31 1 ,97 3 ,81 2
37691 1255.500000 1149.000000 ,39 5
39306 1219.500000 1224.000000 ,26 2 ,9 2 ,40 3 ,10 3 ,28 4
39568 1252.500000 1188.000000 ,19 5 ,31 2 ,88 3 ,52 4 ,71 5 ,99 5
41644 1255.500000 1146.000000 ,71 5 ,86 2 ,97 5 ,7 5
42325 1269.000000 1167.000000 ,65 2 ,70 5 ,29 3 ,4 1 ,97 5 ,67 5
46501 1219.500000 1182.000000 ,4 2 ,95 5 ,33 5
48849 1264.500000 1210.500000 ,99 2 ,39 3 ,94 5 ,88 3 ,83 2
51548 1245.000000 1173.000000 ,30 5
52983 1224.000000 1203.000000 ,1 1 ,59 1 ,14 5 ,65 2 ,39 2
56342 1239.000000 1206.000000 ,7 2
66893 1216.500000 1222.500000 ,22 2
69605 1227.000000 1198.500000 ,67 4 ,20 1 ,21 2 ,30 3
70511 1218.000000 1165.500000 ,7 5
74314 1245.000000 1147.500000 ,92 4 ,68 3 ,86 2
85465 1254.000000 1156.500000 ,34 2 ,23 3 ,67 2 ,40 5 ,38 1
88091 1216.500000 1212.000000 ,85 3 ,84 5 ,86 3 ,50 3 ,21 1
92686 1236.000000 1164.000000 ,4 4 ,3 4 ,90 2 ,63 4 ,22 1
93093 1257.000000 1152.000000 ,48 3 ,87 2 ,62 1 ,79 2
95948 1236.000000 1213.500000 ,27 4 ,59 1 ,88 4
98259 1270.500000 1213.500000 ,42 4 ,92 2 ,16 3
