8327 1389.000000 384.000000 ,51 5 ,93 3
9602 1371.000000 345.000000 ,43 3
11978 1378.500000 382.500000 ,98 1 ,90 4 ,57 3 ,66 3 ,78 5 ,1 5
15666 1402.500000 348.000000 ,71 3 ,20 3 ,48 4
18166 1386.000000 327.000000 ,92 3
21943 1389.000000 333.000000 ,7 4 ,17 4 ,16 3 ,87 5 ,94 1 ,64 1
22587 1371.000000 321.000000 ,5 3 ,47 1
24290 1407.000000 333.000000 ,93 2 ,35 5 ,84 4 ,73 5
34521 1378.500000 372.000000 ,7 2 ,43 5 ,28 4 ,82 5
35637 1390.500000 348.000000 ,69 5 ,29 4 ,49 5 ,72 4 ,71 2 ,16 1
39657 1399.500000 355.500000 ,0 2 ,2 1
39814 1368.000000 333.000000 ,75 5 ,77 4 ,84 2 ,21 3
45814 1405.500000 370.500000 ,77 2 ,8 2
55692 1407.000000 376.500000 ,71 3 ,92 2 ,57 2 ,70 5
61161 1377.000000 388.500000 ,57 3 ,96 3 ,76 1 ,99 3 ,11 4 ,44 2
61964 1404.000000 391.500000 ,47 3
67856 1366.500000 321.000000 ,72 4 ,20 1
70024 1401.000000 358.500000 ,31 3 ,21 5 ,61 4
76284 1390.500000 381.000000 ,30 3 ,38 4
76708 1399.500000 348.000000 ,84 2 ,98 3 ,60 3 ,53 1 ,32 2
81995 1380.000000 348.000000 ,99 1 ,19 1 ,93 3 ,18 4 ,10 1 ,81 5
89183 1375.500000 319.500000 ,69 1
90798 1362.000000 354.000000 ,81 2
96781 1402.500000 376.500000 ,43 4 ,93 3 ,89 3 ,24 1 ,86 3 ,68 5
97675 1380.000000 370.500000 ,89 4 ,49 4
97697 1405.500000 337.500000 ,19 3 ,66 3 ,81 1 ,37 3 ,43 1
