3914 4267.500000 2827.500000 ,44 3 ,20 3 ,45 2 ,23 1 ,63 2
4817 4231.500000 2851.500000 ,1 4 ,75 4 ,29 1
9965 4221.000000 2845.500000 ,3 3 ,79 1
10964 4237.500000 2845.500000 ,83 2 ,49 5
14156 4210.500000 2857.500000 ,98 4 ,32 4 ,22 2
15422 4281.000000 2842.500000 ,44 5 ,26 3 ,48 2
17327 4237.500000 2820.000000 ,54 5 ,11 2 ,44 1 ,20 1 ,79 4 ,34 5
23697 4228.500000 2854.500000 ,86 2 ,63 1 ,96 3 ,17 4 ,62 4
24674 4261.500000 2826.000000 ,72 4
26825 4249.500000 2835.000000 ,64 4
27200 4210.500000 2857.500000 ,53 3 ,14 5 ,78 5 ,10 2 ,18 3 ,34 4
29196 4243.500000 2818.500000 ,77 1 ,4 2 ,85 1
29228 4233.000000 2851.500000 ,53 1
31755 4273.500000 2856.000000 ,6 1 ,19 2 ,63 5 ,94 5 ,51 2 ,24 3
35031 4237.500000 2823.000000 ,55 4
38840 4240.500000 2824.500000 ,26 4 ,11 5 ,95 1 ,4 1
50486 4245.000000 2809.500000 ,65 4 ,69 1 ,52 2
54086 4258.500000 2808.000000 ,77 3
54116 4224.000000 2829.000000 ,58 1 ,57 5 ,49 3 ,95 2
54326 4213.500000 2812.500000 ,93 3 ,81 1 ,6 1 ,96 3 ,88 5
59847 4227.000000 2809.500000 ,55 2 ,16 2 ,92 5
67882 4212.000000 2842.500000 ,86 4 ,20 4 ,22 4 ,21 2
70502 4225.500000 2815.500000 ,21 3 ,83 5 ,70 1 ,78 1 ,19 5
72584 4282.500000 2827.500000 ,66 4 ,51 4 ,17 2 ,75 3 ,86 5
76881 4233.000000 2814.000000 ,6 4 ,47 3 ,73 4 ,1 3
77738 4236.000000 2815.500000 ,2 3 ,76 5 ,4 2 ,82 5 ,17 2
78295 4234.500000 2824.500000 ,65 5 ,12 4 ,21 5 ,20 2
91373 4264.500000 2821.500000 ,35 2
97861 4237.500000 2833.500000 ,24 3 ,63 5 ,2 2 ,85 3 ,46 4 ,8 2
