1240 1723.500000 867.000000 ,94 5
5684 1680.000000 871.500000 ,85 5 ,0 4
5875 1690.500000 879.000000 ,94 3 ,87 3
15190 1731.000000 858.000000 ,72 1 ,16 4
16031 1722.000000 865.500000 ,88 1
17746 1720.500000 820.500000 ,74 5 ,3 5 ,13 2 ,70 3
19003 1695.000000 835.500000 ,58 5
19879 1684.500000 832.500000 ,56 4 ,91 2 ,34 3 ,85 2 ,55 2 ,70 1
21845 1725.000000 823.500000 ,88 5 ,1 5 ,41 4 ,57 3 ,76 5 ,51 2
23546 1734.000000 837.000000 ,3 4 ,50 4 ,44 2 ,53 2 ,0 1 ,54 1
26840 1716.000000 837.000000 ,91 2 ,84 4
28936 1689.000000 870.000000 ,20 5 ,90 3 ,35 5
31182 1714.500000 859.500000 ,31 1 ,59 1 ,26 5 ,91 4
36298 1731.000000 868.500000 ,23 5 ,37 3 ,75 3
39110 1720.500000 876.000000 ,51 1
40505 1690.500000 822.000000 ,33 3
43184 1644.000000 822.000000 ,0 2 ,27 1 ,30 2 ,58 1
50039 1689.000000 826.500000 ,3 5 ,71 4
52268 1722.000000 825.000000 ,62 5 ,91 3 ,46 1 ,32 5 ,52 1
54941 1723.500000 828.000000 ,58 4 ,3 2 ,21 5 ,47 2 ,44 2
60389 1716.000000 879.000000 ,98 4 ,81 5 ,41 3 ,35 3 ,58 5
62766 1660.500000 879.000000 ,93 4 ,28 1 ,78 4 ,39 3 ,46 4 ,36 2
66125 1714.500000 867.000000 ,13 1 ,17 1 ,71 1 ,68 4 ,49 2 ,67 1
67563 1710.000000 867.000000 ,46 5 ,88 3 ,20 1 ,39 1 ,87 4
69447 1713.000000 882.000000 ,65 4 ,69 3 ,32 4 ,5 1 ,85 1
70471 1738.500000 832.500000 ,74 3 ,18 1 ,95 1 ,13 2 ,44 5
72396 1644.000000 840.000000 ,65 3 ,78 4
73505 1737.000000 816.000000 ,66 3 ,91 2 ,62 1 ,6 5 ,27 3
79538 1705.500000 871.500000 ,90 5 ,61 3 ,42 2 ,6 2
80287 1690.500000 846.000000 ,65 1
81151 1683.000000 850.500000 ,63 4 ,98 1 ,82 3
83113 1689.000000 832.500000 ,66 3 ,13 1 ,2 4 ,12 5 ,38 2 ,17 3
83752 1642.500000 880.500000 ,69 5 ,9 3 ,41 5 ,56 3 ,55 3
89101 1651.500000 874.500000 ,9 4 ,22 2 ,44 5 ,96 2 ,80 5 ,93 5
90401 1642.500000 844.500000 ,37 4 ,7 4
92405 1707.000000 828.000000 ,52 4 ,23 1
92999 1656.000000 873.000000 ,95 4 ,3 4 ,63 5 ,94 3 ,17 4 ,37 4
93304 1714.500000 844.500000 ,71 2
97585 1701.000000 844.500000 ,34 4 ,66 1
