2703 730.500000 54.000000 ,19 2 ,5 2 ,87 4 ,25 4 ,38 2
13661 742.500000 24.000000 ,37 2 ,11 3 ,28 1 ,44 4 ,57 5 ,14 1
15177 703.500000 63.000000 ,35 3 ,92 1 ,33 2 ,0 3
19006 715.500000 61.500000 ,90 3 ,52 2 ,71 2 ,94 3 ,73 4
22800 735.000000 25.500000 ,48 1 ,10 4 ,57 3 ,41 4 ,29 3
37806 747.000000 67.500000 ,40 1 ,88 3 ,28 1 ,36 4 ,52 5
49957 744.000000 1.500000 ,13 4 ,20 2 ,18 4 ,93 5 ,56 2
51969 736.500000 58.500000 ,91 4 ,69 5 ,45 2 ,19 5
55038 715.500000 70.500000 ,27 5
55135 736.500000 28.500000 ,53 5 ,52 2 ,66 4
55187 715.500000 63.000000 ,69 5 ,56 1 ,33 1 ,62 1 ,26 1 ,76 2
57259 730.500000 40.500000 ,51 3 ,26 2 ,3 2 ,38 2 ,95 4
60053 705.000000 0.000000 ,55 1 ,64 5 ,16 5 ,98 4 ,36 2
63369 712.500000 42.000000 ,95 2 ,48 4 ,35 3
70482 733.500000 55.500000 ,33 3 ,93 5 ,53 2 ,70 5 ,76 1 ,84 3
70705 738.000000 55.500000 ,37 5 ,80 4 ,67 5 ,91 4 ,17 4
72407 721.500000 4.500000 ,68 4
74837 739.500000 70.500000 ,95 2
76324 739.500000 25.500000 ,58 3 ,23 5
77941 714.000000 52.500000 ,13 4 ,96 5 ,9 2 ,53 5 ,24 4 ,66 4
86720 732.000000 28.500000 ,31 2 ,44 5 ,89 5 ,99 2 ,11 4 ,51 3
86722 711.000000 15.000000 ,77 1 ,64 2 ,10 1 ,9 1
86929 708.000000 37.500000 ,18 2 ,46 1 ,55 4 ,69 2
88080 706.500000 45.000000 ,19 5
88338 730.500000 60.000000 ,63 2 ,87 5 ,50 2 ,1 3 ,55 4 ,20 4
94584 730.500000 31.500000 ,12 4 ,37 1 ,10 4 ,21 3 ,64 4 ,98 3
