11144 3108.000000 946.500000 ,48 4 ,85 3 ,73 3
26700 3144.000000 975.000000 ,5 5 ,59 3 ,44 1 ,16 2
28514 3124.500000 966.000000 ,76 3 ,35 2 ,45 3
30921 3166.500000 975.000000 ,17 3 ,22 1
33528 3136.500000 969.000000 ,0 2 ,32 3 ,67 2 ,71 3 ,14 4 ,99 4
43394 3111.000000 943.500000 ,97 4 ,14 2 ,24 4
47760 3153.000000 978.000000 ,71 4
48006 3112.500000 940.500000 ,43 3 ,35 2
50837 3165.000000 981.000000 ,97 2 ,37 4 ,56 4 ,9 5
53310 3115.500000 978.000000 ,89 3
54322 3102.000000 948.000000 ,56 5
59654 3112.500000 966.000000 ,4 3 ,0 1
61594 3130.500000 942.000000 ,4 4 ,37 4 ,22 2 ,39 1
62117 3111.000000 966.000000 ,12 1 ,13 4 ,85 5 ,58 2 ,82 4 ,46 3
63263 3108.000000 943.500000 ,70 4 ,59 5 ,29 4 ,39 4
63460 3153.000000 942.000000 ,56 4 ,19 5 ,39 4 ,35 1 ,83 2 ,44 3
70696 3163.500000 945.000000 ,29 4 ,75 4 ,77 2 ,45 4 ,35 4
74561 3153.000000 949.500000 ,59 3 ,33 1 ,58 3 ,26 3 ,25 4 ,46 2
79734 3120.000000 948.000000 ,10 5
81163 3162.000000 970.500000 ,64 1 ,75 4 ,79 1
84992 3108.000000 972.000000 ,41 5 ,78 2 ,64 5
90215 3106.500000 961.500000 ,12 3
92066 3138.000000 969.000000 ,52 2 ,67 4 ,58 3
93564 3129.000000 966.000000 ,69 1
95514 3148.500000 948.000000 ,92 5 ,4 4 ,20 4
96063 3157.500000 978.000000 ,31 5 ,20 3 ,18 4 ,4 5
98614 3145.500000 952.500000 ,59 4
