15433 951.000000 2718.000000 ,26 4 ,7 5 ,97 3
19929 943.500000 2730.000000 ,67 5 ,33 2
21612 922.500000 2709.000000 ,42 1 ,50 5 ,28 4 ,45 3
21874 985.500000 2713.500000 ,67 5 ,60 1 ,27 4 ,42 2 ,10 5 ,23 3
29117 981.000000 2722.500000 ,76 4 ,95 5 ,36 3 ,20 2
32371 937.500000 2686.500000 ,31 5 ,66 4
32671 985.500000 2689.500000 ,26 1 ,18 3 ,33 2 ,80 3 ,66 2 ,46 2
39146 948.000000 2724.000000 ,77 1 ,78 5 ,23 5 ,66 1 ,74 4
59056 961.500000 2715.000000 ,66 3 ,29 3 ,44 2
60677 967.500000 2707.500000 ,90 2 ,0 3
61125 970.500000 2725.500000 ,96 4 ,38 4 ,72 4 ,75 2
61894 982.500000 2716.500000 ,71 2 ,16 3 ,73 2 ,52 4 ,24 5 ,27 3
62470 984.000000 2730.000000 ,43 3 ,2 2 ,88 1
72163 949.500000 2719.500000 ,61 4 ,19 5 ,40 2
85703 973.500000 2686.500000 ,72 5 ,73 5 ,68 5 ,88 4
88155 964.500000 2694.000000 ,14 3 ,50 1
99927 984.000000 2686.500000 ,47 2
