2359 4399.500000 1270.500000 ,18 3 ,83 1 ,87 2 ,93 5 ,45 4
4468 4419.000000 1224.000000 ,37 2 ,38 4 ,5 1
5225 4422.000000 1287.000000 ,38 3
7630 4447.500000 1212.000000 ,91 4 ,53 3 ,18 1 ,0 4 ,58 2
8861 4413.000000 1264.500000 ,95 2 ,45 1 ,32 5 ,35 3 ,88 1
11683 4437.000000 1290.000000 ,85 3 ,26 1 ,3 2 ,90 3 ,92 5
16775 4431.000000 1213.500000 ,89 2 ,28 3 ,74 4
17435 4401.000000 1269.000000 ,17 2
19190 4435.500000 1260.000000 ,21 5 ,6 1
24939 4426.500000 1252.500000 ,41 5 ,76 4 ,17 2 ,35 1
29608 4401.000000 1285.500000 ,20 5 ,75 1
31488 4444.500000 1281.000000 ,17 4 ,34 1 ,92 1 ,46 4
34386 4419.000000 1209.000000 ,88 5 ,36 2
35700 4393.500000 1278.000000 ,2 2 ,59 4 ,78 4
37966 4398.000000 1242.000000 ,37 4 ,11 5 ,74 3 ,70 3
41573 4402.500000 1272.000000 ,30 2 ,5 4 ,53 3
46763 4417.500000 1264.500000 ,97 5 ,19 2 ,38 2 ,69 1
46923 4440.000000 1272.000000 ,95 4 ,15 2 ,31 4 ,93 1 ,83 4 ,77 3
48139 4407.000000 1258.500000 ,46 2 ,41 3 ,1 3
52165 4425.000000 1266.000000 ,26 2 ,65 3 ,87 2
53530 4414.500000 1207.500000 ,13 5 ,97 5 ,25 4 ,57 4 ,91 4
53924 4447.500000 1213.500000 ,2 5 ,26 2 ,29 1 ,7 4 ,31 3 ,24 3
54965 4446.000000 1275.000000 ,76 4 ,75 5 ,43 3 ,93 4
56825 4399.500000 1215.000000 ,23 5 ,6 1
60881 4420.500000 1290.000000 ,73 2 ,18 5 ,79 3 ,22 1
63649 4395.000000 1284.000000 ,43 5 ,8 2 ,28 1 ,3 2
63720 4413.000000 1218.000000 ,96 5 ,30 3 ,1 2 ,54 5
71868 4444.500000 1245.000000 ,24 1 ,70 3 ,33 1
72346 4420.500000 1240.500000 ,80 1
83493 4405.500000 1236.000000 ,5 1 ,53 1 ,72 1
90648 4396.500000 1282.500000 ,33 2
91310 4441.500000 1237.500000 ,22 5 ,55 4
