956 805.500000 2029.500000 ,97 2 ,8 2
13398 870.000000 2053.500000 ,56 3 ,88 2 ,20 1 ,60 4
16482 883.500000 2019.000000 ,5 5 ,73 1 ,29 4 ,77 3 ,79 2
20722 822.000000 2019.000000 ,84 1 ,62 2
20924 865.500000 2050.500000 ,66 1 ,53 3 ,98 4
21486 823.500000 2032.500000 ,81 3 ,70 2 ,88 3 ,89 4 ,78 5 ,57 1
23652 858.000000 2023.500000 ,61 2 ,94 5
25205 861.000000 2050.500000 ,71 2 ,53 4 ,69 1 ,67 2 ,75 1
26242 837.000000 2028.000000 ,5 2 ,53 4 ,7 5 ,95 3 ,76 5 ,13 1
27542 810.000000 2059.500000 ,27 4 ,47 1 ,83 2 ,54 1
29927 802.500000 2044.500000 ,3 1 ,92 5
30493 858.000000 2056.500000 ,69 4 ,36 1 ,64 1 ,83 2 ,42 5 ,48 3
32460 844.500000 2050.500000 ,35 5 ,43 1 ,1 5 ,95 5
37461 849.000000 2055.000000 ,85 2 ,17 5 ,47 3 ,37 4 ,27 2
39673 883.500000 2040.000000 ,14 4 ,95 4 ,38 4
45116 847.500000 2026.500000 ,17 3 ,37 2 ,29 5
45485 832.500000 2043.000000 ,33 4 ,18 3 ,47 1 ,40 2 ,41 5
47289 840.000000 2056.500000 ,34 4 ,60 3 ,1 3 ,54 3 ,20 3
48812 799.500000 2046.000000 ,49 1 ,92 5 ,86 2 ,18 2 ,25 1
56173 841.500000 2043.000000 ,0 5 ,54 2 ,29 1 ,28 1 ,15 1 ,11 1
59689 870.000000 2043.000000 ,64 3 ,60 4 ,8 4
64521 816.000000 2028.000000 ,98 2 ,28 3
67780 864.000000 2056.500000 ,54 5 ,47 4 ,50 4 ,59 2
71801 852.000000 2055.000000 ,17 1 ,27 5 ,74 3 ,39 3 ,81 1 ,16 3
72670 847.500000 2034.000000 ,54 1 ,82 3 ,3 4
74879 871.500000 2044.500000 ,91 5 ,61 1 ,74 3 ,94 5
78116 808.500000 2028.000000 ,6 2
85104 873.000000 2022.000000 ,10 1 ,64 1 ,2 2
88003 805.500000 2061.000000 ,84 4 ,52 2 ,31 2
90553 879.000000 2046.000000 ,18 5 ,77 3
93926 874.500000 2050.500000 ,94 3 ,87 3 ,97 2 ,32 1
94316 847.500000 2029.500000 ,79 5 ,38 2
95237 835.500000 2061.000000 ,65 2 ,31 3 ,76 2 ,9 4 ,63 1
98309 808.500000 2035.500000 ,98 2 ,30 2 ,37 3 ,57 1
