765 865.500000 1194.000000 ,69 2
3398 886.500000 1201.500000 ,7 5 ,43 2 ,41 4
8047 924.000000 1204.500000 ,55 5 ,43 1
8767 867.000000 1228.500000 ,66 1 ,73 4 ,29 1
9075 910.500000 1212.000000 ,66 1 ,6 2 ,22 5 ,9 4
9148 876.000000 1233.000000 ,65 2 ,82 4
14460 895.500000 1191.000000 ,31 4 ,45 2
16653 918.000000 1189.500000 ,32 2 ,35 3 ,3 4
21333 888.000000 1189.500000 ,98 1 ,69 2
25554 886.500000 1233.000000 ,86 3 ,60 1 ,71 3
26848 921.000000 1219.500000 ,10 3 ,14 3 ,19 3 ,9 4 ,17 4
28378 922.500000 1222.500000 ,66 4 ,33 4 ,76 1
29437 906.000000 1213.500000 ,91 4 ,74 3
30598 925.500000 1221.000000 ,90 5 ,62 4
30746 922.500000 1209.000000 ,28 3 ,49 1 ,94 4 ,25 2 ,30 4 ,63 5
34871 910.500000 1186.500000 ,77 1 ,33 2 ,31 3 ,38 3 ,24 4
35595 930.000000 1209.000000 ,48 5 ,93 2 ,18 3 ,2 5
37957 876.000000 1191.000000 ,18 1 ,97 5 ,71 3 ,72 3
39224 880.500000 1201.500000 ,75 2 ,0 4
43354 880.500000 1210.500000 ,72 5 ,1 4
43995 906.000000 1212.000000 ,3 5
55244 922.500000 1188.000000 ,6 1 ,34 5
56317 898.500000 1177.500000 ,30 5 ,9 2 ,50 5
59883 916.500000 1215.000000 ,21 5 ,52 5
61703 906.000000 1213.500000 ,22 3 ,54 3 ,34 3 ,72 5 ,87 5
63033 868.500000 1213.500000 ,27 4 ,76 3
63679 922.500000 1224.000000 ,59 1 ,38 2 ,92 3 ,17 3 ,88 1
64227 867.000000 1170.000000 ,17 2 ,47 4 ,0 1 ,75 5 ,29 5
69780 898.500000 1228.500000 ,54 3 ,92 1 ,91 5 ,60 4
72673 870.000000 1183.500000 ,79 1 ,50 5 ,91 4 ,16 4 ,90 1 ,98 3
73681 895.500000 1234.500000 ,68 1 ,43 1
75706 931.500000 1218.000000 ,84 5 ,26 5 ,95 2 ,50 3
77853 880.500000 1236.000000 ,67 1 ,60 2
81749 862.500000 1203.000000 ,9 5 ,4 2 ,66 5 ,59 5 ,14 1
86747 933.000000 1216.500000 ,30 5 ,33 1 ,5 1 ,49 1 ,6 2
88844 862.500000 1227.000000 ,85 5 ,6 5 ,23 1 ,11 1 ,95 3
93413 882.000000 1191.000000 ,71 1 ,21 1 ,67 5
98189 919.500000 1218.000000 ,44 4 ,3 2 ,63 4 ,42 3
