2425 1210.500000 2253.000000 ,32 2 ,6 3 ,14 4 ,19 5 ,83 4 ,51 5
5488 1152.000000 2256.000000 ,99 5
6364 1159.500000 2304.000000 ,23 1 ,14 5 ,24 3 ,6 3 ,45 3 ,72 4
6718 1219.500000 2289.000000 ,2 5 ,39 2
7063 1195.500000 2281.500000 ,11 3 ,84 5 ,70 1 ,49 4 ,48 5
7453 1161.000000 2268.000000 ,52 2 ,32 4
8694 1165.500000 2277.000000 ,32 5 ,58 5 ,69 3 ,54 3 ,43 5 ,28 2
30469 1143.000000 2257.500000 ,21 1 ,70 4 ,93 2 ,98 2 ,40 2 ,33 5
30623 1189.500000 2271.000000 ,98 5 ,41 3 ,28 4
35439 1200.000000 2269.500000 ,86 4 ,48 2 ,40 2 ,29 5 ,33 2 ,35 1
36226 1161.000000 2283.000000 ,31 2 ,29 3 ,72 3 ,26 4 ,49 2
36389 1212.000000 2296.500000 ,35 3 ,59 5 ,79 4 ,18 2 ,23 4 ,37 1
37963 1198.500000 2248.500000 ,16 5 ,28 3 ,93 3 ,3 5
41633 1186.500000 2290.500000 ,7 5 ,66 4 ,1 2 ,64 2 ,18 1
43087 1213.500000 2281.500000 ,12 3
44172 1143.000000 2259.000000 ,76 5 ,13 3 ,27 2
46765 1183.500000 2298.000000 ,91 1 ,27 1 ,8 3 ,85 2 ,45 3 ,96 5
62130 1138.500000 2275.500000 ,6 4 ,30 2 ,39 4 ,84 4
64934 1138.500000 2250.000000 ,33 4 ,70 3 ,66 5 ,24 2 ,12 3 ,28 3
65034 1224.000000 2247.000000 ,44 2 ,28 2 ,31 3
69037 1215.000000 2287.500000 ,33 2
69119 1210.500000 2289.000000 ,12 2 ,52 5 ,59 5 ,46 4 ,1 1
69254 1140.000000 2248.500000 ,51 2 ,2 3
81560 1176.000000 2263.500000 ,66 4 ,42 2 ,72 2 ,28 2 ,24 4
82325 1221.000000 2287.500000 ,75 3 ,39 3 ,64 3 ,74 2
87233 1224.000000 2269.500000 ,56 5 ,58 2 ,18 1
87667 1212.000000 2299.500000 ,32 4 ,34 2 ,1 3 ,59 2 ,82 4
87810 1179.000000 2247.000000 ,82 3 ,40 1
88783 1140.000000 2292.000000 ,30 4
96636 1141.500000 2295.000000 ,9 3 ,5 2 ,25 1 ,89 3 ,85 5
98474 1221.000000 2257.500000 ,88 2 ,98 4 ,28 5 ,49 3 ,80 2
