6769 4059.000000 232.500000 ,67 5 ,12 4 ,29 4 ,91 5 ,40 4 ,36 4
14652 4063.500000 243.000000 ,64 1 ,59 1 ,38 4 ,62 1 ,51 5 ,30 1
17169 4054.500000 297.000000 ,89 2
17852 4024.500000 271.500000 ,18 2 ,46 4 ,93 2 ,50 2
21310 4020.000000 271.500000 ,24 4 ,75 4 ,46 1 ,12 3 ,96 4 ,83 5
22566 4039.500000 229.500000 ,26 1 ,18 2 ,47 2
24752 4036.500000 241.500000 ,2 5 ,23 2 ,27 2
28848 4017.000000 241.500000 ,47 4 ,85 4
31601 4044.000000 264.000000 ,31 2 ,90 3 ,22 3 ,78 3 ,7 5
31712 4057.500000 256.500000 ,67 5
33290 4024.500000 277.500000 ,33 4 ,77 4 ,36 1
34196 4056.000000 286.500000 ,6 5 ,68 5 ,49 3
37152 4015.500000 267.000000 ,4 2 ,41 1 ,35 2 ,66 5 ,72 5 ,7 5
41312 4051.500000 298.500000 ,21 4 ,67 1 ,43 1
48301 4036.500000 259.500000 ,58 1 ,3 3
49848 4018.500000 249.000000 ,18 5
49951 4024.500000 286.500000 ,9 3 ,3 2 ,28 5
52546 4062.000000 228.000000 ,62 2 ,36 4 ,84 1 ,71 3 ,55 3
55132 4036.500000 258.000000 ,92 1
58512 4015.500000 297.000000 ,18 4 ,67 2 ,12 3 ,23 5
59646 4048.500000 249.000000 ,69 1 ,23 5 ,83 1 ,44 4 ,59 5
61117 4035.000000 249.000000 ,39 2 ,14 4 ,22 1
61763 4020.000000 255.000000 ,63 2 ,92 3 ,1 2 ,32 5 ,30 3
66855 4027.500000 252.000000 ,93 3 ,3 2 ,58 4 ,60 5 ,87 5
69528 4062.000000 226.500000 ,62 2 ,67 3
73155 4033.500000 301.500000 ,62 4 ,95 1
78984 4056.000000 223.500000 ,13 1
89134 4027.500000 222.000000 ,16 1 ,80 4 ,33 3
89497 4056.000000 276.000000 ,17 2 ,61 5 ,78 4 ,74 4 ,56 1
89652 4014.000000 258.000000 ,30 5
93818 4054.500000 270.000000 ,63 2 ,2 4 ,96 4 ,71 5
94082 4062.000000 262.500000 ,66 5
99094 4053.000000 295.500000 ,13 4
