519 2505.000000 2296.500000 ,26 4 ,1 4 ,56 4 ,4 5 ,20 4 ,67 3
9553 2502.000000 2251.500000 ,44 5
11534 2517.000000 2233.500000 ,71 1
15892 2494.500000 2278.500000 ,87 2 ,78 5 ,21 2
21797 2487.000000 2271.000000 ,6 5 ,65 5 ,81 1 ,10 2
24511 2496.000000 2263.500000 ,48 2
26391 2487.000000 2302.500000 ,68 5
31538 2505.000000 2298.000000 ,22 1 ,72 3 ,5 1 ,36 1 ,55 2 ,46 2
32561 2517.000000 2274.000000 ,92 1 ,91 1 ,93 2 ,51 3 ,25 4
33405 2490.000000 2248.500000 ,4 4 ,50 2 ,0 1 ,67 3 ,96 2 ,88 1
37554 2512.500000 2302.500000 ,42 1 ,38 1 ,32 2 ,85 2 ,2 4 ,15 1
41501 2491.500000 2244.000000 ,96 1 ,87 1 ,73 2 ,70 5 ,76 3
44995 2485.500000 2251.500000 ,48 2 ,23 5 ,59 3 ,33 1
50787 2494.500000 2281.500000 ,90 4
51022 2488.500000 2254.500000 ,35 1 ,72 1 ,59 1 ,6 3 ,87 3 ,68 2
58448 2500.500000 2238.000000 ,80 3
59269 2505.000000 2298.000000 ,15 5 ,16 5 ,76 1 ,98 3 ,30 1
60434 2496.000000 2275.500000 ,19 5 ,93 4 ,69 1 ,32 4 ,49 2
61827 2499.000000 2289.000000 ,76 3 ,95 4 ,89 1
61861 2515.500000 2238.000000 ,55 5 ,63 5 ,22 4 ,74 5
64834 2502.000000 2299.500000 ,90 1
68073 2506.500000 2278.500000 ,53 4 ,50 3 ,51 2 ,15 4 ,84 1
70167 2509.500000 2295.000000 ,11 1 ,16 2 ,31 2
73694 2511.000000 2248.500000 ,3 1
75627 2509.500000 2256.000000 ,47 3 ,30 2 ,78 4 ,32 2 ,23 4
