924 376.500000 1869.000000 ,97 5 ,46 3
13453 403.500000 1849.500000 ,70 4 ,84 4 ,30 5 ,49 4 ,66 5 ,65 3
14315 399.000000 1872.000000 ,92 2 ,84 4 ,5 3 ,20 3
17488 423.000000 1824.000000 ,11 5 ,60 3
17744 385.500000 1845.000000 ,25 5
18567 432.000000 1840.500000 ,53 5 ,8 3 ,89 2 ,74 1 ,34 3
19630 432.000000 1849.500000 ,80 2 ,96 2 ,63 5 ,43 5 ,94 5 ,66 5
20648 390.000000 1864.500000 ,24 1 ,40 3 ,20 3
22296 417.000000 1824.000000 ,58 1 ,90 1 ,4 4
25781 432.000000 1867.500000 ,27 1 ,21 1 ,71 4 ,29 5 ,40 3 ,68 2
35086 391.500000 1860.000000 ,45 1 ,97 2 ,55 1 ,37 5 ,10 3 ,60 1
36823 408.000000 1855.500000 ,3 4 ,51 1 ,25 4 ,26 3
37274 373.500000 1837.500000 ,52 5 ,65 5 ,82 1 ,50 4 ,25 1
39780 426.000000 1858.500000 ,28 5 ,43 3 ,35 3 ,57 3 ,17 2 ,84 4
42877 418.500000 1872.000000 ,81 4 ,69 5
48383 399.000000 1855.500000 ,84 2 ,42 1 ,96 4 ,62 5 ,36 2
54868 370.500000 1869.000000 ,30 2
55856 382.500000 1875.000000 ,4 2 ,44 4 ,65 3 ,80 4 ,73 1 ,79 2
56115 387.000000 1854.000000 ,63 1 ,29 4 ,32 5
58198 429.000000 1852.500000 ,18 2 ,95 2
65866 385.500000 1840.500000 ,61 3
70446 429.000000 1852.500000 ,1 5 ,41 3 ,71 4
71298 408.000000 1846.500000 ,90 2 ,2 4
75967 403.500000 1861.500000 ,63 1
76593 433.500000 1873.500000 ,19 1
78424 405.000000 1857.000000 ,90 5 ,94 2
79890 424.500000 1837.500000 ,25 1 ,48 2 ,10 4
89678 415.500000 1855.500000 ,84 1 ,39 1 ,17 3 ,72 4 ,20 4 ,1 2
