7 580.500000 763.500000 ,19 2 ,12 4 ,39 3 ,71 1
2335 598.500000 760.500000 ,92 1 ,67 5 ,27 2 ,52 1
10244 618.000000 759.000000 ,76 2
11829 583.500000 763.500000 ,74 3 ,56 3 ,48 4
15068 604.500000 763.500000 ,17 2 ,18 4 ,1 4 ,2 2
15731 585.000000 733.500000 ,18 3 ,31 3
16662 594.000000 778.500000 ,61 4 ,19 3 ,62 1 ,57 4 ,20 2
16942 618.000000 751.500000 ,82 3 ,66 2 ,86 3 ,5 2 ,85 4
19014 589.500000 744.000000 ,86 4
22682 612.000000 786.000000 ,70 1 ,61 5
31414 601.500000 753.000000 ,35 1 ,53 4 ,9 4 ,34 4 ,94 4 ,23 4
37995 591.000000 786.000000 ,44 2 ,14 1 ,27 5 ,76 4
38483 591.000000 733.500000 ,63 5 ,80 2 ,26 3 ,53 4
54449 612.000000 795.000000 ,51 5 ,5 3 ,4 2 ,59 2 ,29 3 ,30 1
73886 609.000000 766.500000 ,17 2 ,55 2 ,7 4 ,49 1 ,89 3
76452 585.000000 790.500000 ,9 5 ,78 5 ,59 4 ,30 3 ,54 5 ,41 1
80286 600.000000 765.000000 ,58 3 ,82 5 ,16 2 ,22 4
83404 619.500000 732.000000 ,78 5 ,71 5 ,59 2 ,13 3 ,84 2
85471 589.500000 778.500000 ,67 1 ,52 4 ,46 4 ,96 4 ,80 2 ,42 2
95276 615.000000 754.500000 ,85 3 ,88 3
97055 601.500000 769.500000 ,80 3 ,73 4 ,58 1 ,47 2 ,3 1 ,25 5
