828 3373.500000 2175.000000 ,28 2
1152 3390.000000 2205.000000 ,70 2 ,35 2 ,29 3 ,76 1 ,48 4
2640 3363.000000 2242.500000 ,34 4 ,38 4 ,62 5 ,66 2 ,42 5 ,0 4
2712 3367.500000 2205.000000 ,43 5 ,73 5 ,33 5 ,64 2 ,57 3
7821 3390.000000 2188.500000 ,18 5 ,80 5
8181 3357.000000 2238.000000 ,93 1 ,41 5 ,8 1 ,79 2 ,94 4
8919 3381.000000 2230.500000 ,4 4 ,81 3
12678 3361.500000 2239.500000 ,92 4 ,11 5 ,52 1 ,13 1
19460 3373.500000 2194.500000 ,59 3 ,74 1 ,29 3
22410 3376.500000 2236.500000 ,51 1
31451 3375.000000 2203.500000 ,54 2 ,74 2 ,26 3
33978 3390.000000 2184.000000 ,94 2 ,87 1 ,37 1 ,81 1 ,3 3 ,78 1
35581 3367.500000 2235.000000 ,42 2 ,3 4 ,9 5
35893 3378.000000 2218.500000 ,90 4
36020 3367.500000 2184.000000 ,10 5 ,62 2
42264 3357.000000 2181.000000 ,77 4 ,48 4 ,52 3
49127 3352.500000 2190.000000 ,74 2 ,40 2 ,77 1 ,47 5 ,37 3
50307 3364.500000 2202.000000 ,31 4 ,22 3
53994 3352.500000 2182.500000 ,94 1 ,45 2 ,33 1 ,4 5
56279 3387.000000 2233.500000 ,49 2 ,87 1 ,34 1 ,73 4
61424 3372.000000 2227.500000 ,93 3 ,85 2 ,96 4
65444 3348.000000 2230.500000 ,56 2 ,84 3 ,23 1 ,55 4 ,44 4 ,72 2
68881 3390.000000 2199.000000 ,49 4 ,67 5
69267 3375.000000 2208.000000 ,13 2 ,31 2
77646 3381.000000 2241.000000 ,65 1 ,93 1 ,17 3 ,81 4 ,51 5
80035 3367.500000 2206.500000 ,87 3 ,26 2 ,9 5 ,44 3 ,33 2
82782 3381.000000 2227.500000 ,84 2 ,50 4 ,86 1 ,49 1 ,92 5
84790 3376.500000 2221.500000 ,12 4 ,33 4 ,32 1
86434 3384.000000 2181.000000 ,2 1 ,26 4 ,86 5 ,22 3
99545 3352.500000 2212.500000 ,50 1 ,59 1 ,65 2 ,64 1 ,40 2 ,53 1
