3222 3852.000000 1713.000000 ,12 3 ,51 3
5030 3865.500000 1683.000000 ,93 4 ,21 3
5324 3906.000000 1692.000000 ,76 1 ,13 1 ,55 4 ,36 3 ,7 5 ,56 4
6396 3877.500000 1726.500000 ,53 2 ,4 4 ,12 5
7490 3862.500000 1690.500000 ,61 1 ,0 4 ,11 5 ,4 4 ,93 3 ,34 4
8621 3834.000000 1684.500000 ,99 5 ,27 2 ,69 1
10484 3867.000000 1698.000000 ,8 2 ,54 2 ,48 4
11207 3906.000000 1732.500000 ,68 3
12898 3844.500000 1686.000000 ,15 1 ,36 5 ,47 2 ,78 4 ,75 3
14642 3888.000000 1734.000000 ,80 5 ,39 2 ,74 4
16337 3865.500000 1713.000000 ,32 2
23624 3910.500000 1726.500000 ,89 2 ,84 1 ,71 3 ,37 4 ,67 1 ,19 5
29253 3901.500000 1735.500000 ,81 2 ,40 5
32215 3867.000000 1693.500000 ,15 3 ,10 4 ,95 3 ,60 3
32387 3907.500000 1728.000000 ,7 3
33820 3901.500000 1695.000000 ,8 3
37008 3852.000000 1738.500000 ,58 4 ,68 1
37230 3873.000000 1737.000000 ,85 5 ,16 1 ,1 3
44975 3898.500000 1737.000000 ,84 5 ,57 3
46154 3867.000000 1714.500000 ,27 3
48574 3895.500000 1702.500000 ,62 5 ,77 1 ,1 3 ,75 4
48873 3888.000000 1729.500000 ,56 5 ,93 2
49417 3900.000000 1696.500000 ,44 3 ,20 5 ,14 1 ,34 1 ,52 1
54477 3865.500000 1719.000000 ,88 4 ,65 4 ,95 3
54523 3888.000000 1720.500000 ,70 3 ,57 4 ,85 2 ,94 1 ,68 2
66275 3850.500000 1713.000000 ,88 3 ,86 4 ,70 4 ,30 2
80803 3910.500000 1710.000000 ,48 3
85396 3849.000000 1719.000000 ,98 2 ,35 5 ,94 5 ,39 2 ,67 2
90373 3844.500000 1713.000000 ,41 1 ,87 4 ,80 2
96253 3883.500000 1710.000000 ,35 4 ,66 5 ,34 5 ,77 1
