4085 208.500000 40.500000 ,55 1 ,19 1
9084 163.500000 13.500000 ,52 5 ,91 3 ,57 4 ,18 5 ,78 1 ,97 5
10346 199.500000 31.500000 ,55 1 ,22 1
23897 174.000000 48.000000 ,70 5 ,31 1
25297 165.000000 39.000000 ,23 3 ,85 2 ,55 3
26235 163.500000 9.000000 ,94 4 ,43 1 ,53 4 ,34 4 ,55 5 ,36 5
37901 162.000000 46.500000 ,98 2 ,63 3 ,15 3 ,21 2
38198 180.000000 36.000000 ,31 3
43081 168.000000 19.500000 ,24 4 ,26 5 ,94 1
49252 199.500000 10.500000 ,11 1
57878 156.000000 39.000000 ,4 4 ,72 4 ,33 1
58468 202.500000 42.000000 ,84 3 ,3 1 ,46 4 ,96 4 ,61 1 ,37 5
61558 180.000000 16.500000 ,92 4 ,75 1
64547 178.500000 21.000000 ,0 2 ,15 2
65971 172.500000 36.000000 ,36 3 ,13 2 ,11 5 ,58 3
66748 181.500000 15.000000 ,31 5
67975 201.000000 34.500000 ,12 3
68790 204.000000 9.000000 ,40 5 ,1 5 ,63 5
70562 201.000000 31.500000 ,79 5 ,39 5 ,38 4 ,59 3
72204 159.000000 25.500000 ,16 5 ,7 3
76169 181.500000 54.000000 ,26 5 ,97 1 ,54 2 ,73 3 ,13 3
82297 171.000000 28.500000 ,60 1 ,24 4
83932 196.500000 51.000000 ,34 1 ,37 3 ,87 5 ,67 3 ,13 3
88323 205.500000 28.500000 ,57 3 ,77 3 ,7 2 ,33 3 ,72 4
94361 223.500000 4.500000 ,77 2 ,78 2
96351 222.000000 25.500000 ,32 4 ,29 3
