1114 534.000000 2716.500000 ,77 5 ,46 4 ,59 1 ,35 2
3047 529.500000 2698.500000 ,52 3 ,12 5 ,84 2 ,64 5 ,9 2 ,36 1
10780 532.500000 2682.000000 ,48 2 ,75 3 ,96 4 ,92 5 ,68 2 ,38 5
13000 531.000000 2707.500000 ,55 5
27825 573.000000 2677.500000 ,67 4 ,70 4 ,94 4 ,55 5
32566 547.500000 2704.500000 ,4 1 ,97 1
33738 556.500000 2712.000000 ,85 3 ,73 1
34323 564.000000 2679.000000 ,76 3 ,91 2 ,27 1
42657 525.000000 2695.500000 ,37 3
46932 543.000000 2691.000000 ,66 4 ,47 1 ,24 1 ,51 1 ,21 4 ,94 5
49077 549.000000 2707.500000 ,52 4 ,87 2
50483 538.500000 2727.000000 ,19 3
55774 525.000000 2674.500000 ,57 5 ,73 4 ,55 4 ,63 2
73632 561.000000 2709.000000 ,69 2
84550 538.500000 2686.500000 ,53 1 ,65 1 ,69 2
85051 564.000000 2686.500000 ,53 5 ,77 3 ,26 3 ,69 2 ,96 2 ,61 3
86068 520.500000 2724.000000 ,11 2 ,63 4 ,62 1 ,51 1 ,9 1 ,55 5
87666 535.500000 2685.000000 ,97 4 ,11 4 ,43 5 ,19 4 ,59 1
87722 526.500000 2706.000000 ,7 1 ,38 2 ,57 3 ,29 5
88293 550.500000 2682.000000 ,25 4 ,31 1 ,33 5
97112 564.000000 2718.000000 ,56 1 ,79 5 ,83 2
