11960 2161.500000 40.500000 ,9 1
13842 2158.500000 60.000000 ,60 3 ,18 2 ,17 2
15498 2163.000000 40.500000 ,21 3 ,44 3
26105 2136.000000 54.000000 ,81 2 ,88 2 ,30 1 ,39 1
27426 2131.500000 52.500000 ,29 2 ,23 5 ,30 5 ,55 5
30273 2146.500000 16.500000 ,90 4 ,88 1
36511 2155.500000 1.500000 ,3 4 ,60 2 ,63 5 ,37 5
54502 2161.500000 55.500000 ,84 3 ,82 5
55538 2137.500000 58.500000 ,62 3 ,37 3 ,48 4 ,71 3 ,64 5 ,4 4
67332 2134.500000 36.000000 ,13 5 ,26 1 ,85 2
71648 2140.500000 40.500000 ,80 3 ,59 1 ,61 5 ,82 2 ,7 3
72607 2140.500000 4.500000 ,1 2 ,43 5 ,84 3 ,27 2 ,50 2 ,76 2
74272 2154.000000 58.500000 ,7 3 ,23 1 ,38 3 ,87 1 ,58 1
84128 2134.500000 60.000000 ,58 3 ,95 1 ,50 5
84766 2142.000000 18.000000 ,28 2 ,5 1
87508 2154.000000 46.500000 ,23 2 ,64 2 ,88 2
88121 2134.500000 4.500000 ,76 2 ,82 1 ,5 4 ,41 5 ,70 5
