137 652.500000 2056.500000 ,13 3 ,3 1 ,60 1 ,72 4 ,46 5 ,12 1
471 670.500000 2020.500000 ,24 4
1595 652.500000 2016.000000 ,50 5 ,96 2 ,52 5 ,71 4 ,55 1
12868 687.000000 2041.500000 ,84 1 ,98 3 ,95 2 ,13 2
14288 666.000000 2056.500000 ,97 5 ,86 5 ,38 3 ,79 4 ,18 4 ,83 5
23334 669.000000 2049.000000 ,60 4
26400 687.000000 2022.000000 ,56 2 ,9 1 ,58 4
26759 619.500000 2032.500000 ,78 3
27570 667.500000 2037.000000 ,64 2 ,70 2 ,29 4 ,38 1
27898 654.000000 2038.500000 ,53 3 ,90 2 ,46 1
30694 684.000000 2040.000000 ,59 4 ,81 1
38122 631.500000 2056.500000 ,61 4 ,78 4
38644 640.500000 2016.000000 ,51 3 ,38 5
42418 654.000000 2016.000000 ,44 3 ,14 5 ,4 2 ,13 4
45282 655.500000 2034.000000 ,50 3 ,41 2 ,81 4 ,72 1 ,77 2
47920 634.500000 2037.000000 ,44 3 ,77 5 ,58 1 ,43 3 ,19 4
56351 622.500000 2052.000000 ,40 2 ,57 4 ,74 2 ,58 2 ,93 1 ,18 2
62416 672.000000 2023.500000 ,69 3
77748 619.500000 2019.000000 ,19 1 ,76 5 ,57 5
86290 673.500000 2019.000000 ,91 5 ,32 2 ,72 3
87141 669.000000 2050.500000 ,92 3 ,89 5 ,5 4 ,30 1
87951 646.500000 2025.000000 ,55 3 ,40 4 ,43 4 ,19 4
90150 648.000000 2044.500000 ,71 4 ,18 3 ,61 2 ,79 5 ,57 4
90161 679.500000 2055.000000 ,33 2 ,51 5 ,30 4 ,96 5
91809 636.000000 2038.500000 ,91 1 ,35 2 ,26 2 ,86 4
96922 657.000000 2055.000000 ,90 2 ,1 5 ,63 1 ,99 2
