2246 39.000000 733.500000 ,99 5
3451 18.000000 829.500000 ,36 2 ,3 3 ,40 1
4022 48.000000 741.000000 ,6 2 ,91 1
5494 25.500000 829.500000 ,76 1
10017 27.000000 792.000000 ,16 5 ,15 3 ,69 3 ,53 4 ,24 4 ,27 2
10196 36.000000 816.000000 ,52 4
12457 42.000000 747.000000 ,57 1 ,43 5 ,37 2 ,65 1
13225 15.000000 808.500000 ,5 2 ,76 1 ,96 2
20077 3.000000 738.000000 ,44 5 ,39 1 ,34 4
23932 33.000000 819.000000 ,26 1 ,27 5 ,39 4 ,80 3
28164 16.500000 805.500000 ,65 3 ,88 4 ,18 3 ,9 4
30408 0.000000 810.000000 ,80 1 ,50 5 ,70 4 ,97 5
36786 34.500000 738.000000 ,64 2 ,0 5 ,6 4 ,73 4 ,51 3 ,58 5
40177 46.500000 772.500000 ,78 3 ,91 5 ,34 5 ,75 1 ,60 2 ,4 4
41359 30.000000 718.500000 ,83 4 ,75 3
42978 45.000000 793.500000 ,12 2 ,38 2 ,30 2 ,87 2 ,35 2 ,52 1
44109 4.500000 718.500000 ,9 1 ,53 5 ,45 2 ,35 2 ,11 3 ,10 5
44441 31.500000 720.000000 ,81 2 ,28 3 ,68 2
48255 19.500000 804.000000 ,49 2 ,40 3 ,62 5
48657 18.000000 735.000000 ,77 3
49877 10.500000 813.000000 ,71 3 ,83 3 ,57 3
54297 25.500000 760.500000 ,49 1 ,11 1 ,25 4 ,35 4 ,77 5
54445 49.500000 790.500000 ,18 2 ,98 2 ,55 1 ,79 2 ,32 4 ,15 3
54508 28.500000 726.000000 ,47 5 ,35 5 ,2 1 ,70 2
55647 7.500000 751.500000 ,19 4 ,90 4 ,54 4 ,71 4 ,17 5
64866 19.500000 789.000000 ,89 1 ,91 5 ,57 2 ,49 1
66047 34.500000 828.000000 ,20 4 ,62 1 ,23 3
71176 9.000000 813.000000 ,29 1 ,79 5 ,84 5 ,25 3
74344 22.500000 832.500000 ,31 3
76187 30.000000 762.000000 ,36 4 ,62 4 ,66 2 ,78 1 ,2 4 ,33 5
85759 43.500000 742.500000 ,66 2 ,41 1 ,79 4 ,52 5
92325 48.000000 756.000000 ,38 3
94390 40.500000 804.000000 ,11 4 ,8 2 ,81 5 ,60 1 ,66 1 ,62 3
95885 10.500000 733.500000 ,40 4 ,51 4 ,17 4 ,65 2 ,22 3 ,21 2
98756 19.500000 792.000000 ,53 5 ,41 1 ,80 4 ,75 1 ,38 2 ,64 4
99229 21.000000 808.500000 ,60 3 ,51 1 ,64 1 ,33 4
99348 33.000000 816.000000 ,27 3 ,72 3 ,21 1 ,69 2
