4246 705.000000 1546.500000 ,62 4
10809 687.000000 1569.000000 ,14 5 ,60 4
11135 705.000000 1543.500000 ,84 2 ,14 2 ,90 2 ,89 3 ,20 2
12699 697.500000 1564.500000 ,30 3
13276 700.500000 1528.500000 ,95 4 ,41 4
18237 693.000000 1572.000000 ,7 2 ,6 3 ,57 4 ,29 4 ,71 4 ,17 5
20618 697.500000 1557.000000 ,57 1
22280 681.000000 1551.000000 ,53 3 ,12 5 ,47 3
33995 667.500000 1480.500000 ,13 2 ,78 1 ,64 2
34522 660.000000 1456.500000 ,47 3 ,37 3 ,70 5
36399 699.000000 1575.000000 ,89 1 ,59 3 ,10 2 ,29 4 ,44 5
38966 676.500000 1558.500000 ,31 3
39813 666.000000 1474.500000 ,93 1 ,73 5 ,28 5 ,32 2 ,89 3 ,96 2
49434 676.500000 1533.000000 ,24 4
52107 691.500000 1533.000000 ,55 1 ,60 1
52875 670.500000 1539.000000 ,86 3 ,11 3
57371 699.000000 1555.500000 ,48 5 ,29 4 ,54 3 ,13 1 ,42 2
64790 685.500000 1549.500000 ,57 5 ,5 1 ,49 2 ,45 5 ,78 2
66503 679.500000 1543.500000 ,11 5 ,35 2 ,50 5
73449 675.000000 1582.500000 ,87 5 ,83 1
83472 672.000000 1537.500000 ,26 3 ,88 5 ,5 3 ,25 3 ,89 4 ,29 4
84204 708.000000 1551.000000 ,84 5 ,22 3 ,39 1 ,96 2 ,83 2 ,31 4
86380 687.000000 1540.500000 ,55 2 ,71 1 ,59 2 ,98 3 ,89 3
92771 666.000000 1552.500000 ,48 1 ,97 4 ,91 2
