3247 220.500000 1299.000000 ,15 4 ,50 3 ,92 3 ,11 1 ,10 5
8426 223.500000 1261.500000 ,69 5 ,53 1 ,14 2 ,88 2
9728 231.000000 1278.000000 ,63 4 ,29 3 ,73 4 ,87 2 ,20 4 ,0 1
13361 223.500000 1257.000000 ,83 1 ,35 4 ,67 5 ,34 4 ,88 5 ,90 4
19646 217.500000 1261.500000 ,18 5 ,94 4
19795 244.500000 1252.500000 ,86 3 ,90 2 ,49 1 ,43 4 ,44 4
28966 243.000000 1276.500000 ,16 4
30717 220.500000 1300.500000 ,28 1 ,50 3 ,20 2 ,27 1 ,81 1 ,41 2
35036 235.500000 1287.000000 ,66 4 ,14 3 ,34 3 ,56 4
39722 229.500000 1266.000000 ,75 5 ,45 4 ,20 2
40219 243.000000 1302.000000 ,16 5 ,57 1 ,35 5 ,26 1 ,2 1
45998 231.000000 1291.500000 ,66 3 ,79 5 ,35 1 ,5 4 ,2 3
47254 217.500000 1285.500000 ,28 1 ,17 5 ,42 1 ,1 1 ,68 2
52761 211.500000 1273.500000 ,61 3 ,11 3 ,27 1 ,88 3
57176 244.500000 1288.500000 ,53 1 ,81 1 ,54 4
58770 244.500000 1296.000000 ,19 2 ,84 2 ,18 5 ,30 2 ,96 2 ,86 1
63204 246.000000 1258.500000 ,99 2 ,10 2 ,83 5 ,72 5 ,20 5 ,11 1
72996 243.000000 1279.500000 ,75 3 ,37 1 ,96 1 ,87 2 ,6 4
77277 229.500000 1239.000000 ,55 1 ,73 2 ,38 4
95078 225.000000 1257.000000 ,48 3 ,60 3 ,88 3 ,69 1
