1680 3126.000000 70.500000 ,82 1 ,68 4 ,58 4 ,98 5
5409 3141.000000 16.500000 ,7 2 ,10 1
15589 3130.500000 70.500000 ,40 1 ,85 4 ,61 3 ,18 2
17236 3112.500000 51.000000 ,64 3 ,78 1 ,5 1 ,36 3 ,57 2 ,87 4
19492 3118.500000 63.000000 ,77 5 ,27 4 ,83 1
30468 3139.500000 22.500000 ,7 5 ,30 2 ,31 3 ,8 1
34535 3136.500000 51.000000 ,75 3 ,54 4 ,69 4 ,62 5 ,6 3 ,40 1
37672 3141.000000 30.000000 ,79 5 ,12 2 ,51 5 ,27 3 ,67 5
39578 3144.000000 13.500000 ,30 4 ,3 5 ,16 2 ,66 5
39974 3114.000000 12.000000 ,68 2 ,42 4 ,49 3
43810 3102.000000 18.000000 ,91 4 ,18 2 ,22 2 ,99 5 ,12 4
51044 3127.500000 42.000000 ,14 3
52701 3118.500000 42.000000 ,48 1 ,32 3 ,43 2
56668 3145.500000 25.500000 ,59 4 ,73 5 ,94 3 ,35 1 ,38 4
57793 3123.000000 43.500000 ,59 3 ,11 5 ,77 5 ,54 3
65680 3132.000000 3.000000 ,37 1 ,46 5 ,21 2 ,42 4
66998 3141.000000 25.500000 ,54 5 ,5 4
68840 3141.000000 9.000000 ,12 3 ,89 1 ,29 4
69828 3097.500000 52.500000 ,51 2 ,63 5 ,30 5 ,70 1 ,66 5
70439 3127.500000 37.500000 ,7 2
78329 3108.000000 33.000000 ,92 5 ,8 1
78827 3141.000000 36.000000 ,3 1 ,76 3 ,91 1 ,97 2 ,83 3 ,72 4
84655 3097.500000 63.000000 ,33 2 ,64 1
85650 3130.500000 69.000000 ,64 2 ,9 4 ,61 4 ,51 5
85965 3133.500000 25.500000 ,2 4 ,8 2
91109 3097.500000 16.500000 ,11 2 ,55 2 ,87 1 ,2 3 ,3 5 ,47 4
96614 3100.500000 39.000000 ,93 1 ,89 5 ,4 2 ,37 5 ,12 3
