4990 2527.500000 1254.000000 ,45 3 ,54 1 ,49 1
6817 2563.500000 1251.000000 ,91 5 ,23 1
12120 2551.500000 1242.000000 ,39 3 ,23 1 ,2 5
12651 2524.500000 1252.500000 ,32 5 ,22 3
19491 2524.500000 1224.000000 ,71 2 ,74 4 ,34 3 ,67 1 ,89 4 ,57 3
31628 2547.000000 1231.500000 ,54 2 ,56 3 ,53 1 ,22 1
39981 2557.500000 1215.000000 ,92 1
53925 2538.000000 1246.500000 ,33 4 ,93 2 ,56 5 ,54 3 ,30 3
55669 2544.000000 1254.000000 ,62 5 ,99 4 ,25 1 ,8 5
57287 2539.500000 1242.000000 ,88 5
57530 2544.000000 1221.000000 ,90 5 ,91 2 ,10 4
61657 2568.000000 1227.000000 ,4 1 ,2 4 ,75 4
63678 2548.500000 1245.000000 ,92 5 ,73 4 ,72 5
68147 2532.000000 1243.500000 ,31 3 ,67 3 ,41 2 ,97 5
72234 2550.000000 1254.000000 ,97 3 ,41 2
74487 2521.500000 1231.500000 ,76 5 ,41 3
78936 2568.000000 1254.000000 ,78 1 ,60 5 ,62 5 ,36 3
96860 2532.000000 1252.500000 ,96 4 ,16 5 ,11 2 ,39 5 ,7 3 ,78 4
99350 2545.500000 1230.000000 ,97 2 ,20 4 ,42 1 ,77 4
