2394,3,358,5,0
23787,3
23791,0
23785,13
2398,3,12,471,2
2393,3,1,2,5,0
23788,2,3
23487,1,4,2,5,0
23489,1,2,3,0
23389,0
23390,3
23391,1,2,3,0
23388,1,2,5,0
23386,10,3,0
23393,3,0
23527,1,2,5,3
23845,1,2,3,0
23848,0
23691,9,4,1,15,0
23697,1,15,0
23693,1,2,0
23698,1,4,2,3
23696,1,4,0
2402,1,4,5,0
23690,4,1,0
23699,1,2,0
23695,1,2,15
23687,1,4,2,5,3
23483,9,3,1,4
23694,6,0,7
23683,1,4,0
23682,1,4,2,5,3,0
23484,3,587
23849,1,4,2,3,0
23680,1,4,2,5,3,0
23679,1,4,2,3,0
23685,1,2,0
23686,3
23681,3
23688,1,0
