1638 4321.500000 2173.500000 ,35 2
6103 4314.000000 2218.500000 ,73 4 ,3 5
11192 4306.500000 2203.500000 ,43 2 ,35 5
19962 4332.000000 2248.500000 ,22 3 ,91 1 ,33 4 ,13 3 ,56 2 ,64 2
28400 4306.500000 2256.000000 ,86 2 ,89 2 ,55 4 ,27 5
29445 4345.500000 2247.000000 ,45 1 ,89 3 ,0 1
30569 4311.000000 2251.500000 ,32 5 ,72 3 ,12 5 ,77 5 ,84 2
30895 4345.500000 2265.000000 ,75 2 ,91 2 ,55 4 ,31 1
34873 4315.500000 2221.500000 ,43 4 ,6 5 ,28 1 ,42 1
37161 4306.500000 2185.500000 ,10 4 ,17 1
38314 4341.000000 2250.000000 ,53 1
44489 4341.000000 2233.500000 ,65 4 ,42 3 ,76 4 ,0 4 ,16 2
46794 4306.500000 2193.000000 ,40 4 ,97 1 ,21 2 ,15 3 ,23 5
47658 4324.500000 2194.500000 ,29 2 ,74 3 ,95 4 ,13 2 ,58 3
48389 4329.000000 2254.500000 ,31 5 ,9 1 ,52 2 ,26 2
48993 4309.500000 2232.000000 ,47 1 ,37 2
52669 4306.500000 2196.000000 ,5 3 ,57 1 ,43 3 ,65 2
54040 4324.500000 2170.500000 ,46 5 ,29 5
58966 4339.500000 2187.000000 ,37 3 ,19 3 ,72 4 ,48 5 ,27 2 ,15 2
59128 4309.500000 2197.500000 ,99 5
59546 4333.500000 2263.500000 ,5 3 ,88 2 ,17 5
64124 4329.000000 2176.500000 ,78 5 ,89 1 ,28 1
67209 4342.500000 2248.500000 ,71 1 ,48 1 ,69 3 ,83 3 ,81 4
69545 4348.500000 2257.500000 ,85 5 ,22 3 ,69 5 ,73 3 ,31 2 ,71 3
72820 4347.000000 2266.500000 ,47 2 ,97 2 ,59 1 ,28 3
73163 4323.000000 2203.500000 ,26 2 ,70 5
75440 4333.500000 2170.500000 ,62 2
75588 4314.000000 2226.000000 ,43 3 ,0 4 ,46 3 ,36 2
78089 4350.000000 2211.000000 ,8 2 ,49 2 ,45 1 ,23 2
83135 4348.500000 2226.000000 ,51 3 ,95 4 ,3 4 ,71 4 ,61 5 ,10 4
87897 4315.500000 2190.000000 ,50 4 ,96 4 ,17 1
90458 4330.500000 2205.000000 ,86 4 ,62 5 ,42 2 ,78 3 ,10 1 ,30 1
90713 4338.000000 2175.000000 ,54 1 ,34 2
91055 4333.500000 2223.000000 ,57 3 ,93 3 ,15 4
