2651 3067.500000 282.000000 ,3 1
6995 3075.000000 256.500000 ,45 1 ,14 5 ,31 2 ,98 1
10866 3067.500000 273.000000 ,39 4 ,2 1 ,71 5 ,66 5 ,68 4 ,24 3
15547 3084.000000 261.000000 ,86 5 ,6 3
32245 3072.000000 262.500000 ,7 4 ,75 4
35371 3063.000000 276.000000 ,69 1 ,83 5 ,45 1 ,11 3 ,6 1 ,13 1
42966 3094.500000 264.000000 ,20 3
48031 3060.000000 285.000000 ,62 1 ,26 1 ,97 5
49038 3076.500000 264.000000 ,0 4 ,48 2 ,67 5 ,51 4
57917 3111.000000 255.000000 ,91 4 ,57 4 ,99 2 ,65 1
58492 3067.500000 250.500000 ,63 5 ,79 2 ,64 5 ,48 4
69143 3060.000000 259.500000 ,96 4 ,16 2 ,26 1 ,84 2 ,15 3
69926 3064.500000 258.000000 ,28 4 ,38 1 ,10 3 ,46 5
70201 3091.500000 282.000000 ,29 1 ,12 3 ,46 5
71237 3093.000000 277.500000 ,72 2 ,25 4 ,4 2 ,60 5 ,71 5
76179 3093.000000 264.000000 ,2 4 ,92 5
88305 3084.000000 279.000000 ,83 4 ,66 3 ,48 4 ,55 3
98455 3091.500000 247.500000 ,33 1
98898 3085.500000 262.500000 ,67 1
