4223 4239.000000 1692.000000 ,5 1 ,65 1 ,46 4 ,31 5
12377 4260.000000 1690.500000 ,67 4 ,35 2 ,78 5 ,91 1
19125 4245.000000 1714.500000 ,59 1 ,61 3 ,0 4 ,17 3 ,53 3 ,86 5
28765 4276.500000 1701.000000 ,12 1 ,23 4 ,26 4 ,32 4
28817 4269.000000 1699.500000 ,9 3
34351 4252.500000 1704.000000 ,32 1 ,75 5 ,40 4 ,67 5 ,24 5
41560 4252.500000 1693.500000 ,86 4 ,41 1 ,31 1 ,55 5
44760 4278.000000 1707.000000 ,92 2 ,28 1 ,19 5
45058 4210.500000 1696.500000 ,8 4 ,56 2 ,42 1 ,81 4
45195 4258.500000 1693.500000 ,68 3 ,98 1 ,54 2 ,23 3 ,81 3
45303 4264.500000 1695.000000 ,4 1 ,12 4 ,6 1 ,67 4 ,22 1
60740 4266.000000 1710.000000 ,71 1 ,98 5 ,42 5 ,64 2 ,84 5 ,17 1
71891 4230.000000 1711.500000 ,15 1
72989 4204.500000 1713.000000 ,51 3 ,68 3 ,83 4 ,56 5 ,18 4 ,22 3
81697 4233.000000 1714.500000 ,81 2 ,55 3 ,99 1 ,64 2 ,30 5
87001 4231.500000 1701.000000 ,55 4 ,29 5 ,21 4 ,5 2 ,96 2
88298 4269.000000 1710.000000 ,95 4
92874 4225.500000 1695.000000 ,31 2 ,10 5 ,77 5 ,5 1 ,84 1
99145 4237.500000 1716.000000 ,4 4 ,27 1 ,33 3
