369 1875.000000 2070.000000 ,30 2 ,15 4
1596 1867.500000 2037.000000 ,17 2 ,19 1 ,87 1
7965 1912.500000 2040.000000 ,24 4
9815 1878.000000 2070.000000 ,12 3
13797 1849.500000 2055.000000 ,50 4 ,26 4
20815 1864.500000 2050.500000 ,18 4 ,45 1 ,32 2
27194 1854.000000 2053.500000 ,58 2 ,42 5 ,86 1 ,80 1 ,65 1
37209 1872.000000 2044.500000 ,9 4 ,57 1
39832 1873.500000 2073.000000 ,37 1 ,94 4 ,93 4 ,83 1 ,91 3
42179 1884.000000 2071.500000 ,62 1 ,19 2
42211 1915.500000 2035.500000 ,70 4 ,2 5 ,96 5 ,56 1 ,47 3 ,53 5
50031 1860.000000 2067.000000 ,96 5 ,19 1 ,12 2 ,33 5
50159 1917.000000 2041.500000 ,81 1 ,83 3 ,4 3 ,70 2 ,69 1 ,64 5
54738 1903.500000 2050.500000 ,75 1 ,54 3 ,19 5 ,71 3 ,74 3 ,0 3
55073 1912.500000 2062.500000 ,18 4 ,39 5
57242 1858.500000 2056.500000 ,88 4
65818 1894.500000 2055.000000 ,20 1
83195 1920.000000 2070.000000 ,28 3 ,50 2 ,33 2 ,22 1 ,20 4
83829 1903.500000 2058.000000 ,0 3
87106 1899.000000 2041.500000 ,22 1 ,65 5 ,23 3 ,21 5 ,61 2
88791 1866.000000 2071.500000 ,59 2 ,23 3 ,20 5 ,7 4 ,74 5
90149 1914.000000 2056.500000 ,22 1 ,36 2 ,32 3 ,17 2 ,48 1 ,69 2
90224 1855.500000 2049.000000 ,2 3
