8534 4288.500000 436.500000 ,82 3 ,3 1 ,16 2 ,6 3
13718 4320.000000 415.500000 ,8 2
33532 4306.500000 423.000000 ,33 4
39297 4324.500000 432.000000 ,38 4 ,72 2 ,55 5 ,3 1 ,74 1 ,27 3
40813 4300.500000 433.500000 ,13 2 ,58 2 ,42 1 ,43 1 ,96 1 ,52 4
41778 4285.500000 451.500000 ,99 5 ,70 4 ,4 4 ,28 3 ,80 4 ,84 3
41949 4323.000000 423.000000 ,34 3 ,27 1 ,94 1 ,46 4 ,20 1 ,55 2
45039 4278.000000 433.500000 ,43 2 ,58 3 ,12 2 ,28 5 ,41 2
52501 4318.500000 406.500000 ,63 3 ,29 1
57709 4314.000000 441.000000 ,11 1 ,85 4 ,52 2 ,59 2 ,24 2 ,70 2
66511 4278.000000 420.000000 ,99 5
69481 4326.000000 420.000000 ,42 2
71650 4273.500000 418.500000 ,38 4 ,54 3 ,70 5 ,14 2 ,10 1 ,81 4
71990 4288.500000 402.000000 ,6 4 ,46 2 ,43 3 ,25 3
73502 4318.500000 432.000000 ,94 3 ,36 4 ,14 4 ,1 2 ,65 1
75136 4320.000000 445.500000 ,52 3
78619 4294.500000 447.000000 ,38 1
83568 4291.500000 405.000000 ,2 5 ,36 1 ,84 3
83956 4275.000000 442.500000 ,93 1 ,83 5
90649 4329.000000 444.000000 ,53 2 ,30 3 ,22 2 ,74 4 ,34 3 ,15 1
94176 4324.500000 441.000000 ,51 1 ,47 4 ,87 2 ,2 3 ,64 2 ,45 3
95278 4293.000000 433.500000 ,99 2
