512 3099.000000 2856.000000 ,78 4 ,1 3
5528 3133.500000 2859.000000 ,82 2
11141 3103.500000 2865.000000 ,11 5 ,12 3
14184 3127.500000 2848.500000 ,43 1 ,72 1 ,83 2 ,4 5 ,39 1 ,63 3
14458 3096.000000 2805.000000 ,72 3 ,90 2
16247 3129.000000 2848.500000 ,10 2 ,33 4 ,35 2
16658 3097.500000 2869.500000 ,46 5 ,22 4
20591 3097.500000 2820.000000 ,59 1 ,16 3 ,40 4
27087 3099.000000 2868.000000 ,92 4 ,13 4 ,35 5 ,34 3
34690 3121.500000 2827.500000 ,32 5
41625 3096.000000 2827.500000 ,35 2 ,83 3 ,59 2 ,6 4 ,4 1
42100 3099.000000 2806.500000 ,61 4
42146 3102.000000 2856.000000 ,55 3 ,88 3 ,85 4
51613 3097.500000 2832.000000 ,8 4 ,74 2 ,33 4 ,44 1 ,62 1
54200 3097.500000 2854.500000 ,97 4 ,78 1 ,85 3 ,45 4 ,77 3 ,63 2
57896 3093.000000 2815.500000 ,97 1 ,78 3 ,80 5 ,83 2
65159 3109.500000 2823.000000 ,42 2 ,46 4 ,13 2 ,0 4
65426 3088.500000 2820.000000 ,84 3
70783 3129.000000 2851.500000 ,89 4
86664 3115.500000 2811.000000 ,55 3 ,61 4 ,85 4 ,51 2
