4874 249.000000 2071.500000 ,11 5 ,86 4 ,13 2 ,32 2
5214 279.000000 2073.000000 ,47 3
7307 286.500000 2061.000000 ,44 2 ,32 3 ,64 1 ,62 3 ,60 3 ,35 2
7565 240.000000 2044.500000 ,59 1 ,73 3 ,24 5 ,51 2 ,1 3
9281 246.000000 2043.000000 ,52 5 ,36 5 ,60 2 ,40 4 ,99 2 ,90 3
10381 289.500000 2062.500000 ,83 2
18695 283.500000 2044.500000 ,47 3 ,14 2
19896 294.000000 2070.000000 ,48 1 ,75 3
20062 243.000000 2064.000000 ,11 1 ,49 3 ,35 2 ,75 4 ,65 5 ,89 1
20712 264.000000 2038.500000 ,89 4 ,75 4 ,32 4 ,96 2
22666 249.000000 2067.000000 ,78 2 ,59 4 ,3 2 ,99 2 ,39 4
24306 277.500000 2055.000000 ,70 3
31050 256.500000 2067.000000 ,35 1 ,40 1 ,53 1 ,39 5
33448 285.000000 2062.500000 ,88 2 ,49 2 ,4 4 ,58 4
36225 306.000000 2040.000000 ,82 3 ,83 5
40206 303.000000 2065.500000 ,30 2
45667 276.000000 2029.500000 ,73 3 ,3 1 ,69 2
50833 274.500000 2025.000000 ,54 4 ,33 4 ,51 1 ,4 5 ,74 5
53999 267.000000 2053.500000 ,59 4 ,33 2 ,6 2 ,46 2
60570 306.000000 2040.000000 ,94 2 ,30 3 ,67 2 ,55 5 ,47 3 ,78 2
62902 265.500000 2032.500000 ,7 2 ,91 3 ,44 4 ,20 2 ,78 4
63280 246.000000 2070.000000 ,50 1 ,44 2 ,9 5 ,15 4
64936 304.500000 2058.000000 ,8 5 ,80 3 ,4 5 ,37 1 ,39 2 ,88 2
65380 277.500000 2059.500000 ,37 4 ,77 4 ,15 4 ,71 2 ,95 4 ,28 2
67677 280.500000 2068.500000 ,53 4 ,73 4 ,66 4
71825 283.500000 2071.500000 ,7 4 ,40 1 ,90 1
72580 273.000000 2062.500000 ,36 5 ,17 2 ,65 3 ,5 2 ,59 2 ,99 1
76365 237.000000 2037.000000 ,14 1 ,36 1 ,6 4 ,83 4
81057 243.000000 2058.000000 ,86 4 ,91 4
81331 265.500000 2056.500000 ,92 2 ,59 2 ,97 4 ,13 2
86341 253.500000 2040.000000 ,77 1 ,36 2 ,95 1 ,61 5 ,37 5
91601 261.000000 2037.000000 ,45 1 ,36 3 ,40 5 ,82 3
95123 285.000000 2068.500000 ,9 4 ,12 1
