1543 3558.000000 487.500000 ,12 2 ,86 4 ,97 2 ,75 2 ,13 4 ,91 1
3150 3561.000000 492.000000 ,37 3 ,16 2
5554 3535.500000 465.000000 ,25 2 ,63 2 ,32 1 ,73 4 ,87 3
5644 3552.000000 502.500000 ,92 5 ,31 1 ,86 3
7650 3558.000000 460.500000 ,23 1 ,73 3 ,74 4 ,44 4 ,30 3
13297 3538.500000 495.000000 ,11 3
13671 3559.500000 511.500000 ,15 2 ,94 3
17060 3564.000000 459.000000 ,43 3 ,37 4
17338 3573.000000 504.000000 ,36 3 ,2 5 ,8 1 ,46 4
27731 3574.500000 492.000000 ,39 3 ,18 1 ,76 5 ,56 2 ,79 3 ,96 3
31548 3573.000000 495.000000 ,78 5 ,30 1
32727 3553.500000 514.500000 ,19 1 ,55 1
36789 3562.500000 465.000000 ,26 2 ,65 5 ,21 4 ,95 3 ,99 5 ,54 1
40459 3574.500000 480.000000 ,78 5 ,13 2 ,97 4 ,83 3
42739 3535.500000 522.000000 ,37 5 ,61 4
46991 3576.000000 489.000000 ,63 4 ,68 1
47116 3571.500000 468.000000 ,42 1 ,51 1 ,67 5 ,8 1 ,73 5 ,32 3
47802 3576.000000 486.000000 ,44 4 ,24 3
52560 3555.000000 484.500000 ,21 4 ,38 4 ,45 5 ,51 2
54824 3582.000000 456.000000 ,66 2 ,0 1
63136 3576.000000 499.500000 ,55 3 ,93 5 ,75 5 ,88 5
69715 3538.500000 471.000000 ,53 2 ,50 1 ,61 4 ,6 4 ,82 2
70476 3568.500000 511.500000 ,1 5
70588 3556.500000 477.000000 ,65 1 ,34 5 ,27 2 ,28 5 ,19 4
79236 3543.000000 454.500000 ,56 5 ,31 1 ,90 5
79522 3547.500000 498.000000 ,90 4
81082 3562.500000 513.000000 ,3 1 ,17 3 ,87 4 ,20 3 ,53 2 ,63 3
85882 3568.500000 519.000000 ,37 5 ,25 4
88096 3576.000000 511.500000 ,16 1 ,59 3 ,58 4
90833 3571.500000 486.000000 ,39 1 ,81 3 ,20 2 ,41 1 ,51 2
94396 3571.500000 463.500000 ,14 3 ,75 1 ,13 2 ,3 3 ,23 5
94534 3571.500000 480.000000 ,14 5 ,71 2 ,72 5 ,74 2 ,47 1 ,28 3
96858 3583.500000 501.000000 ,40 2 ,25 1
97541 3564.000000 523.500000 ,42 2 ,10 5 ,57 2 ,30 3 ,31 2 ,21 2
98083 3538.500000 526.500000 ,20 1 ,45 1 ,76 1 ,14 2 ,35 2
98428 3547.500000 474.000000 ,13 1 ,18 5 ,21 2 ,56 2 ,40 3 ,78 4
