11751 1701.000000 2728.500000 ,1 3 ,62 2
23374 1693.500000 2677.500000 ,46 1 ,11 1 ,41 3
23676 1689.000000 2730.000000 ,34 5
24043 1719.000000 2742.000000 ,86 3 ,37 2 ,74 2 ,80 4 ,75 2 ,63 4
29240 1696.500000 2745.000000 ,17 2 ,84 3
33805 1720.500000 2737.500000 ,74 1 ,84 2 ,17 5 ,76 1 ,48 1 ,94 2
33924 1705.500000 2679.000000 ,1 4 ,65 1 ,99 4 ,75 2 ,11 3
35171 1705.500000 2725.500000 ,62 3 ,28 5 ,82 1
35828 1713.000000 2695.500000 ,99 3 ,28 1
37144 1693.500000 2749.500000 ,57 3 ,81 3 ,96 4
37592 1711.500000 2749.500000 ,98 3 ,66 2 ,99 1
38505 1722.000000 2754.000000 ,61 4 ,73 4 ,21 3 ,69 5 ,81 4 ,77 5
39672 1707.000000 2743.500000 ,65 2 ,10 5 ,7 2
44344 1713.000000 2734.500000 ,64 1 ,94 4 ,43 2 ,40 1 ,52 5 ,13 3
47629 1713.000000 2736.000000 ,77 5 ,59 5 ,61 1 ,19 1 ,40 5
53066 1702.500000 2677.500000 ,64 1 ,1 1
55371 1726.500000 2716.500000 ,26 3 ,27 3 ,64 1 ,96 2
71731 1695.000000 2676.000000 ,3 3 ,28 1
76085 1711.500000 2755.500000 ,4 5 ,27 1 ,95 4 ,68 1
79329 1705.500000 2694.000000 ,52 5 ,73 4
83710 1687.500000 2715.000000 ,88 4 ,54 2 ,62 3 ,7 2 ,5 1 ,39 5
86104 1711.500000 2758.500000 ,53 3 ,42 2 ,28 1
87499 1713.000000 2691.000000 ,81 4 ,9 4 ,46 4 ,63 3
91324 1686.000000 2703.000000 ,68 2 ,33 5
93930 1723.500000 2718.000000 ,89 5 ,64 1 ,23 2 ,40 4 ,91 2 ,57 1
