4174 3924.000000 2106.000000 ,44 4 ,14 2
4216 3879.000000 2106.000000 ,78 2 ,81 3
5026 3936.000000 2140.500000 ,62 1 ,83 3
9396 3834.000000 2121.000000 ,55 4 ,25 4 ,0 1 ,9 1
12024 3831.000000 2116.500000 ,13 2 ,15 2 ,63 1
12525 3903.000000 2122.500000 ,25 1 ,51 4
20302 3888.000000 2116.500000 ,0 5 ,29 2 ,5 4 ,93 4
21274 3855.000000 2134.500000 ,94 1 ,6 3 ,81 4 ,48 4 ,25 1
22777 3904.500000 2125.500000 ,82 1 ,78 1 ,85 3 ,41 5 ,17 5
29018 3939.000000 2107.500000 ,19 5 ,26 5
29324 3861.000000 2133.000000 ,55 1 ,1 4 ,62 1 ,40 4 ,88 1 ,19 3
30734 3891.000000 2137.500000 ,91 3 ,76 2 ,40 3 ,70 4 ,67 1 ,32 1
31242 3933.000000 2103.000000 ,51 2
33095 3940.500000 2113.500000 ,69 3 ,82 2
37273 3847.500000 2107.500000 ,36 3 ,9 5 ,33 2
40382 3906.000000 2122.500000 ,18 4 ,76 1 ,80 2
41807 3862.500000 2107.500000 ,81 3 ,52 3 ,37 1 ,47 4 ,19 3 ,84 4
44969 3909.000000 2119.500000 ,74 3 ,8 2 ,3 5 ,49 5 ,66 3 ,73 1
45186 3870.000000 2104.500000 ,81 5 ,56 4 ,11 1 ,12 4
47668 3900.000000 2137.500000 ,43 4 ,91 4
49618 3912.000000 2131.500000 ,43 4 ,80 1 ,70 3
51549 3934.500000 2142.000000 ,85 5
52905 3942.000000 2119.500000 ,33 3 ,31 2
54785 3829.500000 2131.500000 ,71 2 ,68 4 ,19 5 ,96 4
58578 3910.500000 2119.500000 ,37 4
66041 3894.000000 2137.500000 ,90 2 ,63 4
68398 3856.500000 2134.500000 ,26 3 ,61 2 ,28 3
76138 3918.000000 2104.500000 ,21 2 ,97 4 ,98 3 ,54 1
88325 3861.000000 2142.000000 ,81 2 ,97 1 ,88 5 ,13 3
88975 3921.000000 2142.000000 ,33 4 ,21 3 ,24 5 ,87 2 ,66 3 ,97 3
89421 3900.000000 2127.000000 ,53 2 ,77 4 ,36 3 ,3 4
89764 3862.500000 2133.000000 ,23 5 ,94 5 ,71 1 ,85 5 ,37 2
93726 3843.000000 2137.500000 ,89 5 ,0 1 ,51 2 ,54 4
95288 3909.000000 2137.500000 ,98 4 ,6 3 ,25 5 ,68 1
99393 3844.500000 2116.500000 ,56 1 ,48 3
