911 3282.000000 816.000000 ,9 5 ,19 5 ,59 5 ,27 4 ,26 3 ,39 1
3450 3279.000000 819.000000 ,42 3
16647 3264.000000 843.000000 ,18 2 ,51 3
19243 3282.000000 808.500000 ,74 4
21983 3259.500000 814.500000 ,47 4 ,44 5 ,34 2
22645 3253.500000 858.000000 ,47 5 ,34 1 ,37 5 ,97 2
24882 3295.500000 814.500000 ,2 2 ,79 4 ,80 2 ,77 2 ,24 2 ,90 1
28587 3267.000000 841.500000 ,48 2 ,90 1
31965 3295.500000 820.500000 ,98 3 ,21 4 ,10 5 ,69 4 ,64 1 ,35 3
39968 3250.500000 816.000000 ,58 5 ,11 5 ,53 3 ,32 1 ,3 1
42854 3274.500000 823.500000 ,31 2 ,29 4
44686 3250.500000 798.000000 ,41 3 ,78 1 ,54 4
45234 3295.500000 829.500000 ,64 3 ,56 4 ,37 3 ,77 5 ,36 3
47489 3297.000000 804.000000 ,76 3
48706 3270.000000 856.500000 ,48 4 ,68 5
50132 3285.000000 826.500000 ,40 1 ,23 3 ,52 1
51922 3277.500000 805.500000 ,35 2 ,43 1 ,51 1 ,47 3 ,96 5 ,42 3
52043 3270.000000 864.000000 ,82 2 ,0 3
56170 3271.500000 790.500000 ,99 1 ,78 5 ,23 4 ,21 4 ,13 2 ,81 3
63615 3259.500000 853.500000 ,68 5 ,60 1 ,24 2
65837 3285.000000 846.000000 ,25 2 ,31 5 ,27 5 ,35 3
66768 3301.500000 801.000000 ,17 4 ,65 4 ,18 1 ,93 5
69155 3262.500000 811.500000 ,76 5 ,90 5
75880 3289.500000 843.000000 ,18 2 ,48 3 ,79 4
78722 3300.000000 852.000000 ,90 4 ,18 2 ,37 2 ,0 4 ,84 5
83503 3300.000000 840.000000 ,22 2 ,47 2
87673 3301.500000 825.000000 ,74 1
90135 3289.500000 793.500000 ,34 2 ,85 5
91889 3301.500000 838.500000 ,29 4 ,96 2 ,54 3
94235 3294.000000 862.500000 ,60 5 ,28 5 ,24 4 ,54 2
98809 3292.500000 792.000000 ,71 2 ,65 1 ,38 3 ,29 2 ,87 3 ,15 1
