248 3586.500000 1413.000000 ,75 2 ,40 3
5222 3565.500000 1354.500000 ,4 5 ,69 4 ,89 1 ,15 1 ,12 3
12513 3603.000000 1369.500000 ,24 4 ,4 1 ,78 3
14126 3597.000000 1390.500000 ,55 2 ,94 3 ,72 3 ,82 2 ,36 2
15290 3574.500000 1414.500000 ,51 4 ,1 5 ,63 5
17178 3592.500000 1395.000000 ,93 4 ,3 5 ,5 2 ,20 1 ,23 1
18315 3592.500000 1407.000000 ,17 1 ,10 1 ,5 1 ,40 2
19102 3580.500000 1375.500000 ,11 5 ,52 4 ,62 4 ,14 3
19760 3574.500000 1345.500000 ,64 1 ,97 4
22194 3589.500000 1408.500000 ,75 4
24114 3556.500000 1390.500000 ,70 3 ,98 4 ,71 3 ,66 5
26232 3567.000000 1378.500000 ,45 1 ,57 4 ,38 3
27153 3601.500000 1350.000000 ,68 3
29685 3549.000000 1369.500000 ,47 3 ,8 1 ,27 1 ,6 4 ,95 4 ,20 3
29710 3571.500000 1422.000000 ,28 3
29994 3553.500000 1345.500000 ,52 1 ,15 2 ,39 1 ,35 5 ,10 3 ,93 4
30601 3573.000000 1404.000000 ,66 2 ,13 1
30669 3582.000000 1374.000000 ,95 3 ,80 4 ,55 4 ,84 4
32936 3570.000000 1404.000000 ,48 4 ,91 4 ,77 4
33267 3564.000000 1377.000000 ,8 1 ,12 5 ,28 1
48323 3603.000000 1383.000000 ,67 1
49824 3555.000000 1351.500000 ,99 1 ,94 2 ,58 5 ,26 1
59581 3591.000000 1378.500000 ,22 4 ,4 5 ,65 1 ,50 2
61901 3567.000000 1407.000000 ,81 2 ,28 3
64770 3579.000000 1402.500000 ,10 3 ,91 3 ,2 2 ,38 4 ,84 4 ,48 3
72343 3582.000000 1390.500000 ,93 3 ,68 2 ,50 2
73388 3597.000000 1386.000000 ,64 4 ,70 4 ,55 3 ,84 4 ,95 5
76181 3547.500000 1362.000000 ,3 2 ,43 5
77092 3555.000000 1417.500000 ,10 4 ,44 3 ,77 5
77238 3559.500000 1347.000000 ,94 1 ,23 1
79073 3550.500000 1404.000000 ,61 3
86431 3576.000000 1420.500000 ,52 4 ,20 5 ,14 4 ,88 1 ,85 1 ,12 4
88038 3589.500000 1359.000000 ,88 5 ,40 5 ,39 4 ,78 1 ,24 1
89788 3586.500000 1353.000000 ,19 3 ,17 1 ,12 1
97275 3594.000000 1348.500000 ,81 1 ,2 5 ,32 1 ,77 4 ,20 1 ,85 2
