1330 1678.500000 1267.500000 ,85 4 ,33 1
7208 1629.000000 1204.500000 ,98 5 ,80 1
7890 1618.500000 1189.500000 ,64 2 ,41 4
13571 1689.000000 1195.500000 ,27 4
15246 1690.500000 1191.000000 ,69 5 ,66 2 ,12 2
15649 1624.500000 1255.500000 ,35 5 ,80 2
20471 1690.500000 1267.500000 ,30 5 ,85 2 ,52 2 ,20 4
22330 1683.000000 1213.500000 ,74 4 ,53 1
26039 1671.000000 1263.000000 ,60 3
37671 1629.000000 1185.000000 ,75 2 ,81 5 ,62 5 ,23 4
37835 1675.500000 1266.000000 ,49 3 ,12 5 ,61 4 ,37 3
37987 1648.500000 1197.000000 ,69 2 ,65 3 ,67 2 ,53 2 ,27 1
41700 1686.000000 1234.500000 ,88 5
42316 1641.000000 1230.000000 ,75 5 ,56 3
43479 1671.000000 1239.000000 ,51 5 ,40 5 ,61 3 ,17 1
43755 1660.500000 1258.500000 ,40 3 ,22 4 ,79 4 ,63 5 ,29 4 ,71 1
45999 1629.000000 1183.500000 ,44 1
48606 1647.000000 1260.000000 ,99 3 ,49 4 ,79 1 ,72 5 ,7 5
56284 1665.000000 1191.000000 ,0 4 ,70 5 ,54 3 ,15 2 ,6 2 ,18 1
57245 1674.000000 1215.000000 ,10 1 ,6 2 ,39 3 ,25 5
57900 1636.500000 1245.000000 ,19 1 ,96 1 ,7 5
71809 1671.000000 1216.500000 ,28 4 ,85 4 ,81 5 ,5 4 ,6 2
73172 1626.000000 1270.500000 ,40 4 ,18 5 ,72 1 ,3 5
73904 1636.500000 1237.500000 ,26 5
78042 1659.000000 1216.500000 ,2 3 ,66 1
79430 1615.500000 1254.000000 ,82 2 ,55 2 ,62 5 ,83 3
80023 1683.000000 1225.500000 ,25 5 ,14 4 ,38 2
80120 1618.500000 1263.000000 ,56 4 ,49 5
83291 1639.500000 1269.000000 ,44 3 ,99 5 ,82 3 ,83 4 ,95 1 ,85 4
87065 1692.000000 1225.500000 ,18 2 ,14 2 ,84 4 ,6 5 ,52 1 ,8 2
93076 1674.000000 1266.000000 ,50 3 ,42 3 ,95 5
93958 1663.500000 1233.000000 ,32 3 ,91 5
96201 1665.000000 1249.500000 ,23 5 ,29 4 ,38 2 ,72 2 ,88 2 ,22 5
98003 1677.000000 1263.000000 ,38 5 ,32 1 ,84 2 ,95 5
98483 1689.000000 1189.500000 ,98 5 ,45 3 ,4 4 ,93 2 ,91 5 ,99 3
