5702 366.000000 1695.000000 ,48 5 ,78 5 ,80 3 ,91 3 ,94 5
7763 336.000000 1678.500000 ,62 3 ,11 4 ,99 5 ,49 5 ,35 5 ,56 1
8507 351.000000 1674.000000 ,15 2 ,13 1
12618 366.000000 1698.000000 ,94 3 ,52 3 ,76 4 ,20 1
18359 321.000000 1650.000000 ,72 3
27920 373.500000 1696.500000 ,97 1 ,54 1
28318 331.500000 1659.000000 ,37 3 ,20 1 ,90 2 ,26 2 ,91 2 ,5 2
33582 318.000000 1663.500000 ,22 1 ,17 5 ,4 2 ,57 5 ,49 3
37633 342.000000 1698.000000 ,73 2
39438 337.500000 1675.500000 ,84 2 ,39 5 ,92 3 ,77 5
40920 403.500000 1687.500000 ,32 5 ,70 3 ,65 5 ,3 3 ,6 5 ,97 4
42128 355.500000 1665.000000 ,22 3
44161 349.500000 1698.000000 ,28 2 ,79 2 ,23 5
45257 379.500000 1668.000000 ,24 1 ,18 4 ,62 5
47072 334.500000 1648.500000 ,94 4 ,44 4 ,22 1
47126 388.500000 1696.500000 ,80 4 ,84 2 ,28 3 ,88 1 ,56 1 ,58 1
47338 372.000000 1653.000000 ,67 5 ,86 1 ,16 1 ,74 3 ,60 2
52559 348.000000 1663.500000 ,9 4 ,37 2 ,3 4 ,87 4
64120 396.000000 1681.500000 ,32 5
66958 315.000000 1674.000000 ,7 1 ,25 5 ,24 1 ,14 4
67149 331.500000 1677.000000 ,87 4 ,49 2
75381 318.000000 1683.000000 ,0 1 ,92 4 ,91 4 ,25 4 ,83 2 ,56 3
75971 367.500000 1668.000000 ,50 2 ,4 3 ,13 2 ,46 1 ,73 2 ,20 5
78311 375.000000 1674.000000 ,35 5 ,60 5 ,67 2 ,81 4 ,56 5
79376 406.500000 1689.000000 ,49 1 ,30 3
80742 343.500000 1663.500000 ,71 2 ,20 3 ,50 3
86670 391.500000 1675.500000 ,48 2
87857 319.500000 1684.500000 ,63 2
88016 409.500000 1651.500000 ,34 3 ,13 5 ,50 4 ,96 3 ,36 4 ,41 3
94365 313.500000 1666.500000 ,84 1 ,4 1 ,29 2 ,34 4 ,28 1
95406 366.000000 1663.500000 ,6 1 ,57 5 ,79 4 ,20 2 ,90 1
97581 369.000000 1678.500000 ,32 2 ,81 4 ,11 4 ,41 2
98795 394.500000 1680.000000 ,41 2
99300 339.000000 1681.500000 ,13 2 ,85 3 ,27 3 ,78 3 ,97 2 ,86 3
