1291 981.000000 1546.500000 ,71 1
4221 1044.000000 1536.000000 ,88 4 ,81 4 ,59 5 ,93 2 ,40 3
5753 1038.000000 1546.500000 ,16 3 ,3 3 ,82 1 ,53 5 ,5 5
11264 964.500000 1549.500000 ,1 1 ,37 1 ,3 2 ,27 3 ,11 2
16499 991.500000 1555.500000 ,0 5 ,71 3 ,52 1
20229 1026.000000 1540.500000 ,38 4 ,52 1 ,90 2 ,26 2 ,49 2
34937 976.500000 1527.000000 ,97 1 ,96 4
37106 984.000000 1462.500000 ,14 5 ,75 2
37190 1027.500000 1461.000000 ,10 1
37518 963.000000 1533.000000 ,62 3 ,19 5
39450 969.000000 1471.500000 ,89 2 ,80 5
40088 1026.000000 1440.000000 ,76 4 ,84 4 ,52 3 ,16 3 ,6 4
42661 1039.500000 1548.000000 ,38 4 ,4 1 ,96 4
58950 1041.000000 1537.500000 ,15 5 ,21 3 ,61 5 ,53 4 ,18 1 ,31 1
66154 1003.500000 1548.000000 ,52 3 ,19 5 ,77 5 ,82 2 ,25 5 ,17 1
71742 1024.500000 1531.500000 ,48 4 ,30 4
73944 976.500000 1551.000000 ,29 3
84879 969.000000 1543.500000 ,34 4 ,84 4 ,99 3
85486 1044.000000 1551.000000 ,14 2 ,23 3 ,49 4 ,89 2
90588 960.000000 1533.000000 ,60 2 ,89 4 ,67 3 ,61 5 ,52 1 ,25 5
90885 967.500000 1558.500000 ,45 1 ,23 5 ,92 3 ,80 2 ,87 5 ,19 4
92121 988.500000 1548.000000 ,92 5
97181 1002.000000 1543.500000 ,29 5 ,28 4 ,67 1 ,57 5
