6361 1585.500000 2614.500000 ,4 5 ,97 1
7267 1596.000000 2583.000000 ,92 3 ,35 4 ,76 5 ,39 3
9483 1560.000000 2547.000000 ,78 2 ,22 5
10704 1590.000000 2587.500000 ,13 5 ,49 4
12119 1560.000000 2589.000000 ,28 3 ,40 2 ,70 3 ,20 4
18038 1597.500000 2556.000000 ,16 2 ,95 1 ,7 3
27884 1578.000000 2583.000000 ,54 4 ,17 3 ,86 5
31216 1588.500000 2614.500000 ,6 4 ,83 3
31641 1555.500000 2619.000000 ,36 2 ,7 4 ,71 3 ,73 1 ,95 4
36989 1549.500000 2586.000000 ,18 1
38486 1593.000000 2565.000000 ,51 2 ,62 5 ,44 5 ,23 4 ,84 5
39053 1561.500000 2535.000000 ,58 2 ,62 2
45796 1585.500000 2559.000000 ,64 3 ,12 1 ,69 4 ,74 1
45798 1539.000000 2581.500000 ,68 1 ,83 4
46856 1564.500000 2571.000000 ,7 4 ,12 1
50061 1543.500000 2554.500000 ,92 1
56096 1530.000000 2578.500000 ,84 4 ,71 4
57425 1573.500000 2551.500000 ,54 3 ,61 5
58094 1581.000000 2562.000000 ,17 4 ,40 5
58686 1594.500000 2565.000000 ,53 4 ,30 3 ,20 3
59453 1590.000000 2608.500000 ,84 3
60806 1588.500000 2602.500000 ,8 1
60928 1536.000000 2581.500000 ,7 3
62941 1554.000000 2589.000000 ,61 5
66538 1530.000000 2616.000000 ,31 3 ,68 5 ,26 5 ,64 2
66700 1548.000000 2577.000000 ,68 5 ,3 1 ,46 5 ,13 2 ,55 4 ,21 4
66968 1588.500000 2605.500000 ,94 2 ,38 2
69194 1593.000000 2553.000000 ,92 2 ,18 4 ,49 4 ,33 4
71345 1585.500000 2592.000000 ,12 4
71548 1579.500000 2590.500000 ,66 3 ,73 1 ,84 3 ,85 1 ,6 3 ,95 4
74417 1593.000000 2571.000000 ,61 5 ,82 3 ,11 5
75263 1578.000000 2592.000000 ,0 1 ,3 2
78148 1555.500000 2548.500000 ,38 3 ,56 2
87117 1576.500000 2541.000000 ,30 5
88285 1597.500000 2589.000000 ,14 2 ,35 3
90604 1530.000000 2583.000000 ,7 1 ,20 2 ,36 2 ,40 1 ,24 2 ,96 4
91330 1596.000000 2599.500000 ,43 1
