2521 2119.500000 1848.000000 ,16 2 ,8 4 ,57 2 ,29 2 ,45 1 ,72 1
7486 2094.000000 1864.500000 ,75 5
7843 2104.500000 1858.500000 ,17 2 ,1 1 ,75 4 ,28 4 ,42 5 ,20 5
12712 2124.000000 1822.500000 ,20 2
16333 2101.500000 1819.500000 ,63 4
24824 2118.000000 1860.000000 ,99 3 ,88 3 ,38 4 ,35 2 ,0 5
26814 2124.000000 1875.000000 ,28 1 ,83 4 ,17 3
27484 2092.500000 1842.000000 ,34 4 ,62 4
29736 2115.000000 1872.000000 ,76 4 ,3 4 ,64 2
30132 2119.500000 1818.000000 ,82 4 ,57 1 ,46 1 ,44 5 ,52 3 ,74 4
35178 2137.500000 1876.500000 ,10 4 ,8 4 ,51 3
44026 2109.000000 1869.000000 ,30 1
44467 2101.500000 1830.000000 ,8 5 ,79 4 ,66 3 ,28 4
47611 2136.000000 1815.000000 ,87 3 ,27 4 ,48 3 ,49 5 ,67 4
49656 2097.000000 1818.000000 ,54 5
54380 2130.000000 1863.000000 ,65 3 ,68 3
56651 2128.500000 1860.000000 ,67 2 ,4 1
64333 2101.500000 1845.000000 ,27 1 ,53 2 ,60 5 ,17 4 ,69 2 ,24 1
64411 2137.500000 1813.500000 ,12 4
65550 2106.000000 1822.500000 ,14 4 ,18 1 ,97 5
66631 2101.500000 1851.000000 ,4 1 ,64 4
73073 2142.000000 1824.000000 ,97 1 ,35 4 ,6 3
75508 2134.500000 1827.000000 ,41 3 ,88 4 ,92 5 ,96 5 ,98 1
78637 2139.000000 1828.500000 ,83 3 ,56 1 ,55 4 ,65 4
85571 2092.500000 1867.500000 ,23 3 ,94 1 ,11 4 ,87 4 ,62 4 ,20 1
86363 2134.500000 1837.500000 ,4 1 ,53 5 ,10 5 ,9 5
89661 2091.000000 1878.000000 ,19 4 ,24 4
90067 2115.000000 1845.000000 ,62 3 ,15 4
94023 2137.500000 1848.000000 ,77 1
95716 2137.500000 1833.000000 ,41 4
98927 2091.000000 1878.000000 ,88 1 ,18 4 ,80 4
