9072 1645.500000 178.500000 ,29 5 ,8 1 ,25 2
10174 1650.000000 142.500000 ,92 2 ,14 1
11575 1635.000000 163.500000 ,76 1 ,17 4 ,6 2 ,0 1 ,28 3
13579 1656.000000 154.500000 ,23 2
16516 1656.000000 145.500000 ,73 5 ,52 1
25972 1659.000000 184.500000 ,9 5 ,65 5 ,2 4 ,91 5
33100 1630.500000 168.000000 ,43 2 ,64 2
35051 1666.500000 151.500000 ,12 3
43391 1635.000000 174.000000 ,7 5 ,82 2 ,2 5 ,79 4 ,33 3
44752 1636.500000 145.500000 ,76 4 ,11 1 ,86 4 ,64 2 ,8 5
46804 1636.500000 151.500000 ,25 1 ,84 3 ,78 1 ,8 3
47425 1657.500000 154.500000 ,92 4 ,38 4
51026 1641.000000 144.000000 ,69 5 ,53 5 ,78 3 ,26 3 ,48 2 ,0 5
52767 1623.000000 148.500000 ,68 2 ,35 1 ,58 5
53188 1624.500000 189.000000 ,26 5 ,85 3 ,24 4 ,53 5 ,25 5 ,96 2
54419 1632.000000 171.000000 ,16 4 ,25 1 ,82 4 ,56 5 ,3 5
55681 1630.500000 181.500000 ,81 4 ,35 5
59994 1660.500000 148.500000 ,74 2 ,98 5
68090 1651.500000 183.000000 ,74 5 ,77 5
75160 1668.000000 171.000000 ,71 5 ,49 2 ,26 3
76815 1642.500000 165.000000 ,47 4
78833 1632.000000 175.500000 ,56 4 ,93 3 ,26 2
83375 1665.000000 141.000000 ,58 1 ,17 5 ,66 4
83959 1647.000000 166.500000 ,20 4 ,62 5 ,43 5
90527 1653.000000 195.000000 ,54 1 ,26 5 ,82 2 ,11 1
92449 1657.500000 139.500000 ,76 1 ,25 2 ,1 3 ,78 5
95371 1668.000000 148.500000 ,69 1 ,98 5 ,26 4 ,0 2 ,77 2 ,1 2
