1396 678.000000 2277.000000 ,23 1 ,63 2
2708 681.000000 2266.500000 ,33 5 ,83 3
4501 687.000000 2250.000000 ,1 2 ,19 1 ,86 4
6958 678.000000 2269.500000 ,97 2 ,19 3
11713 705.000000 2268.000000 ,9 1 ,6 3 ,39 1 ,43 1 ,1 2 ,21 4
12883 723.000000 2260.500000 ,87 2 ,51 3 ,78 4 ,23 3 ,21 1 ,92 4
17080 697.500000 2274.000000 ,95 5 ,8 2 ,37 1 ,38 1
19187 736.500000 2241.000000 ,69 4 ,47 2 ,31 2
20221 726.000000 2265.000000 ,7 1 ,96 4 ,86 2 ,85 5 ,99 4
26344 715.500000 2259.000000 ,57 2 ,67 3
26345 681.000000 2272.500000 ,4 2 ,11 2
27112 717.000000 2224.500000 ,45 2 ,69 2 ,81 3 ,30 1
33111 687.000000 2263.500000 ,40 1 ,31 4 ,18 2 ,5 1 ,75 2 ,48 4
40017 676.500000 2251.500000 ,79 3 ,2 1
40368 727.500000 2250.000000 ,54 5
40815 736.500000 2236.500000 ,3 4 ,29 2 ,65 4
47253 688.500000 2251.500000 ,48 1 ,39 1 ,37 4
48004 735.000000 2227.500000 ,48 4 ,85 3 ,30 5 ,2 2
48282 700.500000 2245.500000 ,75 5 ,63 1
50797 738.000000 2248.500000 ,44 1 ,15 1 ,5 1 ,23 2 ,41 3 ,79 3
54340 694.500000 2253.000000 ,63 1
64099 696.000000 2238.000000 ,59 3 ,37 2 ,21 2
82506 727.500000 2251.500000 ,72 3 ,68 1 ,61 4 ,94 4 ,53 1
86213 733.500000 2230.500000 ,85 4 ,7 3 ,35 1 ,86 3 ,25 3 ,54 1
90912 724.500000 2278.500000 ,0 3 ,63 2 ,21 5 ,48 4
95549 681.000000 2226.000000 ,50 4 ,2 1 ,66 2
