1440 2625.000000 2796.000000 ,18 2 ,35 2 ,47 1 ,58 3 ,15 1 ,99 2
7223 2641.500000 2814.000000 ,33 3 ,8 1 ,14 4 ,30 3 ,88 5
8133 2596.500000 2817.000000 ,2 2
8618 2643.000000 2818.500000 ,90 5
14529 2620.500000 2820.000000 ,41 4 ,58 3 ,54 4 ,98 1 ,56 2
25846 2604.000000 2811.000000 ,34 4 ,39 3 ,51 5
34474 2641.500000 2815.500000 ,39 4 ,59 2 ,11 4 ,72 3
43174 2623.500000 2797.500000 ,73 5 ,4 3
44437 2595.000000 2791.500000 ,77 2 ,97 4 ,60 5 ,47 4
45088 2641.500000 2782.500000 ,19 5 ,39 3
45290 2632.500000 2808.000000 ,64 5
58632 2601.000000 2788.500000 ,55 3
59929 2637.000000 2794.500000 ,33 4 ,74 3 ,86 3 ,52 1
61389 2619.000000 2806.500000 ,5 2 ,55 2 ,89 1 ,64 5
62450 2637.000000 2791.500000 ,62 1 ,24 1 ,20 4
62505 2602.500000 2787.000000 ,90 2 ,82 1 ,38 5
63523 2605.500000 2811.000000 ,78 4 ,80 2 ,76 2 ,61 1 ,11 2
74908 2629.500000 2785.500000 ,52 2
87923 2614.500000 2781.000000 ,57 3 ,4 3 ,93 5 ,31 1 ,13 5 ,80 4
92112 2589.000000 2818.500000 ,6 3 ,5 5
93769 2641.500000 2802.000000 ,45 1 ,39 4 ,75 3
96066 2608.500000 2808.000000 ,56 5 ,81 1
