4033 244.500000 1546.500000 ,70 4 ,77 5 ,80 5 ,39 5 ,63 2
5060 217.500000 1542.000000 ,69 3 ,94 1 ,57 5 ,93 2 ,6 5
5954 282.000000 1546.500000 ,34 2 ,69 3 ,58 4 ,70 1
7219 216.000000 1545.000000 ,2 1 ,73 2 ,93 2 ,34 1
9216 295.500000 1525.500000 ,57 3 ,15 1 ,70 2 ,68 5
12647 229.500000 1543.500000 ,29 3 ,55 2 ,42 4 ,61 5 ,0 3 ,44 1
20999 175.500000 1476.000000 ,29 1 ,94 2 ,50 4 ,24 2 ,26 4 ,70 1
21736 190.500000 1438.500000 ,6 3 ,48 2 ,56 3
23481 169.500000 1479.000000 ,6 4
24447 216.000000 1543.500000 ,97 5 ,98 1
24914 186.000000 1456.500000 ,57 1 ,3 2 ,48 4
25403 297.000000 1465.500000 ,54 3 ,93 2 ,49 5 ,72 4 ,91 1
25574 252.000000 1533.000000 ,18 4 ,23 3 ,26 1 ,95 3 ,56 4 ,47 2
26190 189.000000 1524.000000 ,42 4 ,63 3
28198 198.000000 1536.000000 ,68 2 ,80 4
28758 199.500000 1432.500000 ,51 2 ,98 1 ,43 5 ,33 1
30702 169.500000 1480.500000 ,20 4 ,14 3 ,53 3 ,60 5 ,45 2
31982 288.000000 1519.500000 ,15 2 ,30 3 ,9 2 ,57 2 ,0 3 ,14 5
32092 198.000000 1533.000000 ,63 5
36978 303.000000 1525.500000 ,46 4 ,91 2 ,51 5
45162 244.500000 1545.000000 ,77 4
47606 198.000000 1444.500000 ,49 1 ,76 4
49218 168.000000 1519.500000 ,7 1
49827 244.500000 1531.500000 ,0 1 ,31 4 ,52 4 ,68 1 ,64 2 ,11 2
51340 228.000000 1545.000000 ,86 4 ,31 2 ,65 2 ,41 2 ,69 1
53767 301.500000 1536.000000 ,41 4 ,18 3 ,44 1
54660 289.500000 1429.500000 ,44 4 ,88 1 ,21 3 ,15 4 ,60 4 ,94 1
56550 178.500000 1506.000000 ,19 3 ,88 2 ,1 5 ,62 4 ,55 4 ,31 2
57154 171.000000 1452.000000 ,17 3 ,21 2 ,40 2
63382 304.500000 1545.000000 ,26 3 ,28 1 ,57 3 ,36 4 ,84 5
63405 181.500000 1534.500000 ,48 3
65106 172.500000 1548.000000 ,19 4
69777 294.000000 1546.500000 ,90 2
82828 295.500000 1528.500000 ,63 4 ,68 1 ,46 4 ,90 3
86769 193.500000 1549.500000 ,68 2 ,31 4 ,7 2 ,97 3 ,79 1 ,27 1
90539 255.000000 1549.500000 ,25 2 ,34 4 ,77 5 ,6 5
91401 234.000000 1546.500000 ,28 4 ,90 5
94226 301.500000 1531.500000 ,24 3 ,29 1 ,76 3
94951 189.000000 1548.000000 ,34 1 ,92 2 ,21 3
