518 1467.000000 1767.000000 ,28 1 ,91 1 ,96 4
1681 1521.000000 1771.500000 ,26 2 ,38 4 ,81 5 ,21 4 ,6 4
3246 1470.000000 1785.000000 ,38 5 ,27 3 ,43 1 ,20 5 ,80 5
10655 1509.000000 1740.000000 ,82 4 ,10 1 ,46 2
12652 1494.000000 1771.500000 ,12 5 ,71 2 ,96 5 ,81 4
19768 1468.500000 1788.000000 ,58 5
24442 1524.000000 1768.500000 ,49 4 ,34 1 ,87 3
25727 1467.000000 1740.000000 ,37 3
26889 1507.500000 1756.500000 ,20 3 ,95 4
28438 1470.000000 1779.000000 ,50 5 ,78 4 ,97 1 ,33 5 ,14 4
32137 1510.500000 1771.500000 ,50 3 ,30 3 ,97 4 ,73 1
34956 1495.500000 1774.500000 ,65 4 ,74 4 ,27 4 ,45 3
36595 1501.500000 1779.000000 ,55 1 ,11 5 ,37 2
39830 1521.000000 1785.000000 ,70 4 ,50 5 ,46 2 ,0 4 ,94 4 ,16 5
42864 1479.000000 1729.500000 ,64 5
47204 1473.000000 1779.000000 ,1 3 ,30 3 ,41 3 ,10 3 ,85 2
47347 1500.000000 1734.000000 ,94 4 ,62 3 ,43 5 ,10 3 ,27 3 ,32 3
48213 1468.500000 1786.500000 ,96 3 ,76 4
48930 1527.000000 1765.500000 ,43 1 ,64 1 ,21 3
49504 1507.500000 1776.000000 ,66 5 ,29 3 ,36 4 ,82 3
50466 1504.500000 1738.500000 ,36 2 ,63 4
52078 1510.500000 1783.500000 ,0 4
52603 1467.000000 1752.000000 ,23 5
53599 1527.000000 1761.000000 ,93 3 ,48 4 ,50 5 ,71 1 ,58 2 ,90 1
59608 1483.500000 1753.500000 ,44 3 ,10 1 ,34 1 ,39 3 ,85 1
61980 1528.500000 1770.000000 ,49 4
68377 1492.500000 1759.500000 ,58 1 ,82 3 ,11 2 ,69 1 ,7 2 ,68 2
68663 1506.000000 1764.000000 ,5 3 ,45 3 ,57 2
75512 1462.500000 1740.000000 ,50 4 ,47 1 ,97 2 ,46 3 ,79 2
81466 1515.000000 1785.000000 ,62 2 ,88 2 ,14 3 ,11 3 ,99 2 ,61 3
84052 1486.500000 1779.000000 ,3 1
84247 1510.500000 1788.000000 ,81 1 ,88 2 ,0 3 ,14 4
84674 1485.000000 1732.500000 ,90 1
86076 1476.000000 1785.000000 ,93 4 ,34 2 ,58 3 ,84 1 ,67 5
88302 1519.500000 1725.000000 ,95 3 ,78 3 ,2 5 ,26 1 ,42 4 ,39 4
91485 1506.000000 1789.500000 ,42 2 ,15 3 ,46 5
93362 1518.000000 1746.000000 ,39 3 ,66 3 ,99 4 ,85 5
98181 1462.500000 1731.000000 ,15 2 ,57 3 ,12 1 ,43 1 ,27 3
