8841 3543.000000 601.500000 ,4 5 ,72 4 ,95 5
12925 3570.000000 597.000000 ,26 1 ,41 4
15183 3576.000000 598.500000 ,65 3 ,52 2
15586 3585.000000 604.500000 ,87 2 ,45 5 ,40 5 ,50 1
16059 3610.500000 654.000000 ,12 3 ,63 3 ,54 4 ,82 1
16485 3567.000000 621.000000 ,71 5 ,80 5 ,99 1 ,19 4
20734 3544.500000 603.000000 ,40 5 ,71 1
21187 3546.000000 666.000000 ,38 4 ,20 4 ,13 5 ,9 4 ,81 2
26896 3558.000000 642.000000 ,15 5
27636 3601.500000 601.500000 ,33 4 ,66 5 ,44 5 ,91 5
31807 3570.000000 601.500000 ,39 3 ,37 1 ,87 1 ,84 4 ,45 1
36095 3582.000000 603.000000 ,59 2 ,41 2 ,7 4 ,14 1 ,82 4
38245 3550.500000 621.000000 ,85 3 ,4 4 ,87 1
40771 3580.500000 610.500000 ,90 5
41147 3586.500000 612.000000 ,25 3 ,22 5
45216 3585.000000 631.500000 ,39 5 ,89 2
47885 3583.500000 661.500000 ,92 3
48564 3570.000000 622.500000 ,8 4 ,67 2 ,33 4
51217 3607.500000 618.000000 ,16 3 ,90 5 ,51 3 ,27 2
55349 3591.000000 598.500000 ,32 1 ,92 2
57984 3595.500000 604.500000 ,20 1 ,45 5 ,92 2 ,42 4 ,64 2 ,24 3
62852 3604.500000 654.000000 ,86 3 ,29 5 ,37 2 ,80 1 ,28 3
63226 3540.000000 625.500000 ,19 1 ,80 3 ,83 5 ,16 4 ,96 5
63311 3579.000000 633.000000 ,83 3 ,49 4 ,73 1
65746 3612.000000 634.500000 ,27 1 ,85 3
65943 3558.000000 600.000000 ,67 3
67225 3612.000000 619.500000 ,20 2 ,76 3 ,31 1 ,5 4 ,26 2 ,32 3
69614 3537.000000 609.000000 ,73 2 ,63 2 ,79 3 ,58 4 ,74 2 ,90 4
73970 3589.500000 624.000000 ,27 1
75149 3564.000000 630.000000 ,23 1 ,59 1
75271 3576.000000 631.500000 ,83 5
82299 3546.000000 646.500000 ,97 3 ,48 3 ,74 2 ,31 5 ,98 4
85339 3568.500000 661.500000 ,95 1 ,28 1
85774 3583.500000 643.500000 ,81 4
85791 3589.500000 639.000000 ,21 3 ,85 3 ,24 2 ,81 1 ,61 3
90609 3558.000000 664.500000 ,68 2
92369 3597.000000 622.500000 ,29 5 ,99 5
93800 3556.500000 627.000000 ,78 3 ,50 4 ,96 4 ,41 3 ,60 4
95144 3565.500000 648.000000 ,12 3 ,68 2 ,29 3 ,87 2 ,61 3 ,8 5
