1187 4035.000000 2740.500000 ,28 2 ,76 5 ,53 3 ,87 5 ,24 4
5743 4074.000000 2749.500000 ,96 1 ,19 4
7968 4021.500000 2751.000000 ,41 2 ,25 3
11123 4083.000000 2737.500000 ,67 1
11215 4044.000000 2752.500000 ,44 4 ,48 5 ,5 3 ,16 1 ,89 4 ,10 1
12982 4032.000000 2781.000000 ,8 4 ,79 5 ,66 2
13743 4057.500000 2785.500000 ,41 3 ,44 1 ,84 3
16052 4020.000000 2793.000000 ,56 4
19607 4059.000000 2791.500000 ,63 1 ,28 3 ,62 5 ,8 4 ,64 4
19824 4083.000000 2757.000000 ,53 2 ,61 2 ,52 2
20130 4038.000000 2788.500000 ,83 1 ,7 1
31799 4060.500000 2793.000000 ,17 3 ,31 3 ,74 5 ,5 4
34401 4051.500000 2773.500000 ,69 4 ,7 1 ,92 3
36247 4065.000000 2784.000000 ,42 3 ,10 5 ,38 3 ,75 4 ,35 2
36328 4035.000000 2772.000000 ,54 5 ,91 1 ,55 1 ,62 4
39744 4017.000000 2733.000000 ,87 4 ,65 3 ,18 5 ,88 1 ,20 3
40248 4029.000000 2770.500000 ,82 1 ,57 5
42260 4077.000000 2731.500000 ,20 2 ,91 3 ,39 3 ,48 4 ,34 3
43924 4036.500000 2769.000000 ,47 5 ,72 1 ,94 1 ,63 3
44511 4075.500000 2778.000000 ,96 4 ,33 3 ,26 5
45674 4041.000000 2793.000000 ,78 3 ,75 4
45835 4026.000000 2788.500000 ,53 3 ,13 4 ,89 2 ,79 1
51479 4063.500000 2791.500000 ,91 5 ,21 1
59958 4026.000000 2742.000000 ,54 3 ,13 1 ,40 3 ,82 5
60716 4021.500000 2770.500000 ,96 4 ,50 4 ,60 3
61858 4063.500000 2757.000000 ,27 2 ,52 3 ,43 3
65603 4029.000000 2742.000000 ,52 3 ,82 5 ,73 1 ,20 2 ,90 4 ,6 1
67204 4060.500000 2788.500000 ,76 4 ,28 5 ,74 5 ,67 1 ,10 4
70181 4087.500000 2764.500000 ,66 2
80166 4071.000000 2779.500000 ,36 5 ,16 3 ,35 5 ,44 3 ,72 3 ,75 2
84712 4080.000000 2757.000000 ,79 1 ,98 4
87064 4066.500000 2730.000000 ,36 2 ,95 4 ,89 1 ,5 2 ,47 2
87402 4026.000000 2781.000000 ,45 5 ,9 2 ,18 3 ,79 3 ,58 5 ,77 4
90081 4071.000000 2731.500000 ,55 1 ,50 4 ,40 2 ,56 5 ,58 1 ,70 4
90187 4026.000000 2781.000000 ,93 2 ,54 5 ,13 2 ,20 3
91391 4048.500000 2733.000000 ,26 5 ,64 2 ,34 3
93387 4071.000000 2733.000000 ,26 4 ,66 5 ,98 4
96697 4086.000000 2731.500000 ,49 4 ,14 1 ,1 5
98405 4039.500000 2743.500000 ,4 1 ,67 1
99323 4063.500000 2784.000000 ,2 5 ,94 3 ,88 1
