2308 2131.500000 615.000000 ,30 4 ,40 5 ,25 2
2810 2115.000000 582.000000 ,44 2 ,11 1 ,78 1 ,20 3
4114 2136.000000 613.500000 ,66 2 ,21 4 ,93 2 ,94 4 ,54 5
4294 2110.500000 615.000000 ,39 3 ,64 3 ,79 4 ,73 2 ,87 3 ,21 4
5412 2140.500000 562.500000 ,0 3 ,22 2 ,13 2 ,71 3 ,58 2 ,91 5
11770 2127.000000 615.000000 ,22 3 ,81 5
12891 2098.500000 591.000000 ,20 4 ,43 4 ,58 4 ,75 4
16348 2097.000000 592.500000 ,46 3 ,26 2 ,60 1 ,36 2 ,2 1
20680 2140.500000 616.500000 ,65 5 ,9 1 ,28 1 ,44 2
26337 2137.500000 577.500000 ,26 4 ,31 2
26911 2131.500000 576.000000 ,12 1 ,14 2 ,62 5 ,95 5 ,87 4 ,31 1
28551 2131.500000 577.500000 ,89 1 ,13 2 ,36 5
33037 2142.000000 583.500000 ,57 3 ,36 1 ,16 2 ,33 2 ,62 3
35712 2100.000000 619.500000 ,32 3
39414 2122.500000 579.000000 ,25 4 ,54 4 ,63 3 ,21 5 ,85 5 ,64 5
39660 2134.500000 559.500000 ,37 4 ,34 1 ,57 5 ,33 2
42341 2127.000000 559.500000 ,89 2 ,71 5 ,63 1 ,76 3
46159 2133.000000 604.500000 ,17 5 ,26 5
52552 2107.500000 598.500000 ,12 3 ,11 3
54252 2133.000000 619.500000 ,72 5 ,51 5 ,69 3
56135 2127.000000 606.000000 ,23 1 ,34 1
58047 2112.000000 579.000000 ,15 3 ,32 5 ,90 2 ,99 3 ,2 1
58171 2095.500000 615.000000 ,28 1 ,48 1 ,42 1 ,4 4
60602 2107.500000 585.000000 ,79 3 ,9 2
62789 2115.000000 586.500000 ,72 1 ,15 1
67476 2089.500000 594.000000 ,9 1 ,91 2 ,44 2
71920 2107.500000 550.500000 ,41 4 ,81 5 ,85 2 ,3 4 ,13 3
72494 2106.000000 583.500000 ,92 1 ,25 3
83144 2130.000000 610.500000 ,4 2 ,75 4 ,62 4 ,72 3
85708 2143.500000 594.000000 ,72 5 ,79 3 ,16 3 ,42 3 ,39 3
86410 2118.000000 565.500000 ,30 2 ,93 5 ,76 2 ,80 2 ,71 2 ,86 1
88489 2125.500000 583.500000 ,0 2 ,98 2 ,79 1
90495 2101.500000 558.000000 ,81 3 ,59 1 ,98 4
92587 2110.500000 601.500000 ,95 2 ,17 4
93303 2088.000000 613.500000 ,75 5 ,40 2 ,8 2 ,59 2 ,1 5
