202 937.500000 1980.000000 ,14 4 ,87 1 ,60 1 ,21 1 ,41 2
2798 928.500000 1954.500000 ,68 1 ,42 5 ,11 1 ,63 1 ,99 5 ,23 4
2808 925.500000 1945.500000 ,72 2 ,10 5
2996 931.500000 2014.500000 ,6 4 ,46 5
4390 931.500000 1999.500000 ,92 3 ,70 5 ,36 1 ,2 4 ,66 3
5851 931.500000 1950.000000 ,29 5 ,46 4
7269 906.000000 1990.500000 ,0 3 ,49 1 ,79 1 ,50 5 ,89 3 ,8 3
8822 901.500000 2005.500000 ,59 4
9175 936.000000 2014.500000 ,44 3
12732 928.500000 1927.500000 ,87 1 ,47 1 ,8 3 ,23 2
14766 925.500000 1968.000000 ,76 2 ,23 1 ,78 4 ,87 4 ,42 2 ,83 2
21878 904.500000 1935.000000 ,65 5 ,84 4 ,66 2 ,68 3 ,16 3 ,80 5
22761 912.000000 1992.000000 ,95 3 ,71 3
24272 906.000000 1942.500000 ,99 3 ,18 3
26898 931.500000 1939.500000 ,34 5 ,50 2 ,94 2
27855 936.000000 2005.500000 ,47 4 ,86 5
32113 903.000000 1971.000000 ,87 5 ,91 1 ,69 5
38162 919.500000 1917.000000 ,18 4 ,21 3
41455 939.000000 2001.000000 ,33 1 ,56 2 ,73 1 ,57 3
42959 933.000000 1962.000000 ,78 1 ,28 2 ,58 3 ,16 3 ,74 5 ,53 3
47320 922.500000 1938.000000 ,55 2
48088 937.500000 1963.500000 ,36 2 ,97 5
48228 928.500000 1993.500000 ,92 3 ,20 4 ,5 2 ,15 3 ,95 3 ,19 2
51326 903.000000 1917.000000 ,27 1 ,79 4
52294 919.500000 1941.000000 ,11 4
52437 936.000000 1932.000000 ,75 1
55853 940.500000 1959.000000 ,96 3
57070 934.500000 1923.000000 ,87 4 ,48 2 ,9 2 ,37 2 ,38 2 ,57 1
60158 910.500000 1986.000000 ,89 2 ,32 1 ,36 2 ,76 2 ,21 3 ,79 2
60855 903.000000 1933.500000 ,16 1 ,33 2 ,26 3
61129 907.500000 2014.500000 ,9 5 ,72 3 ,93 4 ,82 2
61259 940.500000 1965.000000 ,59 4
61740 937.500000 1923.000000 ,23 3
79083 913.500000 1969.500000 ,81 1 ,21 3 ,32 5
82728 909.000000 1912.500000 ,32 2
84263 928.500000 1947.000000 ,7 2
85828 900.000000 1996.500000 ,65 3 ,90 5 ,93 2 ,18 1
88792 901.500000 1998.000000 ,36 4 ,54 3 ,47 2 ,35 3 ,62 2
89341 900.000000 1939.500000 ,70 1 ,74 2 ,64 1 ,41 2
92157 910.500000 1935.000000 ,86 1 ,53 5 ,64 1
