4913 2470.500000 1821.000000 ,11 1 ,28 5
9482 2470.500000 1773.000000 ,7 2
14204 2461.500000 1806.000000 ,91 5
14751 2467.500000 1764.000000 ,69 5 ,90 1 ,14 1 ,23 1 ,10 2
19860 2460.000000 1773.000000 ,12 5 ,17 1 ,74 5
28339 2469.000000 1750.500000 ,53 5 ,95 3 ,35 3 ,14 2 ,84 1 ,90 5
34321 2430.000000 1764.000000 ,74 5 ,16 1 ,62 2 ,7 4 ,13 4
49003 2428.500000 1788.000000 ,46 2 ,28 1 ,86 5 ,30 4 ,73 5
51950 2431.500000 1755.000000 ,32 2 ,53 1 ,11 5 ,63 3 ,48 4
55136 2472.000000 1821.000000 ,52 2 ,29 1 ,47 2 ,88 3 ,35 5 ,72 3
63694 2430.000000 1774.500000 ,92 2 ,67 1 ,45 4 ,26 3
64425 2454.000000 1809.000000 ,12 5
70247 2439.000000 1756.500000 ,48 1 ,94 1
70921 2461.500000 1765.500000 ,33 5 ,99 3 ,98 5
71047 2451.000000 1782.000000 ,9 1 ,17 5 ,61 1 ,79 4 ,20 4 ,22 3
79480 2434.500000 1813.500000 ,0 5 ,34 4 ,38 4 ,84 5
80681 2475.000000 1761.000000 ,55 5 ,47 1
81960 2424.000000 1797.000000 ,23 2 ,10 5
82790 2461.500000 1786.500000 ,19 2 ,48 4 ,6 5
86691 2446.500000 1782.000000 ,66 1 ,52 5 ,14 4
91697 2452.500000 1780.500000 ,1 5 ,73 5 ,59 1 ,12 5
97768 2460.000000 1756.500000 ,53 5 ,88 5 ,3 4 ,9 1 ,29 5 ,76 2
