214 3043.500000 2256.000000 ,93 2 ,45 3 ,21 1 ,8 1 ,75 3 ,89 4
8900 3051.000000 2236.500000 ,41 2 ,80 3 ,83 5 ,71 5
9399 3064.500000 2265.000000 ,17 1 ,20 3 ,54 3 ,35 1 ,42 4
12319 3066.000000 2242.500000 ,59 1 ,77 2 ,95 5
13231 3060.000000 2236.500000 ,19 2 ,5 2 ,43 2 ,31 4 ,60 4
15836 3060.000000 2292.000000 ,20 5 ,45 1 ,43 2
19589 3042.000000 2284.500000 ,12 2 ,56 3 ,97 1 ,94 1 ,36 2
43194 3039.000000 2272.500000 ,51 4 ,12 2 ,78 3 ,19 4 ,26 3
52007 3067.500000 2265.000000 ,0 5 ,34 2 ,92 2
52710 3073.500000 2274.000000 ,73 1 ,45 4 ,67 1
52876 3073.500000 2245.500000 ,78 1 ,99 4 ,57 5 ,5 2 ,16 5 ,69 1
56573 3040.500000 2245.500000 ,60 2 ,23 5 ,14 1
57389 3049.500000 2233.500000 ,12 3 ,79 2
60527 3046.500000 2244.000000 ,5 3 ,12 3
61031 3054.000000 2244.000000 ,4 1 ,45 5 ,21 5
62212 3081.000000 2257.500000 ,86 5 ,20 5
71961 3075.000000 2289.000000 ,57 5 ,73 4 ,24 1 ,70 4 ,62 5 ,54 5
76696 3078.000000 2242.500000 ,11 4 ,96 3 ,60 2
77967 3039.000000 2277.000000 ,43 4 ,6 4 ,37 1
81587 3073.500000 2239.500000 ,91 4
83686 3084.000000 2242.500000 ,97 5 ,81 5 ,41 3
86129 3055.500000 2245.500000 ,47 5 ,25 1 ,83 4 ,80 5 ,33 1
96202 3057.000000 2257.500000 ,86 4 ,83 5
