520 3414.000000 951.000000 ,64 5
557 3454.500000 1005.000000 ,94 4 ,92 5
2853 3436.500000 976.500000 ,69 5 ,76 4 ,52 4 ,10 1 ,20 5 ,2 3
3057 3390.000000 949.500000 ,16 5 ,55 4 ,34 5 ,92 4 ,33 4 ,3 1
6342 3451.500000 1006.500000 ,87 4 ,7 3
10326 3423.000000 1005.000000 ,81 1 ,73 5 ,79 5
11868 3394.500000 970.500000 ,31 2 ,18 2 ,15 4 ,35 3 ,17 4 ,30 3
12255 3441.000000 957.000000 ,57 4 ,56 2 ,58 3 ,5 2
13441 3376.500000 948.000000 ,74 5
14320 3447.000000 1005.000000 ,83 3
17898 3429.000000 960.000000 ,41 1 ,51 1
22551 3415.500000 976.500000 ,29 1 ,39 5 ,81 5
28206 3426.000000 940.500000 ,39 1 ,95 1 ,61 2 ,69 4 ,27 1
32029 3421.500000 939.000000 ,69 1 ,41 1 ,67 5 ,56 2 ,91 1 ,20 4
34867 3421.500000 988.500000 ,16 2 ,4 5 ,76 3 ,39 1
36018 3451.500000 975.000000 ,38 3 ,68 3 ,19 3 ,8 4
39921 3376.500000 937.500000 ,45 3 ,13 4 ,8 4
43830 3406.500000 943.500000 ,9 3 ,86 2 ,20 5
45063 3456.000000 975.000000 ,64 5
47032 3382.500000 1000.500000 ,36 3 ,88 5
49378 3381.000000 966.000000 ,63 5
52295 3379.500000 996.000000 ,63 4 ,17 2 ,53 3 ,13 1 ,47 5 ,68 1
56126 3426.000000 1002.000000 ,28 3 ,5 1 ,73 1 ,42 5 ,34 1 ,80 1
58899 3448.500000 961.500000 ,43 4 ,7 1 ,77 1 ,15 1 ,46 2 ,98 2
62801 3456.000000 969.000000 ,88 2 ,57 2 ,3 4 ,39 2 ,45 2
74822 3453.000000 1002.000000 ,33 5
79543 3439.500000 982.500000 ,49 1 ,90 4 ,82 4 ,68 4
85349 3414.000000 960.000000 ,6 1 ,72 4 ,37 3 ,86 2 ,59 4
88174 3408.000000 975.000000 ,24 3
94820 3394.500000 943.500000 ,67 3 ,44 4
99871 3441.000000 940.500000 ,55 1 ,38 3 ,69 5 ,42 1 ,74 2
