5570 972.000000 2241.000000 ,81 3 ,67 4 ,70 5 ,37 2
10567 978.000000 2292.000000 ,92 4 ,30 2
12970 1015.500000 2269.500000 ,56 4
13928 1012.500000 2305.500000 ,38 1 ,85 3 ,52 5 ,93 3
16208 1023.000000 2248.500000 ,89 4 ,7 4 ,27 3 ,55 2 ,22 5 ,75 4
19244 997.500000 2254.500000 ,92 4 ,10 4 ,80 4 ,81 2
20975 1014.000000 2289.000000 ,82 4 ,31 1 ,76 2 ,1 1
21402 973.500000 2245.500000 ,27 1 ,18 4 ,94 1 ,5 2
23164 1014.000000 2242.500000 ,12 3 ,76 4
26438 981.000000 2292.000000 ,6 1 ,38 1 ,37 4
32367 1017.000000 2254.500000 ,72 2
33951 991.500000 2314.500000 ,86 4 ,69 4 ,49 4 ,46 2
37386 972.000000 2320.500000 ,90 2 ,61 5 ,19 5 ,83 1 ,5 4
38612 972.000000 2262.000000 ,49 2
38759 1009.500000 2266.500000 ,40 4 ,52 1 ,66 1 ,76 4 ,1 4 ,62 5
41845 975.000000 2290.500000 ,32 5 ,80 1 ,5 1 ,1 3
44486 1018.500000 2295.000000 ,17 1 ,38 3 ,75 5
48028 987.000000 2295.000000 ,1 2 ,4 4 ,27 1 ,16 3 ,83 2 ,2 2
49217 991.500000 2238.000000 ,32 2 ,72 1
53171 996.000000 2275.500000 ,94 1
54233 978.000000 2269.500000 ,77 3
54588 1014.000000 2227.500000 ,76 5 ,14 5 ,37 3 ,97 1 ,12 5 ,57 2
55196 1011.000000 2278.500000 ,86 3 ,23 5 ,53 4 ,37 2
55474 1024.500000 2280.000000 ,67 2 ,50 4
55657 988.500000 2251.500000 ,31 5 ,89 1 ,50 5
57497 988.500000 2271.000000 ,33 4
58869 1002.000000 2308.500000 ,2 5 ,92 1 ,88 2 ,4 1
63562 979.500000 2314.500000 ,26 2 ,62 1
65048 990.000000 2316.000000 ,32 3
79118 1005.000000 2323.500000 ,34 4 ,89 1 ,91 2 ,1 1
80634 1024.500000 2314.500000 ,49 4
81187 993.000000 2328.000000 ,29 2 ,96 3 ,12 5 ,18 3 ,8 5 ,58 1
84163 1000.500000 2334.000000 ,20 3 ,50 4 ,26 2
85437 1017.000000 2316.000000 ,64 1 ,7 2 ,65 5 ,17 2 ,87 3 ,69 5
93504 990.000000 2328.000000 ,27 5 ,19 4 ,68 4 ,56 2
94190 996.000000 2335.500000 ,5 5 ,75 3 ,55 4 ,82 1
