4381 3180.000000 1968.000000 ,62 4 ,57 4
6012 3201.000000 2010.000000 ,77 3 ,81 2 ,41 3
9870 3166.500000 1972.500000 ,65 1 ,6 3 ,72 1 ,23 2 ,24 3
11639 3186.000000 2007.000000 ,44 1 ,42 1 ,6 1 ,59 1 ,73 1
12797 3181.500000 2016.000000 ,1 2 ,21 4 ,43 2 ,78 5
17812 3202.500000 2002.500000 ,73 5 ,55 2 ,39 1 ,93 4
19473 3163.500000 1980.000000 ,2 5
23141 3196.500000 2007.000000 ,68 1 ,93 3 ,47 4 ,20 4 ,27 2
25360 3165.000000 1957.500000 ,77 5 ,61 4 ,25 4 ,44 2 ,89 2
27094 3199.500000 2019.000000 ,11 4 ,74 5 ,78 3 ,96 2
30271 3199.500000 1986.000000 ,40 1 ,66 2 ,7 5 ,61 4 ,67 5 ,57 1
38089 3166.500000 2014.500000 ,58 2 ,90 1 ,35 5
44401 3175.500000 1974.000000 ,70 5 ,59 3
46225 3163.500000 2016.000000 ,74 3 ,57 1 ,68 5 ,32 3
51377 3208.500000 1971.000000 ,95 3 ,7 4 ,15 3
51810 3163.500000 2017.500000 ,89 5 ,38 4 ,13 4
64089 3178.500000 1965.000000 ,2 2 ,76 4
71820 3196.500000 1984.500000 ,56 2 ,47 5 ,31 1 ,54 3
76136 3171.000000 1972.500000 ,13 5 ,2 3 ,99 4
80639 3187.500000 1990.500000 ,87 2 ,69 3
83372 3169.500000 2014.500000 ,97 3 ,58 2 ,89 3 ,64 4
85393 3181.500000 2020.500000 ,9 1 ,58 5 ,20 2 ,79 3 ,8 2 ,53 3
85915 3178.500000 1971.000000 ,0 1 ,84 5 ,43 3 ,11 3
89590 3184.500000 1980.000000 ,9 1 ,5 1
91154 3205.500000 1998.000000 ,17 4 ,18 3 ,59 2 ,4 2 ,85 3
92181 3178.500000 1962.000000 ,13 1 ,66 4 ,5 3 ,41 4 ,64 1 ,81 2
93105 3202.500000 1992.000000 ,71 1 ,97 4 ,78 2 ,12 2
93944 3180.000000 1990.500000 ,5 1 ,98 2 ,38 3 ,81 5 ,66 4 ,71 4
98693 3193.500000 2005.500000 ,65 3 ,73 3 ,57 3 ,63 4 ,35 4 ,2 1
