2566 2080.500000 832.500000 ,55 1 ,52 4 ,26 5 ,1 2 ,35 3
13933 2082.000000 819.000000 ,8 5
14205 2076.000000 853.500000 ,6 3 ,34 1 ,35 3 ,81 1
19216 2097.000000 859.500000 ,5 3
20565 2089.500000 870.000000 ,44 3 ,78 5 ,32 3 ,54 5 ,42 4 ,63 1
25121 2086.500000 837.000000 ,1 2 ,15 1
26429 2106.000000 856.500000 ,95 1
36577 2064.000000 871.500000 ,7 1 ,72 3 ,34 5 ,25 3 ,90 4
46895 2064.000000 853.500000 ,99 1 ,59 3 ,57 1 ,7 1 ,5 2 ,9 4
47852 2101.500000 840.000000 ,34 3 ,30 2
49639 2091.000000 865.500000 ,87 3 ,65 4 ,50 4 ,69 5 ,68 3
49927 2101.500000 846.000000 ,61 4 ,69 3 ,52 4
51528 2085.000000 820.500000 ,5 5 ,11 2 ,64 4 ,50 2 ,87 5
56409 2100.000000 825.000000 ,78 4 ,22 2 ,91 4
60421 2071.500000 858.000000 ,24 2 ,61 2
68991 2079.000000 844.500000 ,9 2
76438 2107.500000 861.000000 ,52 1
78452 2055.000000 855.000000 ,72 3 ,19 4 ,62 4
78615 2101.500000 849.000000 ,68 5
96923 2062.500000 838.500000 ,4 1 ,62 4 ,63 2 ,9 3 ,57 1
97615 2067.000000 829.500000 ,50 5 ,37 3 ,59 5
