235 2137.500000 2883.000000 ,33 1
4357 2121.000000 2872.500000 ,96 2 ,41 3 ,49 2
12935 2118.000000 2889.000000 ,38 4 ,92 2
14250 2151.000000 2883.000000 ,96 3 ,20 1 ,73 1 ,97 5
15399 2151.000000 2874.000000 ,42 4 ,27 4 ,73 5 ,31 1
28269 2119.500000 2863.500000 ,35 4 ,43 4 ,5 4
28447 2131.500000 2887.500000 ,55 1 ,50 5
29216 2143.500000 2907.000000 ,17 3
36296 2136.000000 2872.500000 ,4 3 ,67 2 ,58 3 ,41 2 ,21 1 ,7 5
39991 2124.000000 2877.000000 ,69 2 ,38 3
46697 2125.500000 2860.500000 ,6 1 ,65 3
47932 2146.500000 2902.500000 ,0 5 ,87 2 ,88 2 ,71 5 ,84 2 ,5 5
48211 2143.500000 2880.000000 ,23 2 ,14 5 ,31 3 ,94 3
48390 2128.500000 2886.000000 ,35 5 ,53 1
50146 2125.500000 2862.000000 ,12 4 ,86 4
52719 2121.000000 2859.000000 ,68 1 ,0 2 ,78 1 ,56 3
58591 2127.000000 2877.000000 ,52 4 ,91 3
59132 2128.500000 2899.500000 ,83 2 ,92 5 ,1 5 ,98 2 ,44 2 ,74 3
69884 2151.000000 2889.000000 ,53 5 ,41 5 ,45 4 ,90 4 ,67 2
76488 2122.500000 2901.000000 ,24 3
78478 2118.000000 2874.000000 ,48 4 ,32 1 ,51 5 ,44 3 ,3 4
80525 2134.500000 2908.500000 ,98 1 ,65 3 ,60 4
83515 2131.500000 2871.000000 ,53 1 ,60 2 ,58 3 ,24 4 ,79 5 ,54 2
83918 2139.000000 2904.000000 ,4 2 ,13 3 ,84 2 ,7 4 ,20 1 ,43 5
90832 2148.000000 2875.500000 ,94 5 ,37 2 ,29 4 ,92 3
93274 2116.500000 2872.500000 ,56 1 ,70 2 ,75 4 ,65 4 ,94 5
