86 1669.500000 1635.000000 ,83 1 ,46 5
740 1642.500000 1663.500000 ,88 5 ,17 2
2970 1612.500000 1647.000000 ,92 1 ,2 1 ,63 2 ,42 5
4894 1630.500000 1668.000000 ,22 2 ,53 4
6632 1609.500000 1645.500000 ,92 3 ,10 3 ,18 4 ,51 5
8511 1624.500000 1666.500000 ,73 4 ,45 1 ,46 3 ,63 4 ,68 4 ,87 2
14074 1611.000000 1653.000000 ,3 3 ,64 3 ,84 4 ,46 3 ,28 1 ,95 3
23242 1638.000000 1656.000000 ,92 1 ,83 5 ,42 5 ,87 5
39391 1617.000000 1668.000000 ,10 2
40763 1638.000000 1644.000000 ,58 4 ,53 2 ,95 1 ,30 4 ,38 1
43205 1621.500000 1642.500000 ,57 2 ,63 4 ,29 5
44125 1659.000000 1647.000000 ,28 5 ,18 2 ,77 1
45807 1638.000000 1659.000000 ,64 3
47923 1606.500000 1636.500000 ,98 1 ,45 4 ,90 2 ,84 4
48896 1666.500000 1641.000000 ,6 2 ,58 4
51060 1605.000000 1635.000000 ,53 1 ,90 3 ,32 2 ,76 3 ,41 3 ,86 4
65844 1647.000000 1662.000000 ,30 3 ,94 3 ,97 2
71461 1663.500000 1653.000000 ,24 4 ,17 3 ,26 3
78851 1669.500000 1653.000000 ,45 3 ,85 5 ,68 1 ,8 2 ,70 3
81877 1611.000000 1660.500000 ,47 2 ,13 4 ,74 5 ,82 5 ,89 1 ,62 1
83632 1665.000000 1665.000000 ,62 1 ,35 5 ,58 3 ,61 3 ,74 3 ,78 4
91043 1644.000000 1659.000000 ,90 2 ,2 2
98999 1662.000000 1659.000000 ,26 2 ,59 5 ,52 1
