26 3150.000000 1705.500000 ,85 5 ,63 3
5635 3148.500000 1689.000000 ,80 3 ,31 4
6050 3169.500000 1701.000000 ,87 1 ,96 5
7580 3141.000000 1683.000000 ,11 2 ,79 3
8654 3171.000000 1705.500000 ,65 5 ,27 3 ,99 2 ,42 5 ,49 4
10306 3156.000000 1714.500000 ,47 3 ,93 3 ,77 5 ,76 1 ,71 5 ,19 3
19809 3177.000000 1692.000000 ,71 2 ,58 2 ,3 2 ,95 1
20900 3160.500000 1704.000000 ,23 1
21710 3177.000000 1695.000000 ,4 1
22237 3141.000000 1701.000000 ,25 2 ,7 3 ,58 1 ,41 3 ,59 1
24896 3163.500000 1719.000000 ,17 1 ,24 2 ,79 2
28567 3139.500000 1683.000000 ,87 1 ,53 4
29308 3126.000000 1717.500000 ,86 5 ,72 4 ,55 1 ,23 2
32893 3145.500000 1674.000000 ,39 1 ,94 4 ,59 2 ,80 5 ,11 2
33912 3130.500000 1683.000000 ,53 5 ,19 5 ,68 5 ,28 5
40471 3136.500000 1689.000000 ,50 5 ,33 1
42681 3142.500000 1711.500000 ,14 5 ,72 1 ,45 2 ,84 5 ,43 4
45104 3174.000000 1689.000000 ,76 5 ,81 5
52837 3168.000000 1704.000000 ,24 1 ,17 5
57222 3175.500000 1705.500000 ,13 2 ,41 3 ,61 3 ,49 4 ,79 2 ,31 1
57551 3148.500000 1675.500000 ,5 2 ,52 5 ,10 4 ,85 5 ,82 5
61539 3160.500000 1684.500000 ,26 1 ,32 4 ,76 3 ,92 4
62108 3142.500000 1711.500000 ,75 5 ,50 1
62774 3169.500000 1687.500000 ,92 2 ,45 5 ,56 5 ,63 5 ,44 1
65243 3130.500000 1677.000000 ,4 2 ,71 2 ,72 1 ,42 5
66884 3172.500000 1683.000000 ,57 5
72171 3132.000000 1719.000000 ,91 2 ,57 2 ,5 2 ,40 1 ,10 3
83210 3154.500000 1713.000000 ,65 2 ,0 3 ,45 4 ,68 2
85258 3175.500000 1704.000000 ,61 3
85316 3141.000000 1692.000000 ,36 1 ,62 1 ,59 2
93346 3153.000000 1678.500000 ,52 4 ,35 3
93796 3172.500000 1692.000000 ,17 1
96577 3163.500000 1672.500000 ,84 3 ,87 2 ,81 5 ,14 5 ,30 1
97643 3156.000000 1722.000000 ,79 3 ,15 2 ,88 4 ,4 5 ,16 4 ,87 5
