4213 1297.500000 843.000000 ,25 1 ,22 2 ,50 5 ,91 4 ,77 5 ,35 5
5502 1279.500000 823.500000 ,63 5 ,48 4 ,38 5 ,85 1
14660 1293.000000 846.000000 ,35 3 ,31 4 ,62 3
24796 1240.500000 829.500000 ,30 1 ,89 1 ,82 5
26011 1245.000000 853.500000 ,6 2
32374 1281.000000 822.000000 ,79 4 ,71 3 ,80 3 ,36 1
34749 1281.000000 826.500000 ,23 5 ,15 3 ,5 5 ,68 2
35746 1294.500000 837.000000 ,16 1 ,78 2 ,61 4 ,71 5
45642 1276.500000 832.500000 ,20 4 ,33 1 ,72 5 ,52 3 ,64 5
46436 1252.500000 853.500000 ,96 4 ,2 2 ,99 3 ,24 1 ,9 2
53401 1263.000000 864.000000 ,80 4 ,85 1 ,3 4 ,81 2
53841 1269.000000 847.500000 ,18 4 ,46 5 ,26 2 ,38 4 ,60 4
55108 1255.500000 855.000000 ,23 3 ,87 5 ,49 4 ,68 3
55410 1243.500000 867.000000 ,81 2 ,48 1 ,72 4 ,98 4 ,91 5 ,79 1
57477 1296.000000 819.000000 ,69 3 ,60 4 ,78 5 ,55 4 ,15 4
70427 1239.000000 828.000000 ,19 4 ,13 5 ,98 5 ,95 4 ,14 5 ,56 4
76132 1255.500000 849.000000 ,10 2 ,92 2 ,3 5 ,74 2 ,17 3 ,36 5
77910 1243.500000 832.500000 ,17 2 ,67 5 ,64 2 ,98 3 ,62 2 ,99 5
79309 1296.000000 834.000000 ,81 2 ,79 5 ,88 1 ,23 3
81350 1300.500000 850.500000 ,36 3 ,56 3 ,69 2
82395 1287.000000 819.000000 ,76 5 ,17 4 ,13 5 ,72 5 ,93 4 ,48 5
82401 1273.500000 837.000000 ,68 4
83322 1255.500000 868.500000 ,66 5 ,35 4 ,78 3 ,39 3 ,32 5
84467 1285.500000 858.000000 ,59 1 ,63 5 ,40 3 ,82 5
92478 1249.500000 861.000000 ,33 1 ,89 5
93293 1290.000000 831.000000 ,91 4 ,40 2 ,12 1
95820 1275.000000 819.000000 ,8 5 ,12 2
97167 1258.500000 816.000000 ,25 4 ,33 2
