2512 1063.500000 1384.500000 ,58 5
2544 1057.500000 1360.500000 ,81 2
9269 1063.500000 1341.000000 ,87 3 ,58 3 ,62 2 ,89 4 ,70 5 ,42 2
10856 1044.000000 1360.500000 ,9 1 ,1 1
16679 1065.000000 1396.500000 ,27 4
25204 1051.500000 1374.000000 ,52 2 ,60 3
28754 1071.000000 1369.500000 ,28 5 ,22 4
32297 1069.500000 1342.500000 ,88 2 ,70 4 ,5 3
34049 1074.000000 1351.500000 ,85 3 ,68 2 ,45 5
41829 1054.500000 1359.000000 ,93 1 ,94 1
61188 1065.000000 1350.000000 ,3 5 ,13 1 ,98 2 ,90 5 ,97 1
62210 1071.000000 1395.000000 ,72 3 ,86 5 ,56 3 ,55 5
66219 1075.500000 1395.000000 ,17 4
67771 1075.500000 1389.000000 ,48 2 ,89 5 ,42 2 ,41 2 ,49 5
74629 1051.500000 1365.000000 ,20 1 ,40 1 ,76 5 ,2 3 ,1 1
77961 1048.500000 1390.500000 ,15 3 ,31 3 ,8 1 ,28 5
82543 1072.500000 1353.000000 ,26 5 ,3 2 ,35 4 ,84 3
84254 1050.000000 1350.000000 ,16 2 ,92 4 ,25 5 ,62 3
85423 1063.500000 1384.500000 ,7 2 ,75 5 ,44 3 ,16 3
94646 1053.000000 1399.500000 ,60 4 ,71 4 ,51 5 ,73 2 ,14 1
