4430 1426.500000 2397.000000 ,79 3 ,57 4 ,58 5 ,52 5 ,42 1 ,44 1
6976 1438.500000 2403.000000 ,47 5 ,13 5 ,71 5 ,38 2 ,88 2 ,6 2
15263 1411.500000 2395.500000 ,78 5 ,58 1
21952 1410.000000 2404.500000 ,14 5
23644 1449.000000 2386.500000 ,29 3 ,82 5 ,63 2 ,32 2 ,94 2 ,75 3
24852 1434.000000 2395.500000 ,64 2 ,33 5 ,28 4 ,77 5 ,65 4 ,91 4
25974 1470.000000 2367.000000 ,88 1 ,81 3 ,41 4 ,67 3 ,77 3 ,52 2
28624 1408.500000 2371.500000 ,57 1 ,37 3
32155 1447.500000 2394.000000 ,30 5 ,94 4 ,26 1 ,54 2 ,32 3 ,40 1
35218 1434.000000 2389.500000 ,22 4 ,43 3
39692 1467.000000 2386.500000 ,69 5
45640 1467.000000 2395.500000 ,29 3
47008 1446.000000 2365.500000 ,14 5 ,0 2 ,94 1 ,12 4
50166 1453.500000 2385.000000 ,15 4 ,10 3 ,37 2 ,88 4 ,62 3 ,40 1
59469 1471.500000 2374.500000 ,29 3 ,68 5 ,73 1 ,15 5 ,64 2 ,23 1
59771 1473.000000 2367.000000 ,53 2 ,66 4 ,80 5 ,2 3 ,83 5 ,20 4
60154 1471.500000 2371.500000 ,83 4 ,2 5 ,28 4 ,68 5 ,98 5
61842 1444.500000 2377.500000 ,50 5 ,21 4 ,52 1 ,64 1 ,25 1 ,40 2
67028 1476.000000 2367.000000 ,46 4 ,34 5 ,52 1
70266 1452.000000 2376.000000 ,20 1
70300 1410.000000 2371.500000 ,24 3 ,36 3 ,89 2 ,38 4 ,72 3
76277 1455.000000 2401.500000 ,78 3 ,83 4 ,51 5 ,50 3 ,71 2
76636 1420.500000 2365.500000 ,63 5 ,97 2 ,79 5 ,69 2
79009 1411.500000 2388.000000 ,27 4 ,90 1 ,85 2 ,11 2 ,34 1
86971 1411.500000 2385.000000 ,74 3 ,44 4 ,43 4 ,15 5 ,42 2
88304 1470.000000 2398.500000 ,23 5 ,69 4 ,1 1
95469 1437.000000 2389.500000 ,38 2 ,80 4 ,49 5 ,11 5
96068 1414.500000 2403.000000 ,57 2 ,54 3
97429 1458.000000 2370.000000 ,18 4 ,94 3 ,69 5 ,65 3
