119 2685.000000 877.500000 ,14 5 ,33 2 ,34 1 ,88 4 ,50 4 ,1 1
859 2712.000000 868.500000 ,46 1
5368 2710.500000 891.000000 ,10 4 ,79 5
6092 2694.000000 888.000000 ,84 2 ,6 2
21734 2713.500000 882.000000 ,79 1
31521 2706.000000 853.500000 ,70 3 ,20 3 ,87 3 ,51 4 ,37 2 ,32 4
36737 2689.500000 852.000000 ,15 5 ,34 3 ,68 2
41696 2709.000000 871.500000 ,28 4 ,92 4 ,35 3 ,10 3 ,52 3 ,39 5
45042 2707.500000 910.500000 ,60 3 ,20 2 ,98 3 ,10 5
49640 2710.500000 880.500000 ,80 5 ,53 5 ,34 2 ,78 1 ,97 3
51563 2692.500000 895.500000 ,74 1 ,52 3 ,63 1
54425 2695.500000 847.500000 ,31 5 ,11 1 ,55 3 ,79 1 ,15 1 ,28 5
60351 2700.000000 861.000000 ,74 3 ,64 1 ,47 4
62045 2688.000000 829.500000 ,27 1 ,53 5 ,93 4 ,38 1 ,71 3 ,82 2
62973 2688.000000 888.000000 ,59 3 ,95 1 ,12 4 ,1 2
65605 2689.500000 873.000000 ,42 1
75426 2701.500000 844.500000 ,6 1 ,88 4 ,7 2
81244 2686.500000 849.000000 ,65 2 ,4 2 ,57 2 ,86 2
85888 2710.500000 900.000000 ,13 2 ,5 1 ,64 2 ,29 1 ,95 2
90996 2704.500000 858.000000 ,39 5
99168 2698.500000 906.000000 ,35 2 ,30 5 ,62 1
99389 2706.000000 856.500000 ,51 2 ,79 1 ,84 2 ,59 2 ,12 2
