15959 2767.500000 36.000000 ,87 4 ,1 2 ,46 1 ,18 4 ,33 1
19445 2782.500000 3.000000 ,88 1 ,9 1 ,39 2 ,62 4
20030 2773.500000 4.500000 ,93 4
20601 2770.500000 19.500000 ,75 3 ,96 2 ,9 4 ,65 5 ,56 3 ,14 4
22684 2763.000000 39.000000 ,5 4 ,13 4 ,52 3 ,14 1 ,63 3
22729 2772.000000 25.500000 ,64 1 ,49 2 ,17 4 ,77 2 ,9 1
24908 2755.500000 16.500000 ,69 4 ,28 2 ,25 2 ,56 5 ,6 1 ,41 4
27084 2749.500000 31.500000 ,54 1 ,13 1 ,3 2
37296 2754.000000 3.000000 ,40 3 ,39 3
41971 2761.500000 30.000000 ,77 2 ,99 3 ,24 2 ,61 1 ,30 1 ,8 5
46102 2772.000000 43.500000 ,72 4 ,62 2 ,94 4 ,27 2 ,35 5 ,20 5
50852 2758.500000 33.000000 ,82 1 ,68 5 ,88 1 ,67 1 ,6 5
51154 2743.500000 42.000000 ,54 2
64540 2775.000000 43.500000 ,99 3 ,18 4 ,90 1 ,62 3 ,73 4
66368 2764.500000 27.000000 ,58 2 ,76 1 ,6 5 ,56 1 ,93 5
68003 2748.000000 34.500000 ,17 4 ,62 4
73246 2796.000000 6.000000 ,7 5 ,81 1
74589 2793.000000 37.500000 ,85 4 ,42 2 ,62 4 ,17 5 ,90 2
75417 2788.500000 3.000000 ,51 5
75807 2760.000000 13.500000 ,3 2 ,4 1 ,26 5 ,77 1 ,24 2 ,83 4
82938 2749.500000 13.500000 ,41 1 ,18 5 ,43 1 ,9 3
95328 2755.500000 42.000000 ,41 2 ,19 5 ,34 1 ,6 2
98530 2749.500000 24.000000 ,36 3 ,95 4 ,20 5 ,12 5 ,10 2 ,51 3
