199 2326.500000 1788.000000 ,51 3 ,29 4
2473 2338.500000 1819.500000 ,92 3 ,21 4 ,32 3 ,49 2 ,84 5 ,76 1
5002 2335.500000 1788.000000 ,6 5 ,99 3 ,44 1 ,43 5 ,39 3 ,82 1
15257 2340.000000 1774.500000 ,6 2 ,99 3 ,25 2
16140 2325.000000 1792.500000 ,93 2 ,37 2
26284 2320.500000 1768.500000 ,28 1 ,98 1 ,22 1 ,5 2
36845 2271.000000 1794.000000 ,4 2 ,23 1
40944 2281.500000 1762.500000 ,61 1 ,42 3 ,51 3 ,71 3
41977 2320.500000 1762.500000 ,24 5 ,96 4 ,90 1
42838 2320.500000 1821.000000 ,17 3 ,5 5 ,64 1 ,35 2 ,53 4
43779 2272.500000 1798.500000 ,91 4 ,17 2 ,76 4 ,74 4
44016 2338.500000 1810.500000 ,72 5 ,89 3 ,52 1 ,70 4
48521 2310.000000 1750.500000 ,62 1 ,47 1 ,24 3 ,57 2 ,78 3
50337 2280.000000 1825.500000 ,32 1 ,16 1 ,94 5
52918 2316.000000 1819.500000 ,72 1 ,52 5 ,63 4 ,38 4 ,10 5
54374 2310.000000 1827.000000 ,45 5 ,91 4 ,83 4 ,76 4 ,34 2
58186 2304.000000 1812.000000 ,59 3 ,28 4 ,94 4 ,57 1
58687 2277.000000 1776.000000 ,16 1 ,43 4 ,60 4 ,57 4 ,14 2 ,50 4
59690 2283.000000 1830.000000 ,50 4 ,27 3 ,73 2 ,38 1
60059 2311.500000 1821.000000 ,94 4 ,70 1
61751 2340.000000 1782.000000 ,59 4 ,13 4 ,1 3 ,6 4
62223 2329.500000 1768.500000 ,14 5 ,46 4 ,84 3 ,75 4
63391 2317.500000 1785.000000 ,98 1 ,32 2
64892 2343.000000 1753.500000 ,15 4 ,58 5 ,20 4 ,92 4 ,89 5 ,38 2
68604 2331.000000 1803.000000 ,96 5 ,63 4 ,97 4 ,95 4 ,30 4 ,74 2
83031 2329.500000 1780.500000 ,30 2 ,18 3 ,89 3 ,9 5 ,0 4 ,12 1
83618 2325.000000 1750.500000 ,54 5 ,46 3 ,30 4 ,55 5 ,80 5 ,90 4
84645 2335.500000 1771.500000 ,80 3
87675 2335.500000 1824.000000 ,62 3 ,10 2 ,53 1 ,80 4 ,73 2
90046 2314.500000 1810.500000 ,9 1 ,77 3 ,62 2 ,15 4 ,94 3 ,19 4
97901 2313.000000 1768.500000 ,85 1 ,84 4 ,63 2 ,52 1 ,86 2 ,54 1
