4130 2164.500000 2299.500000 ,8 1 ,17 1 ,48 1 ,10 5
17084 2166.000000 2301.000000 ,9 1 ,96 5 ,13 2 ,63 3 ,49 1
20335 2157.000000 2305.500000 ,47 1 ,83 3 ,96 4 ,8 3 ,19 2
35468 2142.000000 2296.500000 ,29 4 ,24 1 ,19 4
36261 2136.000000 2289.000000 ,77 5 ,48 1 ,64 2
39782 2131.500000 2313.000000 ,65 3 ,32 1 ,85 4 ,37 4
45908 2119.500000 2284.500000 ,59 4 ,71 2 ,15 1
50409 2164.500000 2280.000000 ,4 2 ,63 4 ,91 2 ,52 2 ,82 1 ,45 5
50532 2149.500000 2310.000000 ,1 3 ,91 4 ,4 5
54156 2139.000000 2269.500000 ,39 2 ,87 5 ,82 4 ,32 2 ,89 3
56475 2157.000000 2272.500000 ,29 3
57415 2131.500000 2284.500000 ,94 3 ,46 1 ,62 1
62342 2172.000000 2277.000000 ,70 4 ,32 3 ,24 1 ,53 2
65179 2172.000000 2290.500000 ,60 2 ,94 3 ,33 5
65990 2178.000000 2301.000000 ,13 3 ,16 1 ,35 1 ,49 5 ,76 2
66692 2160.000000 2313.000000 ,16 4
73130 2140.500000 2280.000000 ,82 3 ,83 3 ,22 2 ,66 2
73629 2136.000000 2275.500000 ,97 5 ,11 4 ,73 4 ,14 5 ,28 2 ,33 3
74253 2125.500000 2277.000000 ,18 2 ,23 3 ,83 4 ,48 2
75218 2146.500000 2265.000000 ,70 5
77005 2124.000000 2269.500000 ,8 5 ,67 2 ,78 4
89488 2142.000000 2278.500000 ,66 1 ,88 4 ,73 5
92370 2175.000000 2269.500000 ,51 4
96044 2169.000000 2308.500000 ,50 2 ,35 3 ,94 4
