1459 835.500000 1066.500000 ,82 3 ,41 3 ,1 2 ,17 2
4148 829.500000 1056.000000 ,49 3
5299 847.500000 1069.500000 ,38 2 ,75 5 ,55 5 ,57 1 ,46 4
11407 811.500000 1041.000000 ,51 1 ,58 3
15178 847.500000 1024.500000 ,19 3 ,49 5
15269 835.500000 1018.500000 ,46 2 ,20 3 ,2 1 ,98 4 ,6 2 ,7 4
21179 820.500000 1063.500000 ,82 1 ,29 1 ,28 5 ,92 4
21628 810.000000 1069.500000 ,45 5 ,97 2 ,84 3
28806 837.000000 1054.500000 ,98 1 ,57 2 ,80 1 ,90 4
29723 834.000000 1017.000000 ,26 3 ,5 3 ,2 4
30187 823.500000 1068.000000 ,95 3 ,42 4 ,40 4
31703 813.000000 1053.000000 ,83 2 ,96 5 ,82 1 ,94 1 ,46 1 ,25 1
36208 819.000000 1039.500000 ,64 1
46413 823.500000 1059.000000 ,60 1 ,15 3 ,79 3 ,84 2 ,38 3
51715 840.000000 1050.000000 ,56 5 ,93 4 ,22 4 ,85 2
58661 826.500000 1027.500000 ,1 1 ,78 1 ,70 3 ,14 1 ,11 2
60048 835.500000 1057.500000 ,68 5 ,40 2 ,45 1
60913 828.000000 1053.000000 ,20 1 ,9 1 ,14 1 ,63 1
62480 817.500000 1024.500000 ,33 4
64152 840.000000 1068.000000 ,94 3
74749 844.500000 1036.500000 ,83 5 ,7 2 ,5 5 ,86 3 ,84 2 ,17 2
74795 834.000000 1053.000000 ,6 4 ,93 2 ,40 1
75478 825.000000 1020.000000 ,36 3 ,94 2
77312 849.000000 1044.000000 ,35 2 ,79 5 ,26 1 ,86 3 ,50 4
80321 814.500000 1056.000000 ,90 3 ,11 4 ,5 4 ,68 2 ,76 5
81062 804.000000 1024.500000 ,52 4 ,10 3
83227 831.000000 1035.000000 ,62 5 ,10 4 ,77 2 ,63 2 ,48 5
89153 850.500000 1044.000000 ,86 1 ,34 3 ,79 4 ,35 2 ,43 5 ,20 2
