443 3469.500000 25.500000 ,78 5 ,91 2 ,62 3 ,96 5 ,81 3 ,22 3
1111 3517.500000 31.500000 ,36 1 ,60 1 ,27 5 ,11 2 ,8 1 ,5 3
2522 3457.500000 42.000000 ,5 5 ,48 5 ,54 2 ,0 5
3298 3496.500000 9.000000 ,46 4 ,26 3 ,76 4 ,1 5 ,10 5
11552 3487.500000 9.000000 ,86 4 ,1 2 ,45 1 ,68 2 ,17 1 ,74 5
14007 3492.000000 45.000000 ,90 4 ,40 4 ,51 1 ,29 2 ,84 5 ,43 3
22345 3510.000000 10.500000 ,17 4 ,51 1 ,82 5
23951 3474.000000 28.500000 ,20 4
29969 3471.000000 1.500000 ,3 1 ,87 4 ,6 4 ,32 2
36402 3487.500000 9.000000 ,21 3
38596 3490.500000 43.500000 ,74 3
43986 3495.000000 34.500000 ,56 4 ,89 2
47541 3457.500000 24.000000 ,61 3 ,37 5
50638 3493.500000 25.500000 ,64 4 ,34 2 ,32 4 ,59 5 ,93 4 ,87 4
51494 3474.000000 12.000000 ,69 2 ,17 2
52410 3471.000000 19.500000 ,86 2 ,81 2 ,0 5 ,55 4
58322 3477.000000 3.000000 ,21 4 ,76 1 ,71 3
62135 3483.000000 39.000000 ,48 4 ,54 1 ,93 3 ,8 4 ,75 5 ,10 2
62285 3507.000000 21.000000 ,94 1 ,37 4 ,60 5 ,25 5
63243 3481.500000 15.000000 ,0 2 ,24 4 ,25 5
71391 3519.000000 36.000000 ,33 2 ,7 3 ,65 5
71459 3480.000000 28.500000 ,22 3 ,8 1
72065 3501.000000 15.000000 ,30 4 ,24 3 ,88 1 ,55 3
72280 3519.000000 12.000000 ,3 5 ,8 1 ,45 2
75575 3493.500000 37.500000 ,74 1
75630 3460.500000 37.500000 ,23 5
96115 3498.000000 4.500000 ,34 4 ,73 4 ,19 1 ,97 5 ,14 4 ,82 3
