3181 3880.500000 1428.000000 ,31 1 ,53 3
4661 3862.500000 1381.500000 ,29 4 ,61 5 ,84 5 ,96 5 ,0 3
8965 3882.000000 1432.500000 ,36 1 ,82 2
11028 3873.000000 1416.000000 ,12 2 ,96 1 ,66 5 ,71 2 ,80 2 ,92 3
14514 3844.500000 1428.000000 ,17 4 ,92 2 ,98 1 ,11 5 ,76 4 ,2 3
14599 3855.000000 1411.500000 ,63 4
19812 3859.500000 1377.000000 ,44 2 ,57 3 ,3 2 ,29 1 ,41 2 ,18 4
20907 3882.000000 1422.000000 ,77 2 ,9 2 ,95 4
23403 3877.500000 1386.000000 ,74 1 ,68 1 ,0 5 ,35 2 ,21 3
23522 3853.500000 1449.000000 ,72 4 ,98 4
29923 3874.500000 1390.500000 ,34 2
31040 3873.000000 1390.500000 ,32 4 ,41 1 ,31 2 ,14 3
32569 3862.500000 1401.000000 ,44 4 ,19 5 ,46 1 ,13 1 ,35 2
34773 3840.000000 1383.000000 ,17 2
36348 3858.000000 1446.000000 ,10 1
45940 3840.000000 1392.000000 ,96 5 ,21 2
53809 3859.500000 1443.000000 ,90 3 ,59 1 ,53 1 ,72 4
55296 3853.500000 1404.000000 ,25 5 ,68 1 ,11 3 ,53 4 ,16 3 ,49 4
56153 3880.500000 1381.500000 ,65 3 ,82 3 ,92 2 ,49 1
60646 3846.000000 1377.000000 ,70 3 ,78 4 ,0 5
63430 3870.000000 1414.500000 ,47 3 ,42 1 ,6 2 ,9 5 ,61 3 ,86 3
69311 3861.000000 1455.000000 ,52 2 ,16 4 ,56 2 ,17 5 ,13 3 ,11 1
70877 3838.500000 1390.500000 ,30 3 ,92 4 ,72 4 ,10 1 ,85 4 ,7 5
71015 3847.500000 1416.000000 ,20 3 ,41 2
72270 3849.000000 1375.500000 ,28 5 ,68 3 ,7 4
74364 3865.500000 1432.500000 ,41 3 ,15 3 ,14 2 ,66 3
80064 3865.500000 1441.500000 ,84 2 ,10 5 ,1 2 ,54 1 ,24 2 ,65 3
83205 3849.000000 1447.500000 ,73 5 ,68 5 ,66 2 ,82 2 ,76 1
90362 3882.000000 1449.000000 ,50 2 ,0 1 ,49 5
96940 3867.000000 1398.000000 ,22 2
