951 931.500000 739.500000 ,90 1 ,6 2 ,53 4 ,43 5 ,91 2
2126 933.000000 720.000000 ,99 2 ,12 5 ,10 2
5573 960.000000 741.000000 ,65 1 ,7 5
5603 904.500000 766.500000 ,4 5 ,5 4
7220 957.000000 748.500000 ,77 3 ,52 5 ,98 1 ,99 4 ,69 4
7591 964.500000 742.500000 ,50 1
15582 915.000000 738.000000 ,7 4 ,20 2 ,86 5 ,91 2
15610 919.500000 771.000000 ,21 2 ,73 2 ,3 3
24282 925.500000 777.000000 ,80 3
30590 964.500000 762.000000 ,21 4 ,46 3 ,85 1
30692 963.000000 771.000000 ,59 4 ,31 5 ,73 2 ,30 1
33596 921.000000 754.500000 ,92 4 ,22 1
34055 913.500000 774.000000 ,67 2 ,48 5 ,56 3 ,82 5 ,76 2 ,1 2
35920 936.000000 739.500000 ,3 5 ,35 2 ,13 1 ,19 3 ,92 2 ,80 1
41284 925.500000 741.000000 ,6 4 ,74 2
45094 948.000000 741.000000 ,56 1 ,43 2 ,94 1 ,7 4 ,1 2 ,73 5
51418 931.500000 748.500000 ,89 3
57932 943.500000 756.000000 ,76 3 ,0 5 ,39 5 ,78 2 ,93 4
58130 955.500000 735.000000 ,43 5 ,23 3 ,57 3 ,69 5 ,56 4
60727 918.000000 733.500000 ,7 5 ,57 4 ,93 3 ,30 1
62213 951.000000 759.000000 ,84 1
63162 937.500000 757.500000 ,37 3 ,50 3 ,16 2 ,76 3 ,20 3
63730 909.000000 759.000000 ,74 1 ,92 1
67165 909.000000 768.000000 ,41 3 ,37 4 ,25 4 ,20 1
74624 922.500000 742.500000 ,25 2 ,26 2 ,41 2 ,42 4
77660 930.000000 756.000000 ,14 2 ,48 1 ,9 5
77898 910.500000 756.000000 ,30 5 ,12 5 ,63 5
77980 922.500000 748.500000 ,56 3 ,0 3
80798 915.000000 778.500000 ,51 3 ,98 2 ,96 5 ,74 4 ,60 4
84049 937.500000 727.500000 ,52 1
85757 933.000000 753.000000 ,17 4 ,0 1 ,10 1
91543 958.500000 721.500000 ,64 5 ,28 4 ,36 4 ,32 2 ,7 4
92084 930.000000 766.500000 ,68 5
96459 931.500000 733.500000 ,8 2 ,12 5 ,60 5 ,67 4 ,46 2 ,36 5
99530 925.500000 756.000000 ,77 2 ,29 3 ,1 4 ,11 3 ,51 1 ,83 1
