4363 3153.000000 2502.000000 ,4 2
9024 3160.500000 2481.000000 ,34 2 ,78 4
17367 3180.000000 2460.000000 ,92 2 ,56 3
20097 3163.500000 2449.500000 ,87 3 ,54 2 ,51 1 ,77 2 ,10 3 ,21 5
20314 3180.000000 2482.500000 ,17 2 ,62 2
22263 3153.000000 2493.000000 ,30 1
22429 3183.000000 2484.000000 ,6 5 ,12 2
23759 3159.000000 2503.500000 ,42 5 ,43 5
32997 3153.000000 2439.000000 ,4 5
33053 3175.500000 2493.000000 ,40 3 ,0 1 ,53 1
35375 3144.000000 2502.000000 ,98 2
40421 3147.000000 2455.500000 ,32 2 ,89 1 ,1 4
41395 3138.000000 2499.000000 ,8 4 ,73 1 ,91 2 ,54 3 ,58 3
49353 3169.500000 2508.000000 ,2 4 ,39 3 ,62 1
52206 3177.000000 2469.000000 ,22 3 ,30 1 ,69 4 ,45 5 ,46 4
56322 3145.500000 2436.000000 ,39 5 ,17 3 ,67 5
57068 3139.500000 2454.000000 ,74 5
68394 3154.500000 2478.000000 ,81 2 ,4 5 ,39 3
71011 3190.500000 2448.000000 ,12 3 ,69 1 ,81 3 ,8 5 ,56 2 ,32 2
77638 3162.000000 2445.000000 ,46 4 ,85 5
79109 3163.500000 2443.500000 ,16 1 ,63 4 ,65 2 ,32 2 ,13 5 ,66 1
84330 3154.500000 2500.500000 ,8 3 ,31 1 ,98 5
85619 3171.000000 2484.000000 ,71 1 ,73 5 ,69 3
86690 3187.500000 2467.500000 ,87 1 ,68 5 ,0 1
87482 3175.500000 2502.000000 ,93 2 ,97 5 ,25 3
87571 3153.000000 2461.500000 ,32 2 ,68 3
87776 3156.000000 2445.000000 ,6 4 ,42 4
89151 3150.000000 2511.000000 ,23 5
92036 3150.000000 2449.500000 ,68 3 ,23 4 ,67 2 ,18 2 ,48 3 ,87 5
93781 3147.000000 2512.500000 ,27 3
94142 3192.000000 2443.500000 ,18 1 ,70 3 ,53 2 ,44 2
95623 3180.000000 2437.500000 ,74 1 ,88 2
97584 3156.000000 2470.500000 ,58 3 ,14 4 ,65 1 ,28 1 ,11 2
99119 3172.500000 2505.000000 ,8 1 ,91 1 ,60 3
99678 3150.000000 2511.000000 ,53 4 ,8 4 ,57 4 ,66 5
