1541 1635.000000 1477.500000 ,11 5 ,25 1 ,60 3 ,66 1 ,2 1
4289 1645.500000 1563.000000 ,10 5 ,2 3 ,88 5 ,93 1 ,24 1 ,13 5
5732 1624.500000 1489.500000 ,36 2 ,7 3 ,39 3 ,63 1 ,76 2
6427 1660.500000 1566.000000 ,75 1 ,53 3 ,79 2 ,13 4
9933 1671.000000 1492.500000 ,25 1 ,46 2 ,41 2 ,65 2 ,62 4 ,63 5
10263 1666.500000 1537.500000 ,41 3 ,87 1 ,85 5 ,14 1 ,64 2
10546 1636.500000 1474.500000 ,54 5 ,51 1 ,92 2 ,84 1
10870 1614.000000 1537.500000 ,91 5 ,55 2 ,42 5
11392 1672.500000 1483.500000 ,7 2 ,60 4
13947 1647.000000 1479.000000 ,89 1 ,88 3 ,12 2 ,3 5
17887 1666.500000 1528.500000 ,40 4 ,98 2
18248 1671.000000 1479.000000 ,77 4
22673 1674.000000 1525.500000 ,75 4 ,60 3
23096 1668.000000 1537.500000 ,90 5 ,59 2 ,43 4 ,15 4 ,8 1
26659 1621.500000 1533.000000 ,85 2 ,25 3
27273 1630.500000 1548.000000 ,48 2
35501 1621.500000 1563.000000 ,23 4 ,86 3 ,54 5 ,83 5 ,53 5 ,45 1
37120 1665.000000 1477.500000 ,13 3 ,10 3 ,67 2 ,57 3 ,25 2 ,79 2
37360 1609.500000 1558.500000 ,18 5 ,49 5 ,69 3 ,16 1 ,11 5
37707 1674.000000 1561.500000 ,88 5 ,48 5 ,43 5 ,15 2
38834 1645.500000 1570.500000 ,64 3 ,43 5 ,6 3
39094 1645.500000 1482.000000 ,29 3 ,76 4 ,38 4 ,16 5 ,27 5 ,46 3
41030 1611.000000 1563.000000 ,91 4 ,16 4 ,72 5 ,74 2
43041 1624.500000 1570.500000 ,49 1 ,74 4 ,37 5 ,5 5 ,33 4 ,17 3
45029 1653.000000 1495.500000 ,58 1 ,52 2 ,5 5
47146 1659.000000 1500.000000 ,23 3 ,2 5 ,18 5 ,7 4
48190 1674.000000 1566.000000 ,89 3 ,20 3 ,54 1 ,59 4 ,77 2
51952 1669.500000 1513.500000 ,80 3 ,17 1 ,41 4 ,7 1 ,65 2 ,33 4
54812 1654.500000 1572.000000 ,12 5 ,28 4 ,98 4 ,51 3 ,6 5 ,30 3
57738 1638.000000 1546.500000 ,81 4 ,39 1 ,25 1 ,84 3
59833 1623.000000 1545.000000 ,40 2 ,69 5 ,9 1 ,87 2 ,61 1 ,0 3
69557 1657.500000 1540.500000 ,75 1 ,77 1 ,93 1 ,88 2 ,41 2 ,86 1
71625 1654.500000 1557.000000 ,47 2 ,78 1 ,83 3
72152 1647.000000 1539.000000 ,94 1
88887 1675.500000 1534.500000 ,80 3 ,20 4 ,63 2 ,64 5 ,48 2 ,46 4
92254 1636.500000 1533.000000 ,51 4 ,32 1 ,15 3 ,6 3 ,95 1
98246 1677.000000 1539.000000 ,74 2
