3631 1374.000000 2049.000000 ,83 4 ,11 2
6106 1374.000000 2031.000000 ,28 1 ,72 1 ,57 2 ,12 4 ,51 5
9193 1350.000000 2064.000000 ,98 3 ,19 3 ,79 1 ,95 3 ,32 3
14665 1348.500000 2023.500000 ,48 5 ,38 4 ,84 1 ,83 3
17395 1353.000000 2062.500000 ,24 4 ,13 3
18999 1351.500000 2038.500000 ,41 1
20384 1399.500000 2044.500000 ,95 4 ,22 3 ,34 1 ,58 1 ,77 2
20467 1396.500000 2055.000000 ,91 2 ,88 1 ,58 2
21369 1381.500000 2044.500000 ,73 1 ,80 1
26940 1374.000000 2043.000000 ,62 3
28289 1387.500000 2047.500000 ,0 5 ,12 3 ,34 3 ,41 4 ,69 1
40152 1378.500000 2013.000000 ,90 3 ,31 5
43132 1389.000000 2065.500000 ,27 3 ,75 5 ,49 4 ,79 1 ,62 2
45822 1401.000000 2068.500000 ,26 3
50137 1354.500000 2059.500000 ,62 2 ,10 2 ,55 4 ,85 3 ,81 1 ,28 3
50681 1365.000000 2041.500000 ,4 4
53264 1389.000000 2047.500000 ,43 1 ,56 1 ,10 2 ,70 1 ,14 2
54055 1365.000000 2035.500000 ,16 2 ,45 3 ,64 4 ,5 2
59548 1362.000000 2032.500000 ,55 1 ,0 2 ,84 4
64841 1348.500000 2032.500000 ,39 1 ,29 3 ,38 1
66338 1374.000000 2058.000000 ,54 5
77801 1348.500000 2058.000000 ,46 3 ,98 1 ,3 5
79567 1378.500000 2056.500000 ,33 3 ,79 4
87056 1353.000000 2047.500000 ,72 5 ,34 4 ,59 1 ,67 1 ,43 4 ,41 4
87321 1348.500000 2062.500000 ,34 5 ,26 5 ,37 5 ,69 4 ,33 3 ,73 2
87808 1383.000000 2013.000000 ,57 4 ,42 1 ,47 5 ,62 4 ,8 4 ,72 4
87881 1363.500000 2055.000000 ,46 3 ,78 1 ,11 3
91107 1398.000000 2065.500000 ,25 3 ,79 2 ,63 2 ,53 4
92068 1374.000000 2037.000000 ,77 1 ,50 2 ,10 4 ,49 1
95991 1372.500000 2031.000000 ,8 5
97725 1371.000000 2070.000000 ,22 3 ,24 1 ,64 5 ,85 3 ,73 1 ,68 3
