6137 3664.500000 2034.000000 ,19 3 ,50 1 ,15 3 ,54 2
6697 3688.500000 2046.000000 ,65 5
10751 3702.000000 2035.500000 ,64 2 ,27 3 ,88 1 ,90 5 ,50 4 ,48 4
12132 3703.500000 2016.000000 ,52 4 ,84 5
14353 3651.000000 2046.000000 ,44 5 ,64 1 ,96 1 ,42 5 ,46 4
14610 3717.000000 2011.500000 ,64 1 ,16 3 ,95 3 ,76 2 ,27 4 ,71 2
18563 3657.000000 2040.000000 ,87 2 ,4 1 ,47 2 ,52 3 ,90 2 ,17 1
23727 3649.500000 2004.000000 ,57 1 ,81 4 ,29 4 ,65 2
27066 3717.000000 2008.500000 ,2 4 ,14 1 ,25 5 ,5 3 ,63 4
29840 3709.500000 2016.000000 ,41 2 ,29 4
30200 3652.500000 2014.500000 ,57 2 ,82 2 ,97 5 ,45 4 ,98 5 ,66 4
32061 3637.500000 2004.000000 ,39 4 ,53 1 ,84 2
34200 3705.000000 2022.000000 ,68 3 ,65 3 ,8 5
34969 3685.500000 2017.500000 ,77 4 ,75 3
37683 3715.500000 2034.000000 ,28 4 ,33 1 ,66 5
39082 3636.000000 2016.000000 ,20 3 ,24 4 ,79 2
40996 3667.500000 2007.000000 ,4 5
47493 3687.000000 2002.500000 ,24 2
55326 3646.500000 2034.000000 ,98 2
57271 3712.500000 2049.000000 ,78 4 ,89 4 ,65 4 ,26 4
58085 3697.500000 2044.500000 ,22 1 ,7 1 ,83 3 ,10 1 ,41 1 ,63 2
64531 3667.500000 2028.000000 ,52 5 ,89 4 ,24 2 ,12 2 ,35 1 ,84 5
67371 3723.000000 2032.500000 ,24 4 ,66 3 ,64 3 ,46 1
80492 3693.000000 2046.000000 ,56 3 ,61 4 ,67 4 ,37 5
82615 3682.500000 2041.500000 ,22 2
84688 3661.500000 2019.000000 ,95 2 ,0 4 ,52 5 ,3 5 ,48 3
91546 3732.000000 2005.500000 ,86 4 ,90 2 ,43 1 ,78 5
92566 3709.500000 2002.500000 ,24 1 ,23 5
94779 3723.000000 2016.000000 ,57 5 ,68 4 ,22 2
