232 1434.000000 880.500000 ,46 2 ,18 2 ,59 1 ,23 1 ,88 4
1120 1425.000000 886.500000 ,48 1 ,83 4 ,42 1 ,2 2 ,62 1 ,5 3
2341 1449.000000 768.000000 ,3 1 ,12 1 ,40 1
3111 1429.500000 817.500000 ,68 2 ,81 1 ,18 4 ,95 5 ,0 4 ,53 4
3322 1452.000000 813.000000 ,15 3 ,2 1 ,0 4
4323 1425.000000 769.500000 ,10 4 ,96 1 ,19 4 ,55 5 ,11 5
9499 1492.500000 786.000000 ,36 1 ,43 1 ,20 4 ,83 1 ,0 5 ,19 4
10814 1464.000000 768.000000 ,28 1 ,55 2 ,12 1 ,21 5
11348 1458.000000 771.000000 ,26 2 ,8 5 ,51 4
29730 1420.500000 876.000000 ,23 3 ,49 3
31506 1503.000000 802.500000 ,21 2 ,9 5 ,54 1 ,27 4
32024 1467.000000 769.500000 ,26 2 ,67 3 ,92 1
35740 1428.000000 861.000000 ,67 1 ,32 3 ,52 1 ,74 1 ,86 5
35812 1428.000000 763.500000 ,70 1
36343 1498.500000 888.000000 ,15 3 ,77 1 ,33 2 ,92 1 ,60 2
42382 1510.500000 762.000000 ,38 4 ,85 5
53902 1500.000000 777.000000 ,87 3 ,34 3 ,99 5 ,2 1 ,0 2
55201 1461.000000 795.000000 ,71 3 ,43 5 ,20 3 ,64 4
58650 1497.000000 780.000000 ,61 5
59780 1474.500000 789.000000 ,90 5 ,1 3 ,67 5 ,84 5 ,26 1
62756 1443.000000 802.500000 ,39 5 ,74 2 ,4 3 ,66 2 ,49 5
62781 1452.000000 760.500000 ,51 3 ,15 3 ,58 2 ,21 4 ,28 3 ,94 5
64759 1452.000000 777.000000 ,83 4
65015 1479.000000 813.000000 ,60 3 ,11 3
66585 1435.500000 781.500000 ,1 3 ,38 5
69723 1509.000000 790.500000 ,36 3 ,43 2 ,51 2
70640 1512.000000 771.000000 ,51 3 ,69 1
71949 1459.500000 780.000000 ,32 4 ,94 1 ,7 2 ,54 3 ,71 4 ,29 5
72089 1509.000000 760.500000 ,31 4
77149 1513.500000 772.500000 ,10 5 ,85 2
82160 1503.000000 796.500000 ,15 2 ,16 4
82161 1420.500000 795.000000 ,67 5 ,39 2 ,99 3 ,34 2
84120 1428.000000 778.500000 ,28 2 ,78 4 ,97 2
87460 1474.500000 772.500000 ,60 1
88970 1461.000000 774.000000 ,64 3 ,67 4
95309 1449.000000 771.000000 ,99 3 ,71 1 ,43 4 ,83 3 ,28 3 ,26 2
