407 4012.500000 1740.000000 ,77 3
2043 3984.000000 1737.000000 ,46 1
4806 3991.500000 1753.500000 ,20 3
6655 4000.500000 1728.000000 ,6 3 ,34 5 ,74 2
6902 4005.000000 1704.000000 ,27 1 ,77 2 ,79 5 ,17 3
8086 3970.500000 1714.500000 ,91 4 ,83 2
9242 4006.500000 1761.000000 ,9 4 ,62 1 ,43 1 ,54 4
10921 3984.000000 1699.500000 ,76 4 ,64 3
11822 3987.000000 1722.000000 ,28 4 ,41 4 ,35 2
12615 3988.500000 1705.500000 ,43 5 ,80 3 ,63 5 ,3 5 ,79 2 ,14 2
18333 3988.500000 1746.000000 ,90 5 ,46 2 ,6 3 ,88 3
25339 3973.500000 1728.000000 ,25 4 ,19 2 ,27 1 ,18 5 ,80 4
30763 4011.000000 1741.500000 ,12 3 ,41 2 ,99 2 ,75 4
32225 3987.000000 1756.500000 ,65 1 ,63 4 ,79 2 ,26 3 ,51 1
33594 3996.000000 1758.000000 ,38 1
34249 3996.000000 1743.000000 ,43 1
34824 4018.500000 1740.000000 ,72 4 ,76 2 ,53 3 ,24 3 ,63 1 ,73 2
37532 4002.000000 1756.500000 ,9 2 ,21 4 ,40 3 ,44 3 ,3 2
37809 3990.000000 1719.000000 ,4 4 ,17 2 ,42 2 ,38 3 ,11 4 ,73 4
38258 4006.500000 1726.500000 ,46 1
43339 4009.500000 1726.500000 ,48 4 ,20 2 ,18 2 ,23 4 ,91 5
43835 3975.000000 1716.000000 ,27 2 ,17 1 ,82 1 ,87 1 ,16 3 ,38 1
56305 3978.000000 1753.500000 ,3 1 ,47 2 ,12 5 ,24 1 ,37 4 ,45 2
56896 3970.500000 1696.500000 ,34 1 ,40 1 ,3 3 ,20 2 ,70 3 ,58 3
61722 3975.000000 1720.500000 ,87 5 ,75 2 ,96 1 ,98 3
72756 3973.500000 1747.500000 ,88 1 ,24 4 ,35 3 ,36 1
74030 3982.500000 1710.000000 ,83 5 ,91 5 ,59 5 ,47 3
74403 4015.500000 1765.500000 ,88 1 ,12 3 ,23 2 ,92 3
82606 4018.500000 1720.500000 ,81 4 ,1 1 ,68 2 ,24 1
95176 3996.000000 1708.500000 ,93 4 ,49 1 ,47 3 ,64 1 ,91 2 ,71 1
95766 4005.000000 1734.000000 ,95 4 ,33 3 ,8 2 ,25 5 ,56 2 ,74 1
