3748 2118.000000 1086.000000 ,83 1 ,4 2 ,69 5 ,44 1 ,9 4
4791 2110.500000 1053.000000 ,49 3
13883 2104.500000 1027.500000 ,69 5 ,48 5 ,22 5
18663 2107.500000 1087.500000 ,32 4 ,61 5 ,9 5
19790 2106.000000 1077.000000 ,8 1 ,69 4 ,22 5
30371 2128.500000 1056.000000 ,47 3 ,81 4 ,7 1
31413 2113.500000 1036.500000 ,16 1 ,92 1
33101 2122.500000 1051.500000 ,68 5 ,90 5 ,3 4
36205 2124.000000 1051.500000 ,92 3 ,31 3 ,23 2 ,35 4 ,80 5
38119 2101.500000 1054.500000 ,82 1 ,16 4
42670 2125.500000 1039.500000 ,89 3 ,96 5 ,34 5
60267 2122.500000 1074.000000 ,33 2 ,2 3 ,66 4 ,37 4 ,88 2 ,39 3
70152 2109.000000 1060.500000 ,94 5 ,98 4 ,59 2 ,34 3 ,46 3 ,11 5
72459 2116.500000 1044.000000 ,71 4 ,85 3 ,57 3 ,17 4 ,77 5
85712 2113.500000 1078.500000 ,31 3 ,90 2
91426 2116.500000 1068.000000 ,63 1 ,79 5 ,18 3 ,61 1
