5077 2029.500000 1528.500000 ,1 4 ,66 4 ,3 1 ,83 5 ,86 5 ,2 2
15546 2001.000000 1489.500000 ,86 2
18054 1990.500000 1516.500000 ,96 2 ,85 5 ,93 4
21034 2044.500000 1507.500000 ,77 3 ,70 1
30337 2041.500000 1492.500000 ,78 4
31417 2001.000000 1537.500000 ,40 3 ,43 1 ,56 4 ,1 3
38104 2040.000000 1542.000000 ,20 4
43708 2022.000000 1539.000000 ,84 4 ,54 1 ,31 2 ,96 5
44609 2044.500000 1543.500000 ,74 4 ,33 5 ,90 4 ,12 1
47000 2019.000000 1536.000000 ,6 4 ,82 4 ,52 5 ,66 4 ,85 3
47156 2044.500000 1542.000000 ,48 3 ,98 3 ,15 1 ,85 3
47843 2040.000000 1545.000000 ,1 5 ,45 2 ,30 3 ,39 5 ,24 3
49548 2010.000000 1525.500000 ,12 3 ,43 2 ,76 5
56862 1990.500000 1527.000000 ,98 3 ,71 1
62631 2019.000000 1530.000000 ,24 3 ,82 2
75356 2011.500000 1531.500000 ,97 3 ,20 4 ,6 3 ,14 4 ,7 1
75688 2007.000000 1536.000000 ,22 4 ,45 4 ,95 3
82567 1992.000000 1537.500000 ,48 2 ,6 4 ,88 4
87562 1998.000000 1525.500000 ,85 3 ,10 1 ,7 2 ,36 4 ,6 2 ,82 5
