1603 123.000000 507.000000 ,6 1 ,36 5 ,3 1 ,24 5
5046 139.500000 516.000000 ,46 3 ,54 5 ,17 4 ,65 2
6262 138.000000 520.500000 ,85 2 ,18 1 ,73 1
7937 118.500000 520.500000 ,37 2 ,36 2 ,87 4 ,44 3
8238 148.500000 487.500000 ,13 5 ,31 2 ,14 5
16057 142.500000 498.000000 ,17 1
19924 169.500000 508.500000 ,33 4 ,15 5 ,34 1 ,12 2 ,69 3
22480 121.500000 510.000000 ,87 1 ,52 1 ,65 2 ,2 3 ,61 4 ,60 3
29932 177.000000 489.000000 ,25 2 ,46 3 ,66 3 ,18 3 ,51 3
37830 183.000000 487.500000 ,43 2 ,19 4 ,15 2
39054 159.000000 520.500000 ,95 5 ,63 1 ,47 5 ,79 5 ,24 1 ,76 5
39135 141.000000 499.500000 ,99 2 ,87 3 ,70 4
41942 124.500000 493.500000 ,41 1 ,70 5 ,25 2 ,86 1
49627 174.000000 490.500000 ,42 1 ,22 2 ,87 5
50283 180.000000 487.500000 ,44 2 ,88 4 ,21 3 ,90 3 ,60 3 ,14 4
50331 130.500000 511.500000 ,12 3 ,22 2
51003 172.500000 499.500000 ,69 2 ,74 2 ,34 3 ,55 5 ,33 3 ,73 3
57783 160.500000 520.500000 ,3 4 ,92 3 ,91 5
60841 109.500000 520.500000 ,53 5 ,6 1 ,26 2 ,54 4 ,44 4
65117 120.000000 498.000000 ,28 1 ,83 4 ,24 2 ,91 4 ,97 4 ,47 1
66024 121.500000 496.500000 ,39 2 ,3 4 ,6 5 ,37 4
71827 129.000000 483.000000 ,47 4 ,71 3 ,7 2
72227 138.000000 493.500000 ,38 2 ,2 2 ,28 3
72643 183.000000 484.500000 ,93 1 ,86 3 ,67 2 ,6 5 ,32 4 ,79 1
72980 171.000000 519.000000 ,87 4 ,29 3 ,64 3
75816 141.000000 510.000000 ,98 2
78128 132.000000 486.000000 ,54 2
79701 114.000000 486.000000 ,17 4 ,94 1 ,44 1 ,79 5 ,27 2
81410 144.000000 519.000000 ,48 2 ,66 1 ,2 3
84667 169.500000 481.500000 ,32 2
90821 181.500000 516.000000 ,99 5 ,9 2
92613 115.500000 487.500000 ,40 1 ,9 1 ,65 4 ,46 3 ,76 3 ,68 4
93019 121.500000 516.000000 ,32 4
