877 2452.500000 2040.000000 ,25 5 ,42 2 ,14 3 ,81 5 ,79 4 ,39 3
1297 2488.500000 2028.000000 ,98 5 ,33 3 ,8 5
4281 2463.000000 2035.500000 ,78 3 ,35 2 ,98 4 ,8 3 ,19 5
7130 2493.000000 2037.000000 ,75 1 ,11 4
9968 2451.000000 2055.000000 ,0 1 ,81 3 ,39 3 ,57 3
13019 2460.000000 2038.500000 ,19 1
14527 2463.000000 2020.500000 ,18 4 ,0 3 ,22 5 ,97 1
17822 2499.000000 2046.000000 ,56 3 ,41 4 ,25 4
18550 2472.000000 2019.000000 ,19 3 ,74 1
21939 2469.000000 2047.500000 ,50 5 ,96 1 ,98 3 ,21 2
23760 2449.500000 2043.000000 ,85 1
31410 2496.000000 2028.000000 ,97 3 ,79 4 ,57 1 ,77 2 ,49 4 ,69 1
33789 2482.500000 2026.500000 ,11 4 ,37 3 ,52 2
47888 2502.000000 2056.500000 ,34 4 ,7 2 ,23 3 ,78 2
49084 2461.500000 2047.500000 ,45 5 ,27 3 ,74 4 ,76 1 ,19 1
60592 2497.500000 2037.000000 ,46 3 ,23 2 ,64 5 ,38 2 ,17 5 ,72 3
61325 2481.000000 2026.500000 ,66 3 ,15 4
67215 2455.500000 2023.500000 ,74 1 ,52 5 ,29 3 ,67 3 ,11 2
70526 2458.500000 2050.500000 ,57 5 ,33 1 ,80 3
72347 2476.500000 2055.000000 ,35 5 ,85 5
80497 2451.000000 2046.000000 ,11 3
86466 2491.500000 2047.500000 ,45 2
87987 2503.500000 2020.500000 ,70 1 ,39 5 ,14 2 ,13 2 ,80 5
