1546 2683.500000 267.000000 ,74 5 ,99 2
2737 2688.000000 214.500000 ,56 2 ,55 2
7587 2650.500000 267.000000 ,42 2 ,22 5 ,80 2 ,79 3
10164 2685.000000 255.000000 ,12 1
12183 2689.500000 249.000000 ,35 3 ,73 3 ,20 4 ,97 2
13660 2670.000000 220.500000 ,84 3 ,28 1 ,99 2 ,2 3 ,31 5
14903 2674.500000 273.000000 ,14 3
15218 2644.500000 273.000000 ,22 1 ,37 1 ,25 2 ,75 4 ,90 4 ,31 5
16663 2679.000000 270.000000 ,15 5 ,21 1 ,69 2 ,5 3 ,43 1 ,51 2
18715 2688.000000 219.000000 ,7 2 ,55 2 ,64 4
19982 2664.000000 279.000000 ,68 4 ,45 3 ,34 4 ,12 5
22755 2685.000000 268.500000 ,8 2 ,49 4 ,40 3 ,0 4 ,51 4
32288 2641.500000 267.000000 ,67 5 ,32 4 ,57 5
32766 2665.500000 235.500000 ,34 2 ,80 1 ,36 1
34131 2673.000000 214.500000 ,26 4 ,95 2 ,11 1 ,39 2
37244 2640.000000 223.500000 ,36 3 ,41 1 ,62 5
40068 2676.000000 216.000000 ,15 4 ,77 3 ,6 5 ,10 1
45396 2686.500000 219.000000 ,33 2 ,60 5 ,2 5
47310 2670.000000 229.500000 ,79 1 ,6 2 ,43 2
47996 2652.000000 252.000000 ,18 1 ,15 4 ,11 5 ,93 4 ,63 2 ,96 3
52970 2674.500000 273.000000 ,78 2 ,63 2 ,40 4
61685 2659.500000 193.500000 ,41 5 ,3 4 ,18 3 ,66 4
62193 2646.000000 252.000000 ,68 1 ,40 1 ,88 5 ,99 3
66349 2683.500000 204.000000 ,18 1 ,23 5 ,12 1
67559 2689.500000 276.000000 ,6 5 ,28 4
74678 2668.500000 219.000000 ,2 2
80651 2671.500000 210.000000 ,39 4 ,75 5 ,29 3 ,72 5 ,5 5
83658 2646.000000 240.000000 ,64 1 ,96 5 ,32 5 ,88 4 ,60 2
84560 2668.500000 247.500000 ,36 1
89113 2643.000000 246.000000 ,56 5 ,17 1 ,42 2 ,88 5 ,3 2
91097 2685.000000 282.000000 ,64 4 ,81 4
94272 2650.500000 235.500000 ,46 4 ,80 4 ,50 5 ,98 3 ,82 4
99013 2686.500000 204.000000 ,57 1
