6155 3573.000000 195.000000 ,13 4
6671 3561.000000 205.500000 ,25 5 ,31 5
9725 3558.000000 222.000000 ,42 2
11257 3562.500000 225.000000 ,76 1 ,92 3 ,56 2
17875 3543.000000 222.000000 ,1 3 ,85 4
18894 3552.000000 216.000000 ,86 3
20025 3553.500000 195.000000 ,81 3 ,53 1 ,34 5
21244 3588.000000 189.000000 ,31 2 ,76 2
25182 3552.000000 184.500000 ,93 4 ,69 3 ,52 3 ,96 2
26275 3582.000000 189.000000 ,34 1 ,76 5
28566 3546.000000 235.500000 ,31 3 ,91 2 ,30 5
31107 3568.500000 202.500000 ,37 3 ,80 1 ,67 4 ,33 4
31350 3573.000000 217.500000 ,71 5 ,20 1 ,40 4
36696 3571.500000 211.500000 ,62 2
38776 3580.500000 220.500000 ,10 4 ,77 5 ,93 2 ,30 5
42904 3592.500000 192.000000 ,42 5 ,47 3 ,6 1
47065 3555.000000 208.500000 ,35 3 ,21 2
54675 3549.000000 211.500000 ,2 4 ,85 1 ,18 2 ,37 1 ,64 5
58855 3570.000000 210.000000 ,53 2 ,32 5 ,34 5 ,6 4 ,46 1
67895 3592.500000 232.500000 ,31 3 ,52 5 ,72 4
69221 3556.500000 226.500000 ,61 1
74089 3558.000000 213.000000 ,31 5 ,86 1 ,13 5
80459 3556.500000 205.500000 ,3 5 ,13 5 ,18 1 ,28 3
82279 3585.000000 225.000000 ,47 5 ,1 1 ,23 4 ,98 2 ,26 2
83769 3588.000000 226.500000 ,71 3 ,75 1 ,5 5 ,66 3
90884 3559.500000 229.500000 ,11 3 ,45 3 ,12 3 ,2 2
