1117 1180.500000 54.000000 ,48 3 ,21 5 ,13 3 ,58 2 ,54 5 ,38 4
1344 1189.500000 79.500000 ,72 1 ,76 2 ,95 4
5414 1200.000000 13.500000 ,68 2 ,34 2 ,10 1 ,79 3
7064 1207.500000 57.000000 ,6 1 ,83 3
7097 1204.500000 48.000000 ,8 1 ,26 1 ,65 5 ,96 5
12581 1167.000000 52.500000 ,92 3 ,56 3 ,8 4 ,1 1 ,81 2
13814 1203.000000 63.000000 ,55 1 ,87 4 ,62 5 ,88 3 ,4 4
15868 1173.000000 37.500000 ,78 3 ,47 5 ,41 4
16795 1206.000000 6.000000 ,54 4 ,16 2 ,28 2 ,58 4 ,31 2 ,11 1
20163 1200.000000 18.000000 ,37 4 ,33 4 ,80 1
21938 1189.500000 30.000000 ,17 4 ,70 3 ,98 4 ,39 1
39162 1185.000000 18.000000 ,32 1
43218 1165.500000 88.500000 ,54 3 ,27 2 ,16 4
49723 1188.000000 34.500000 ,13 2 ,82 3 ,2 3 ,57 5 ,51 4 ,52 1
52881 1204.500000 85.500000 ,36 3 ,63 5 ,16 2 ,52 2
56707 1204.500000 93.000000 ,69 3 ,16 2 ,47 1 ,58 2
61041 1198.500000 40.500000 ,48 3 ,72 3 ,66 2 ,51 5 ,77 4
65724 1192.500000 19.500000 ,49 2 ,33 5 ,23 1 ,68 1 ,48 1 ,54 5
74341 1176.000000 31.500000 ,50 5
78221 1186.500000 36.000000 ,70 3 ,96 4 ,44 5 ,77 3 ,38 1 ,36 3
80347 1171.500000 27.000000 ,1 4 ,89 5
84519 1182.000000 79.500000 ,84 1 ,19 2 ,74 3
85941 1174.500000 9.000000 ,55 3 ,10 3 ,33 4 ,31 3
91351 1168.500000 63.000000 ,1 1 ,61 3
93703 1164.000000 93.000000 ,66 5 ,44 2 ,83 3
93722 1209.000000 87.000000 ,52 2 ,54 4 ,53 3 ,55 2 ,57 2
96515 1204.500000 0.000000 ,10 1 ,87 1
