295 4005.000000 2199.000000 ,96 5 ,62 5 ,23 1
1010 3981.000000 2211.000000 ,92 4 ,84 3 ,29 4 ,85 4 ,14 3 ,69 1
2104 3955.500000 2190.000000 ,55 4 ,60 5 ,41 5 ,74 5 ,40 4 ,73 1
4699 3973.500000 2214.000000 ,30 3 ,92 1
11551 3957.000000 2203.500000 ,78 2 ,68 2 ,63 2
13934 4009.500000 2173.500000 ,38 1 ,93 3 ,14 4 ,56 2 ,12 4 ,50 1
20743 3984.000000 2209.500000 ,95 5 ,43 4
26460 3964.500000 2203.500000 ,55 3 ,6 3 ,41 2 ,9 1 ,88 1
29954 4026.000000 2196.000000 ,82 1 ,47 2 ,68 3 ,4 5 ,58 1 ,62 4
30714 3985.500000 2178.000000 ,59 1 ,83 1 ,0 3 ,80 1 ,46 1 ,2 2
32156 4030.500000 2211.000000 ,57 2
32609 3982.500000 2172.000000 ,62 5
34742 3963.000000 2170.500000 ,71 3
34889 3978.000000 2212.500000 ,27 3 ,80 4
35949 4002.000000 2187.000000 ,67 2
38764 3967.500000 2169.000000 ,95 3 ,62 1 ,43 5 ,45 4
39804 4014.000000 2206.500000 ,23 4 ,77 2
46363 3975.000000 2188.500000 ,45 5 ,39 3 ,21 1 ,17 4 ,44 2
47639 4008.000000 2172.000000 ,75 3 ,5 1 ,35 3 ,40 2 ,83 3
50676 4012.500000 2181.000000 ,6 3 ,31 3
54287 4030.500000 2202.000000 ,25 5 ,97 1 ,32 4 ,48 5
57523 3987.000000 2184.000000 ,20 3 ,13 2
59728 3996.000000 2197.500000 ,36 1 ,38 5 ,95 3 ,8 3 ,70 2 ,91 3
61005 4021.500000 2193.000000 ,48 2 ,24 4 ,15 3
63541 3991.500000 2181.000000 ,20 5 ,64 1 ,8 5 ,57 3 ,91 5 ,21 4
64762 3966.000000 2181.000000 ,35 1 ,88 1 ,46 5
68069 3985.500000 2209.500000 ,44 4 ,87 1 ,6 1 ,41 3 ,99 1 ,62 1
69072 4023.000000 2205.000000 ,57 2 ,67 3
69368 4005.000000 2209.500000 ,54 4 ,69 3 ,73 5
70971 3982.500000 2188.500000 ,53 5 ,91 3 ,73 5 ,41 2 ,19 5 ,40 2
72079 4030.500000 2190.000000 ,36 1 ,71 2
73619 3984.000000 2172.000000 ,15 1 ,26 5 ,47 3 ,12 3 ,53 3 ,70 2
