12952 2952.000000 741.000000 ,95 4 ,20 5 ,21 1 ,62 5 ,69 4
15837 2919.000000 760.500000 ,38 4 ,94 4 ,93 4
30657 2922.000000 742.500000 ,79 2
31036 2926.500000 769.500000 ,97 4 ,53 2
31053 2940.000000 757.500000 ,1 3
33712 2905.500000 783.000000 ,47 1 ,67 5 ,1 2 ,12 4
36944 2910.000000 738.000000 ,66 3 ,39 5
39051 2923.500000 738.000000 ,74 3 ,36 2 ,67 1 ,92 4 ,13 2
42499 2893.500000 742.500000 ,89 2 ,67 2
42957 2928.000000 736.500000 ,61 5 ,97 5 ,13 1 ,84 2 ,28 5 ,16 5
45695 2946.000000 738.000000 ,59 3 ,35 1 ,6 4
46925 2895.000000 726.000000 ,27 3 ,17 2 ,21 5 ,38 2 ,62 1
50520 2893.500000 744.000000 ,25 2 ,63 3 ,33 5
57684 2916.000000 763.500000 ,0 5
62137 2907.000000 757.500000 ,57 5 ,43 1 ,78 1
64918 2928.000000 759.000000 ,52 5 ,0 1 ,27 1 ,40 2 ,25 1
66209 2950.500000 748.500000 ,11 3 ,21 3 ,46 1 ,36 1
67764 2896.500000 754.500000 ,64 4 ,66 4 ,82 1
73533 2893.500000 765.000000 ,90 3 ,40 5 ,43 5 ,1 1 ,9 5 ,93 4
81067 2928.000000 777.000000 ,11 3 ,18 5 ,72 1
83465 2953.500000 738.000000 ,70 4 ,12 1 ,24 2 ,66 3 ,33 4
85084 2901.000000 774.000000 ,72 1
85630 2932.500000 766.500000 ,98 4 ,76 4 ,84 2 ,43 1 ,53 4
85798 2925.000000 783.000000 ,92 5 ,33 3 ,41 2 ,67 4 ,9 4 ,56 5
87406 2940.000000 756.000000 ,55 4 ,17 4 ,1 1
93853 2893.500000 771.000000 ,97 5 ,54 5 ,30 5 ,82 5 ,57 5 ,45 1
93859 2892.000000 759.000000 ,17 3 ,56 5 ,74 1
96114 2896.500000 739.500000 ,62 4 ,16 4
