10194 930.000000 19.500000 ,8 1 ,34 3 ,60 2
16273 943.500000 10.500000 ,2 3 ,38 2 ,9 3 ,97 3
16995 936.000000 60.000000 ,29 5 ,0 3 ,72 1 ,37 5 ,91 3 ,43 1
23646 934.500000 9.000000 ,71 5 ,93 3
24023 948.000000 63.000000 ,88 5 ,75 2 ,4 2 ,15 1 ,85 4
24488 931.500000 46.500000 ,54 3 ,73 2
25794 907.500000 61.500000 ,90 2 ,49 2 ,85 2 ,67 2 ,41 2 ,59 3
26572 946.500000 31.500000 ,50 1 ,48 3 ,18 1
27286 921.000000 51.000000 ,40 4 ,87 4 ,60 5 ,67 4
43765 930.000000 16.500000 ,61 2 ,98 5 ,38 3 ,76 3
45874 933.000000 52.500000 ,59 4 ,83 5
50143 940.500000 43.500000 ,32 5 ,25 2 ,33 5 ,36 3
59078 910.500000 22.500000 ,53 3 ,58 3 ,97 2 ,49 5
61731 910.500000 48.000000 ,97 4 ,9 3 ,24 1 ,70 1
67223 933.000000 58.500000 ,90 3
73312 945.000000 27.000000 ,61 5
82396 918.000000 39.000000 ,11 2 ,71 5 ,13 2 ,50 4 ,82 3 ,48 4
84172 916.500000 58.500000 ,57 2 ,82 3 ,53 4 ,43 4 ,58 3 ,3 5
85609 924.000000 43.500000 ,20 3 ,62 2 ,9 3 ,41 4 ,57 1
90384 924.000000 49.500000 ,18 2 ,67 2 ,15 4 ,70 2 ,74 4 ,10 1
