301 2931.000000 2826.000000 ,3 2 ,5 5 ,7 1 ,74 3 ,22 2 ,33 2
451 2917.500000 2788.500000 ,2 2 ,92 2 ,99 4
5504 2935.500000 2821.500000 ,0 4 ,96 5 ,29 1 ,84 1
13006 2941.500000 2781.000000 ,34 4
16379 2931.000000 2802.000000 ,79 1 ,78 4 ,68 4 ,56 4
18150 2926.500000 2808.000000 ,71 5
19880 2941.500000 2799.000000 ,59 4 ,7 2 ,40 1 ,26 2 ,84 3 ,6 3
20662 2934.000000 2854.500000 ,64 5
24685 2919.000000 2785.500000 ,30 4 ,50 4 ,7 1 ,4 5 ,85 3
25971 2917.500000 2802.000000 ,42 3 ,57 5 ,24 2 ,55 3
32903 2928.000000 2833.500000 ,24 3 ,61 3
46063 2949.000000 2808.000000 ,95 1 ,14 2 ,1 2
46252 2935.500000 2856.000000 ,5 5 ,30 4
48268 2914.500000 2791.500000 ,5 1 ,28 5 ,0 1
48901 2940.000000 2842.500000 ,30 3 ,8 5
50490 2920.500000 2839.500000 ,82 2 ,48 4 ,61 1 ,43 4 ,14 5 ,92 3
55488 2926.500000 2838.000000 ,69 2
62770 2940.000000 2806.500000 ,32 4
66115 2926.500000 2859.000000 ,80 4 ,32 3 ,64 5 ,23 5 ,5 5
90220 2919.000000 2803.500000 ,11 3 ,5 5 ,75 4 ,44 1 ,57 1
91779 2946.000000 2806.500000 ,43 5 ,19 3
92923 2920.500000 2793.000000 ,69 3 ,82 1 ,50 5
