7814 4.500000 2479.500000 ,92 5 ,25 3 ,38 1
11454 1.500000 2473.500000 ,62 4 ,90 1 ,55 5 ,56 4 ,91 4 ,60 2
13514 21.000000 2514.000000 ,53 1 ,70 3 ,11 4 ,71 4 ,24 2
13921 21.000000 2506.500000 ,89 2 ,88 3 ,84 5 ,50 1 ,24 5 ,48 4
19787 18.000000 2521.500000 ,6 3 ,13 1 ,53 4 ,73 4 ,75 5 ,44 1
24835 10.500000 2481.000000 ,12 5
27300 48.000000 2482.500000 ,18 1 ,69 2 ,65 2 ,36 4
30069 7.500000 2491.500000 ,0 5 ,85 3 ,36 2 ,68 1
37804 16.500000 2518.500000 ,28 4 ,49 3 ,59 4 ,34 2 ,20 4
60768 19.500000 2505.000000 ,29 4 ,83 3
63080 31.500000 2481.000000 ,76 3 ,75 4 ,84 1 ,98 4 ,63 1
65180 21.000000 2514.000000 ,72 4 ,60 4 ,1 1 ,84 1
67437 13.500000 2472.000000 ,69 4 ,64 4 ,60 4 ,93 2 ,99 2
77417 40.500000 2485.500000 ,17 3 ,70 3 ,66 3
79779 12.000000 2496.000000 ,7 4 ,55 1 ,84 4 ,94 1 ,96 4 ,32 5
80570 0.000000 2479.500000 ,76 3 ,48 2 ,85 1 ,67 2 ,81 3
81899 10.500000 2530.500000 ,71 5 ,12 5 ,70 4
89512 9.000000 2473.500000 ,4 4 ,7 3 ,98 5 ,17 2 ,91 5 ,47 1
94066 10.500000 2488.500000 ,95 2 ,34 2 ,58 1 ,86 1 ,49 5
94896 24.000000 2517.000000 ,88 4 ,9 5 ,57 5 ,45 2 ,95 2 ,78 4
95417 24.000000 2469.000000 ,8 2
96046 21.000000 2485.500000 ,6 2 ,33 1 ,64 2 ,11 2 ,61 2 ,68 1
