8025 4047.000000 985.500000 ,33 4 ,23 4 ,1 3 ,91 5
8973 4045.500000 1005.000000 ,7 5 ,31 1 ,71 4 ,81 3 ,64 4
9427 4081.500000 1033.500000 ,72 2 ,86 2
11736 4080.000000 976.500000 ,58 5 ,90 5 ,2 2 ,82 2 ,40 4 ,20 1
16835 4026.000000 990.000000 ,22 1 ,67 4 ,11 5 ,28 4 ,86 1
19673 4050.000000 990.000000 ,77 3 ,29 4
21468 4045.500000 1023.000000 ,76 4 ,80 1 ,87 1 ,32 1
25363 4050.000000 1009.500000 ,79 5
30476 4062.000000 1026.000000 ,46 1 ,40 3
32343 4071.000000 975.000000 ,57 2 ,10 2 ,21 1 ,4 1
32982 4081.500000 985.500000 ,15 1 ,25 5 ,57 1 ,17 5
39268 4045.500000 982.500000 ,9 3 ,70 5
41152 4033.500000 979.500000 ,5 3 ,96 5 ,9 4
41853 4059.000000 1011.000000 ,65 3 ,48 1 ,79 1
42368 4081.500000 1018.500000 ,16 2
44916 4026.000000 1033.500000 ,95 3 ,69 3 ,49 1 ,7 3
46654 4065.000000 975.000000 ,21 3 ,8 3 ,76 5 ,88 2 ,75 4 ,26 4
49143 4074.000000 1000.500000 ,64 1 ,99 4 ,25 2 ,35 1 ,5 1 ,96 1
56875 4051.500000 997.500000 ,63 2 ,36 3 ,49 3 ,89 4
60414 4071.000000 1027.500000 ,62 5 ,24 3 ,75 3
67722 4066.500000 1002.000000 ,86 4 ,34 5 ,31 4
67730 4078.500000 991.500000 ,42 1 ,59 3 ,93 4
74072 4060.500000 987.000000 ,40 4 ,58 1 ,6 2 ,74 2
80783 4068.000000 1023.000000 ,75 5 ,66 2 ,2 2
81753 4059.000000 993.000000 ,15 4
85214 4054.500000 1039.500000 ,6 2
87529 4081.500000 1021.500000 ,14 3 ,35 2 ,24 2 ,91 3 ,74 4 ,84 5
89017 4027.500000 1036.500000 ,99 3 ,16 1 ,98 2 ,76 1
90105 4065.000000 996.000000 ,69 4 ,84 5 ,27 5 ,81 4 ,28 4
90225 4026.000000 1029.000000 ,44 1 ,66 2 ,62 1 ,70 5 ,96 1
92352 4054.500000 1011.000000 ,91 5 ,2 4 ,13 1 ,6 4
98801 4059.000000 999.000000 ,16 4 ,88 2
