1035 4170.000000 1426.500000 ,4 3 ,14 5 ,29 5 ,82 3 ,9 2 ,80 1
1301 4176.000000 1480.500000 ,88 1 ,36 4 ,63 1
1385 4195.500000 1428.000000 ,0 2 ,87 2
11347 4162.500000 1422.000000 ,67 1 ,99 4 ,66 1 ,40 3 ,54 4
11968 4171.500000 1450.500000 ,19 3 ,80 2 ,65 3
12690 4170.000000 1411.500000 ,2 4 ,76 2 ,91 4 ,23 5
14175 4185.000000 1455.000000 ,68 4 ,28 3 ,71 3
15737 4150.500000 1458.000000 ,38 4
17678 4150.500000 1425.000000 ,81 1 ,58 2 ,90 1 ,75 5 ,20 2
18378 4159.500000 1431.000000 ,69 2 ,15 2 ,35 1 ,71 2 ,83 2
21684 4149.000000 1488.000000 ,2 3
24332 4192.500000 1452.000000 ,73 4
28126 4197.000000 1462.500000 ,14 4
28384 4153.500000 1435.500000 ,15 2 ,57 2 ,8 3 ,28 4 ,12 3
30677 4179.000000 1405.500000 ,53 4 ,17 3 ,85 4
31531 4161.000000 1434.000000 ,1 2 ,39 3 ,94 5
38287 4194.000000 1440.000000 ,96 3 ,65 2 ,82 1 ,73 4 ,28 4 ,34 1
46586 4150.500000 1453.500000 ,4 5 ,25 2 ,23 1 ,77 4
51778 4197.000000 1447.500000 ,48 5 ,73 4 ,25 1
62725 4162.500000 1408.500000 ,15 3 ,14 1 ,92 3
71981 4155.000000 1479.000000 ,5 5 ,37 5 ,73 3
77264 4192.500000 1495.500000 ,64 4 ,4 3 ,6 1 ,83 2
83020 4173.000000 1411.500000 ,41 3 ,1 2
85980 4173.000000 1423.500000 ,52 2 ,50 1 ,63 3
96006 4168.500000 1434.000000 ,87 5 ,92 2 ,94 1 ,77 2 ,6 3
97685 4192.500000 1405.500000 ,48 4 ,85 5 ,18 5 ,95 5 ,19 1 ,36 2
