6597 3754.500000 462.000000 ,14 5 ,49 5
16255 3732.000000 451.500000 ,31 5 ,47 2 ,93 3 ,7 1 ,66 5
22147 3763.500000 472.500000 ,73 4 ,82 1 ,85 2 ,37 3 ,93 2
24745 3745.500000 445.500000 ,68 1 ,46 1 ,49 2 ,38 4
31084 3759.000000 448.500000 ,11 1 ,13 2 ,98 1
34384 3694.500000 471.000000 ,34 4 ,46 3 ,86 3 ,2 1
34869 3787.500000 459.000000 ,25 3 ,0 3 ,61 1 ,14 5 ,82 2 ,52 3
35454 3756.000000 445.500000 ,89 1 ,13 2
39395 3750.000000 453.000000 ,48 5 ,20 2 ,10 5
41883 3718.500000 471.000000 ,79 1 ,83 5 ,53 4 ,76 3 ,80 2 ,19 1
47941 3718.500000 453.000000 ,18 1 ,92 2
49292 3742.500000 460.500000 ,64 1 ,1 4 ,58 1 ,78 5
74133 3769.500000 469.500000 ,32 2 ,34 5 ,91 1
83873 3705.000000 471.000000 ,17 5 ,56 3 ,66 2
85288 3777.000000 456.000000 ,91 4 ,0 2 ,86 2 ,31 3 ,55 3
87772 3757.500000 462.000000 ,20 3
88497 3711.000000 478.500000 ,31 3
88509 3711.000000 477.000000 ,4 3
90605 3736.500000 477.000000 ,51 3 ,90 1 ,98 3
92821 3778.500000 484.500000 ,3 5 ,18 4 ,78 4 ,85 4
93854 3751.500000 450.000000 ,41 5 ,2 4 ,34 5 ,38 3
96983 3792.000000 465.000000 ,8 3
