237 2143.500000 2637.000000 ,35 1 ,17 3 ,51 1 ,32 5
13068 2164.500000 2667.000000 ,5 5 ,38 1
17837 2160.000000 2617.500000 ,48 4 ,68 1 ,87 4 ,77 5
18779 2149.500000 2610.000000 ,9 3 ,51 2 ,97 5 ,88 3 ,94 1 ,8 2
22474 2155.500000 2655.000000 ,46 4 ,91 1 ,45 1
23194 2149.500000 2646.000000 ,22 4 ,13 1 ,6 1 ,39 4 ,30 2 ,50 5
27781 2143.500000 2655.000000 ,74 4
28041 2142.000000 2626.500000 ,21 3 ,17 5 ,86 5 ,48 1 ,62 1
29676 2175.000000 2631.000000 ,6 1
29864 2160.000000 2625.000000 ,9 4 ,94 2
37714 2137.500000 2661.000000 ,73 5 ,55 4 ,90 3 ,79 1
40011 2149.500000 2652.000000 ,29 2
41332 2170.500000 2655.000000 ,34 2 ,86 4 ,68 3 ,47 3
49968 2154.000000 2667.000000 ,53 4 ,95 5 ,86 5
52255 2175.000000 2655.000000 ,28 4 ,14 1 ,1 2 ,91 5
53035 2149.500000 2647.500000 ,0 1 ,97 3
59671 2142.000000 2638.500000 ,90 1 ,82 2
68724 2200.500000 2634.000000 ,34 3 ,89 5 ,4 5 ,3 3
75243 2199.000000 2640.000000 ,92 5 ,83 5 ,91 1 ,76 5
76305 2133.000000 2625.000000 ,5 2 ,35 3 ,88 3 ,43 3 ,68 3 ,89 3
77343 2145.000000 2638.500000 ,75 2 ,37 3 ,49 3
79367 2172.000000 2664.000000 ,72 5 ,76 3
79702 2202.000000 2632.500000 ,88 5 ,6 1 ,96 1
81664 2191.500000 2650.500000 ,73 4 ,6 4
84526 2160.000000 2650.500000 ,7 1 ,56 3 ,39 5
88471 2184.000000 2623.500000 ,95 4 ,52 5 ,1 2 ,14 2
89959 2130.000000 2613.000000 ,11 5 ,92 4 ,79 1 ,63 1 ,88 5
92631 2154.000000 2632.500000 ,64 2 ,15 2 ,71 3 ,17 1 ,70 5 ,32 1
95666 2185.500000 2634.000000 ,64 3 ,11 5 ,81 3 ,96 4 ,32 2
99831 2178.000000 2652.000000 ,78 2 ,18 1
