2025 1468.500000 1350.000000 ,86 5 ,73 3 ,38 1 ,80 3
7436 1452.000000 1378.500000 ,19 1 ,38 5 ,24 5 ,69 2 ,2 4
19263 1515.000000 1383.000000 ,61 1 ,22 2 ,32 3 ,74 3 ,47 3 ,89 3
20153 1450.500000 1348.500000 ,77 5 ,54 2 ,3 3 ,60 1 ,90 1
30795 1503.000000 1371.000000 ,67 4 ,79 5
34094 1447.500000 1377.000000 ,39 5 ,75 3 ,78 5 ,82 5 ,5 3
40140 1506.000000 1369.500000 ,99 3 ,14 1
48306 1486.500000 1357.500000 ,63 3 ,56 3 ,69 5 ,36 5 ,35 2 ,1 1
54664 1456.500000 1374.000000 ,88 5 ,71 1 ,12 3
57141 1504.500000 1374.000000 ,98 3 ,90 4 ,56 3
60914 1455.000000 1354.500000 ,21 1 ,73 1 ,53 1 ,30 5
62356 1453.500000 1369.500000 ,24 2 ,20 3 ,10 4 ,66 5
62737 1504.500000 1378.500000 ,51 1 ,74 3 ,69 5
63294 1489.500000 1380.000000 ,71 3 ,39 1 ,15 4 ,86 2
64719 1477.500000 1356.000000 ,37 4 ,25 1 ,1 5 ,29 4
66304 1471.500000 1360.500000 ,14 2 ,83 1 ,40 1
70338 1465.500000 1362.000000 ,22 3 ,91 4 ,20 1 ,71 3 ,83 1 ,61 5
72055 1447.500000 1348.500000 ,1 2 ,49 4 ,50 5
73148 1513.500000 1344.000000 ,27 4 ,52 1 ,20 3
76859 1473.000000 1360.500000 ,26 4 ,34 3 ,62 4 ,71 5 ,16 5 ,67 4
77091 1495.500000 1374.000000 ,45 4 ,93 1 ,73 2
77349 1468.500000 1363.500000 ,39 2 ,0 4 ,50 2 ,49 2
86825 1516.500000 1371.000000 ,68 4 ,21 3 ,6 4
86905 1477.500000 1362.000000 ,76 3
88214 1459.500000 1362.000000 ,95 3 ,94 1
88255 1459.500000 1384.500000 ,28 3 ,5 4 ,18 4 ,97 2 ,60 4
92530 1516.500000 1378.500000 ,69 1
93560 1491.000000 1354.500000 ,62 2 ,19 2
93934 1455.000000 1371.000000 ,44 1 ,0 3 ,35 3 ,31 1 ,55 3
95606 1522.500000 1360.500000 ,66 3
95851 1485.000000 1356.000000 ,76 1 ,5 5 ,26 5 ,46 5
96640 1510.500000 1383.000000 ,86 2 ,93 2
98503 1455.000000 1369.500000 ,68 3 ,5 3 ,14 2
