3562 1423.500000 237.000000 ,81 5 ,47 3 ,61 4 ,15 2 ,45 3 ,50 1
6484 1419.000000 249.000000 ,70 3 ,37 5 ,72 3
11182 1393.500000 235.500000 ,60 1 ,39 3 ,50 2 ,95 2 ,54 4
12385 1389.000000 252.000000 ,33 5 ,46 5 ,42 5 ,4 4 ,30 3 ,53 1
15148 1381.500000 229.500000 ,30 3
15335 1425.000000 247.500000 ,25 4 ,17 2 ,69 1 ,95 1
16211 1396.500000 259.500000 ,34 3 ,86 2
18708 1407.000000 267.000000 ,14 5 ,95 5
20465 1372.500000 258.000000 ,47 2 ,57 3 ,78 1 ,42 5
21538 1368.000000 207.000000 ,10 3 ,41 2 ,98 2 ,80 2 ,38 4 ,33 5
22285 1375.500000 256.500000 ,95 4 ,14 2 ,69 3
23013 1420.500000 225.000000 ,73 2 ,93 4 ,98 5
40311 1389.000000 267.000000 ,17 3 ,43 1 ,51 4 ,87 3 ,8 5
41905 1404.000000 222.000000 ,5 4 ,53 5 ,99 2 ,73 5 ,48 1
42404 1383.000000 250.500000 ,30 2 ,15 3 ,70 3 ,29 4 ,72 1
44408 1429.500000 255.000000 ,82 3 ,45 4 ,59 2 ,11 5 ,36 3
49518 1404.000000 259.500000 ,98 3
54592 1390.500000 208.500000 ,43 2 ,41 4
60684 1371.000000 234.000000 ,71 3
60820 1414.500000 228.000000 ,76 1
66128 1368.000000 217.500000 ,21 1 ,45 1 ,28 4
70592 1416.000000 262.500000 ,89 5 ,30 1 ,80 2 ,47 4
70637 1422.000000 226.500000 ,75 3 ,42 5 ,30 5
78032 1390.500000 238.500000 ,17 2 ,67 3 ,94 2 ,20 1 ,91 5
82670 1362.000000 240.000000 ,30 5 ,34 2 ,19 1 ,15 3 ,22 1 ,84 2
83929 1366.500000 238.500000 ,20 1 ,87 4 ,29 3 ,28 1 ,11 2 ,69 1
85107 1389.000000 244.500000 ,46 5 ,32 4 ,10 5 ,43 1 ,6 4
87162 1369.500000 249.000000 ,12 2 ,90 2 ,26 4 ,89 4
96935 1377.000000 214.500000 ,20 5 ,54 1 ,55 5
