776 2460.000000 586.500000 ,13 2
2718 2472.000000 594.000000 ,35 5 ,87 4 ,27 1 ,81 3
17351 2514.000000 613.500000 ,34 3
24965 2514.000000 616.500000 ,96 3 ,5 1 ,45 4 ,77 5
44015 2496.000000 601.500000 ,16 5 ,7 1 ,56 2 ,18 5 ,54 2
45968 2442.000000 613.500000 ,42 5 ,90 5 ,5 5 ,71 4
46143 2476.500000 633.000000 ,39 3
49235 2449.500000 598.500000 ,28 4
50636 2515.500000 624.000000 ,67 1 ,80 4 ,77 5 ,17 2 ,3 3 ,9 2
69382 2506.500000 645.000000 ,37 5 ,44 4
70932 2461.500000 634.500000 ,87 1 ,15 3 ,85 5 ,12 3 ,9 5
71753 2458.500000 618.000000 ,88 3
71933 2529.000000 630.000000 ,63 1 ,40 4 ,70 4 ,90 3 ,58 1
72151 2517.000000 588.000000 ,30 5 ,23 2 ,75 1
75965 2449.500000 637.500000 ,10 1
76928 2517.000000 625.500000 ,62 1 ,10 2
77744 2445.000000 613.500000 ,69 2
78556 2481.000000 634.500000 ,33 1 ,84 1 ,5 4 ,76 4 ,15 2
80100 2440.500000 618.000000 ,90 1 ,61 3
85114 2541.000000 627.000000 ,91 4 ,60 3 ,44 4
87039 2458.500000 640.500000 ,12 1 ,80 2
87140 2514.000000 627.000000 ,94 2 ,53 2
87728 2460.000000 603.000000 ,1 3 ,57 5 ,7 5
87759 2488.500000 607.500000 ,16 1 ,46 3
87824 2455.500000 636.000000 ,27 4 ,15 2 ,16 1 ,31 4
89789 2532.000000 648.000000 ,50 2
91363 2496.000000 628.500000 ,23 1
91964 2538.000000 639.000000 ,47 5 ,88 3
92606 2533.500000 598.500000 ,91 1 ,34 1 ,66 1
92927 2545.500000 595.500000 ,33 4 ,93 1
