1651 316.500000 2890.500000 ,46 2 ,74 2 ,83 4 ,86 1 ,59 5
2353 294.000000 2932.500000 ,91 3 ,23 4
11236 286.500000 2872.500000 ,67 1 ,18 5 ,98 2
14303 324.000000 2868.000000 ,4 1 ,66 5 ,79 1
24742 334.500000 2893.500000 ,90 4 ,47 4
26635 291.000000 2902.500000 ,14 1
27095 316.500000 2878.500000 ,15 2 ,57 1 ,41 3
31245 327.000000 2928.000000 ,25 1 ,46 5 ,68 2 ,76 3 ,19 2
39504 298.500000 2905.500000 ,13 2 ,8 2 ,86 1
40823 294.000000 2908.500000 ,64 2 ,38 1
42820 327.000000 2875.500000 ,69 5 ,35 2 ,13 5 ,2 4 ,79 5
44046 312.000000 2887.500000 ,65 4 ,36 3 ,82 2 ,13 3 ,17 2 ,10 1
46550 312.000000 2902.500000 ,37 2 ,91 2 ,56 5 ,61 5 ,81 2
49182 310.500000 2875.500000 ,78 3 ,81 5 ,37 4 ,80 2 ,88 4
52168 331.500000 2901.000000 ,94 5 ,13 4 ,82 1
53647 303.000000 2911.500000 ,69 2 ,79 5
57884 304.500000 2902.500000 ,34 2 ,50 3 ,70 3 ,27 5
60934 315.000000 2896.500000 ,5 4 ,20 1 ,71 1 ,21 4
65951 297.000000 2896.500000 ,94 1 ,73 5 ,29 4
67185 298.500000 2925.000000 ,40 3 ,11 5
68152 291.000000 2887.500000 ,22 5
75899 327.000000 2895.000000 ,67 2 ,13 2 ,18 2 ,39 3 ,53 1
83876 312.000000 2887.500000 ,15 3 ,45 4 ,23 3 ,71 5 ,69 4 ,9 1
89653 294.000000 2925.000000 ,54 5 ,43 2
94429 283.500000 2931.000000 ,98 5 ,66 1 ,90 4
95135 295.500000 2926.500000 ,70 5
