1383 3120.000000 864.000000 ,85 4 ,12 3 ,60 3 ,82 5 ,24 2 ,59 3
2402 3088.500000 822.000000 ,72 1
4356 3081.000000 880.500000 ,91 4 ,17 3 ,11 2 ,80 2
6659 3088.500000 835.500000 ,96 1 ,9 1 ,41 1 ,20 2 ,82 5
12239 3111.000000 844.500000 ,62 3
14294 3075.000000 834.000000 ,22 2 ,36 2 ,73 2 ,92 4 ,52 2 ,11 3
15149 3129.000000 823.500000 ,15 5 ,11 5 ,87 3
15278 3117.000000 817.500000 ,95 3
16354 3103.500000 871.500000 ,62 4 ,52 3 ,9 3 ,42 1
20018 3103.500000 856.500000 ,46 3 ,61 4 ,74 5 ,11 5 ,76 1
22333 3106.500000 823.500000 ,83 4 ,23 5 ,88 5
30354 3076.500000 868.500000 ,24 4 ,47 5
31247 3081.000000 825.000000 ,53 1 ,50 4 ,99 4
36620 3130.500000 853.500000 ,73 3 ,50 4 ,17 5 ,22 1 ,84 4 ,23 1
36697 3124.500000 846.000000 ,99 5 ,96 1 ,14 3 ,67 1
41278 3097.500000 849.000000 ,89 3 ,42 4 ,37 5
43944 3096.000000 877.500000 ,94 2 ,63 5 ,15 1 ,64 3
46420 3124.500000 874.500000 ,62 4 ,5 3 ,46 5 ,78 2 ,36 1 ,27 3
58166 3114.000000 883.500000 ,68 3 ,29 5 ,63 2 ,95 2
62534 3103.500000 810.000000 ,85 3 ,93 4 ,14 5
65707 3100.500000 877.500000 ,85 2 ,17 1 ,23 4
66745 3076.500000 847.500000 ,53 3
72209 3111.000000 828.000000 ,78 5 ,8 3
77376 3129.000000 826.500000 ,59 4 ,97 1 ,80 1 ,94 4
77903 3079.500000 852.000000 ,48 4 ,63 1 ,78 5
78709 3093.000000 882.000000 ,95 3 ,38 3 ,71 3
82511 3124.500000 864.000000 ,75 3 ,97 3 ,1 4 ,39 4
82596 3075.000000 828.000000 ,92 2 ,48 4 ,11 1 ,0 1
82884 3118.500000 832.500000 ,61 2 ,48 1 ,12 4 ,90 2 ,98 2 ,35 3
85278 3114.000000 867.000000 ,53 3 ,99 4 ,59 4 ,41 2 ,81 4
90540 3091.500000 819.000000 ,57 2 ,50 4 ,18 4 ,25 4 ,78 2 ,8 2
91721 3133.500000 838.500000 ,3 2 ,52 3 ,19 2
94911 3088.500000 852.000000 ,38 1 ,96 4 ,11 3 ,84 5 ,91 4
96871 3085.500000 843.000000 ,61 1 ,80 4
