918 3849.000000 445.500000 ,30 1 ,55 2 ,28 3 ,90 3 ,32 5 ,9 4
7747 3862.500000 489.000000 ,42 2 ,30 3 ,35 1 ,31 5
8663 3861.000000 498.000000 ,79 1
11079 3858.000000 478.500000 ,87 4 ,34 1 ,94 1 ,47 1 ,25 3 ,90 5
13891 3894.000000 450.000000 ,35 5 ,15 5 ,44 5
20493 3898.500000 453.000000 ,22 4 ,68 1 ,70 4 ,49 3
25373 3886.500000 474.000000 ,74 2 ,38 5 ,40 5 ,89 5
28844 3888.000000 483.000000 ,83 5
35354 3873.000000 484.500000 ,2 2 ,79 1
35682 3894.000000 498.000000 ,48 2 ,24 2 ,84 1 ,89 1 ,64 1 ,30 4
36003 3885.000000 502.500000 ,6 3 ,53 2 ,20 1 ,64 1 ,42 5 ,79 5
46710 3847.500000 474.000000 ,15 4 ,30 5 ,87 1 ,1 5 ,97 5
46971 3913.500000 448.500000 ,56 5 ,73 1 ,77 4 ,38 1 ,1 5
53427 3910.500000 460.500000 ,98 1
58689 3880.500000 468.000000 ,42 4 ,10 2 ,61 1
59156 3892.500000 453.000000 ,30 1 ,92 1 ,85 1 ,33 3 ,91 4
61995 3892.500000 495.000000 ,76 4 ,98 2
63797 3894.000000 450.000000 ,9 1 ,39 2 ,61 2 ,87 3
68288 3850.500000 456.000000 ,72 5 ,53 4 ,65 1 ,69 5 ,51 4 ,52 1
69981 3888.000000 498.000000 ,84 4 ,21 1 ,93 1 ,62 4 ,1 3 ,70 2
73215 3877.500000 483.000000 ,70 5 ,84 1 ,36 3
76908 3910.500000 493.500000 ,18 2 ,85 4 ,91 4 ,26 4 ,88 5 ,23 4
77573 3864.000000 499.500000 ,23 2 ,65 3 ,46 4 ,96 1
78712 3913.500000 456.000000 ,86 4 ,32 2 ,83 4
79906 3897.000000 465.000000 ,68 2 ,56 2 ,70 3 ,77 3 ,28 1
80329 3891.000000 481.500000 ,61 3 ,87 3 ,20 4
81155 3895.500000 478.500000 ,99 2 ,24 1 ,0 4 ,7 2
81812 3913.500000 465.000000 ,57 4 ,72 1 ,83 4 ,40 2
82292 3880.500000 466.500000 ,89 4 ,46 4 ,21 3 ,41 4 ,37 1 ,23 2
86757 3912.000000 451.500000 ,7 3 ,51 2
87447 3882.000000 441.000000 ,22 2
91755 3913.500000 460.500000 ,73 2
92704 3897.000000 457.500000 ,89 1 ,62 4 ,3 5 ,77 2 ,71 2
93711 3874.500000 457.500000 ,58 1
96880 3849.000000 489.000000 ,20 5 ,97 4 ,39 2 ,66 1 ,69 4
