570 1249.500000 1351.500000 ,46 2 ,86 3 ,68 5 ,54 2 ,25 4
1415 1255.500000 1332.000000 ,6 4 ,52 3
7696 1267.500000 1342.500000 ,87 3 ,16 1 ,13 1 ,99 1
8258 1255.500000 1372.500000 ,74 1 ,57 4 ,70 3
13229 1242.000000 1341.000000 ,3 1
18918 1266.000000 1383.000000 ,72 1 ,33 4 ,97 2
33442 1278.000000 1383.000000 ,42 2 ,39 4 ,59 3
37807 1243.500000 1366.500000 ,27 1 ,79 3
41515 1264.500000 1386.000000 ,32 4 ,5 2 ,22 3
52812 1239.000000 1356.000000 ,10 2
54931 1269.000000 1362.000000 ,80 3 ,64 4 ,11 5 ,52 2
55600 1266.000000 1387.500000 ,12 1 ,57 1 ,22 5 ,56 1
64240 1278.000000 1333.500000 ,27 4 ,56 4 ,70 3
66852 1278.000000 1335.000000 ,43 1 ,88 4 ,22 3 ,15 1
89757 1255.500000 1347.000000 ,88 5 ,0 4 ,85 3 ,1 4
95596 1260.000000 1374.000000 ,21 4 ,96 4 ,95 1 ,37 4
98128 1249.500000 1362.000000 ,51 2 ,0 3
