1569 1570.500000 2856.000000 ,23 4 ,64 4 ,58 2
6378 1554.000000 2877.000000 ,28 4 ,52 5 ,40 1
8019 1540.500000 2848.500000 ,71 5 ,53 5 ,69 2 ,48 1 ,41 5
9350 1581.000000 2865.000000 ,24 1 ,6 2 ,88 5
16275 1557.000000 2856.000000 ,19 1 ,58 3 ,55 3 ,20 3 ,66 5 ,39 1
20202 1536.000000 2865.000000 ,63 4 ,11 2 ,87 3
26853 1593.000000 2860.500000 ,26 5 ,64 1
30539 1528.500000 2880.000000 ,51 1 ,49 5 ,42 2 ,62 3 ,18 1 ,38 4
33676 1587.000000 2877.000000 ,98 5 ,31 3
42487 1560.000000 2866.500000 ,9 1 ,76 2 ,1 4
57416 1593.000000 2853.000000 ,49 2 ,50 5 ,99 4
64028 1552.500000 2877.000000 ,90 1 ,31 4 ,41 3 ,83 1
64052 1560.000000 2857.500000 ,62 5 ,67 5
65909 1558.500000 2874.000000 ,32 4 ,46 1 ,43 2 ,94 5 ,99 3 ,84 3
67850 1558.500000 2859.000000 ,83 4 ,91 4 ,8 4 ,92 3 ,84 5
71555 1582.500000 2868.000000 ,22 5 ,48 3 ,67 2 ,83 3
71979 1534.500000 2844.000000 ,17 5 ,49 5 ,78 2 ,48 2
74167 1587.000000 2875.500000 ,70 5
74331 1552.500000 2868.000000 ,58 2 ,1 5 ,19 5
79380 1576.500000 2842.500000 ,74 5 ,18 4
80353 1593.000000 2874.000000 ,8 5 ,83 4 ,61 4
84393 1593.000000 2854.500000 ,51 4 ,86 2
89041 1587.000000 2844.000000 ,54 2 ,27 1 ,97 1 ,73 4
93695 1540.500000 2844.000000 ,20 3 ,59 3 ,77 1
