1261 3562.500000 2719.500000 ,84 1
3018 3552.000000 2727.000000 ,69 1 ,38 5 ,43 4 ,48 4 ,49 2
5948 3570.000000 2668.500000 ,97 1
8860 3556.500000 2682.000000 ,4 5 ,16 1 ,8 3 ,15 3 ,28 2 ,44 1
9049 3573.000000 2707.500000 ,7 5 ,30 5 ,74 4
15027 3531.000000 2694.000000 ,73 5
24421 3532.500000 2674.500000 ,81 3 ,7 3 ,69 2 ,90 3
25066 3550.500000 2706.000000 ,5 3
26842 3561.000000 2680.500000 ,59 5 ,69 3 ,84 5 ,0 4 ,49 5
27500 3541.500000 2706.000000 ,70 2
33214 3547.500000 2692.500000 ,84 3 ,37 2 ,22 4
35444 3534.000000 2719.500000 ,73 5
39355 3556.500000 2722.500000 ,82 1 ,69 5 ,51 2 ,9 3 ,4 3
44488 3570.000000 2697.000000 ,20 4
46603 3534.000000 2673.000000 ,14 4 ,63 3 ,48 2
48859 3573.000000 2673.000000 ,15 2
49404 3537.000000 2667.000000 ,25 1 ,63 2
53570 3526.500000 2706.000000 ,33 1 ,89 3 ,1 2
56616 3562.500000 2691.000000 ,25 5 ,53 5 ,75 1 ,18 5 ,84 2
57335 3555.000000 2697.000000 ,74 4
62041 3529.500000 2721.000000 ,79 1 ,90 1 ,84 2 ,0 5 ,71 1
62305 3568.500000 2664.000000 ,38 5
64891 3532.500000 2695.500000 ,42 3 ,53 2 ,38 4 ,29 3
65937 3564.000000 2662.500000 ,44 3 ,24 5 ,80 4
68226 3565.500000 2679.000000 ,62 5 ,89 3 ,73 5
71953 3540.000000 2730.000000 ,32 1 ,48 2 ,16 4 ,99 5 ,84 5
72971 3538.500000 2733.000000 ,74 3 ,72 2 ,36 2
75579 3553.500000 2680.500000 ,16 2 ,25 1 ,49 3 ,13 4 ,77 3
75746 3579.000000 2691.000000 ,4 5 ,59 3 ,13 3 ,40 3 ,98 4
77634 3526.500000 2725.500000 ,45 2 ,92 5 ,31 1 ,94 1
78195 3541.500000 2694.000000 ,24 4 ,98 4 ,30 1 ,26 2 ,58 4
79394 3576.000000 2709.000000 ,47 3 ,87 2 ,83 5 ,23 3
91952 3579.000000 2673.000000 ,81 3
91961 3535.500000 2674.500000 ,21 3 ,12 3 ,52 4 ,37 2
95923 3577.500000 2731.500000 ,47 2 ,55 3 ,4 5 ,1 5 ,69 4
98577 3567.000000 2670.000000 ,98 2 ,19 5 ,90 5 ,26 2
