687 4143.000000 2404.500000 ,60 3 ,8 1 ,64 5
718 4159.500000 2403.000000 ,58 1 ,18 4 ,72 1 ,61 2 ,54 4
1266 4156.500000 2421.000000 ,80 5 ,1 3 ,17 4 ,44 4 ,26 3
1381 4182.000000 2430.000000 ,35 2 ,88 3 ,9 3 ,84 5 ,87 3
2499 4126.500000 2410.500000 ,57 4 ,23 1 ,58 5 ,28 4
4320 4183.500000 2422.500000 ,66 5
17598 4131.000000 2418.000000 ,31 4 ,91 3 ,4 1 ,74 1
19286 4147.500000 2421.000000 ,68 2 ,49 4
26721 4120.500000 2428.500000 ,78 1 ,66 5 ,51 4
30159 4165.500000 2407.500000 ,3 3 ,59 2 ,16 5
42043 4159.500000 2425.500000 ,30 4 ,11 5 ,74 5 ,40 1
48942 4165.500000 2400.000000 ,96 5 ,13 4 ,19 5
48986 4147.500000 2397.000000 ,14 5
53802 4170.000000 2424.000000 ,67 3 ,19 1 ,11 4 ,90 3
56320 4131.000000 2394.000000 ,72 2 ,37 1 ,28 1 ,99 4
57314 4117.500000 2421.000000 ,56 1 ,9 2
58793 4125.000000 2421.000000 ,13 4 ,66 2 ,67 5 ,14 4 ,52 3 ,59 5
63700 4179.000000 2418.000000 ,87 1 ,54 4 ,8 3 ,64 2
72600 4144.500000 2403.000000 ,63 2 ,60 3 ,14 3
79537 4146.000000 2388.000000 ,73 1 ,81 3 ,93 1 ,9 3
83251 4170.000000 2412.000000 ,93 5 ,51 5 ,47 2 ,7 3
89212 4129.500000 2412.000000 ,44 4 ,29 5
90779 4150.500000 2388.000000 ,95 4 ,10 4 ,17 1 ,73 4 ,12 5 ,69 1
95351 4191.000000 2401.500000 ,79 5
99215 4191.000000 2395.500000 ,3 4 ,34 1 ,91 3 ,90 5 ,62 2
99741 4144.500000 2395.500000 ,48 2 ,73 4 ,10 4 ,47 5 ,96 2 ,12 1
