7138 46.500000 2647.500000 ,45 1
10452 36.000000 2665.500000 ,71 4 ,60 4 ,52 1 ,48 5 ,56 1 ,16 5
21912 19.500000 2671.500000 ,83 1 ,15 1 ,41 3
28823 49.500000 2635.500000 ,23 3 ,66 1 ,77 1 ,84 2
30117 24.000000 2658.000000 ,51 3
30853 60.000000 2674.500000 ,53 3 ,13 2 ,21 2 ,97 4
36747 54.000000 2638.500000 ,9 2 ,49 3 ,53 2 ,27 3
40339 49.500000 2643.000000 ,13 4 ,90 1 ,78 1 ,21 4 ,26 5
43515 51.000000 2644.500000 ,66 3 ,20 1 ,94 1
46728 31.500000 2638.500000 ,49 2 ,87 4 ,13 3 ,42 1 ,76 3
52068 37.500000 2652.000000 ,74 4 ,70 5 ,62 5 ,77 4 ,12 5
53136 36.000000 2629.500000 ,8 3 ,40 5 ,16 3 ,37 3 ,7 4
54239 61.500000 2646.000000 ,82 1 ,53 4 ,28 2 ,41 2 ,35 5 ,11 3
54914 12.000000 2647.500000 ,51 5
58405 60.000000 2671.500000 ,0 5 ,63 2
68532 36.000000 2634.000000 ,75 5 ,71 4 ,65 5 ,49 4
71578 37.500000 2662.500000 ,42 4 ,12 4 ,37 5
84124 57.000000 2644.500000 ,91 2 ,66 1 ,57 4
94774 30.000000 2653.500000 ,23 2 ,39 4 ,32 2 ,36 5
98232 6.000000 2664.000000 ,48 5 ,80 3 ,54 4
