9517 3790.500000 1545.000000 ,25 3 ,14 5
15543 3825.000000 1555.500000 ,97 4 ,25 1 ,73 3 ,19 4 ,54 5
16693 3775.500000 1534.500000 ,73 2 ,50 2 ,31 4 ,76 5 ,45 1 ,93 3
17866 3780.000000 1530.000000 ,2 2 ,35 2 ,7 2 ,97 5 ,20 2 ,16 5
21631 3828.000000 1530.000000 ,49 1
22590 3763.500000 1564.500000 ,38 3 ,87 1 ,80 1 ,30 5 ,98 4
23048 3762.000000 1552.500000 ,28 4 ,66 4 ,45 5
31904 3768.000000 1546.500000 ,71 2 ,64 3 ,3 3
32347 3814.500000 1555.500000 ,13 4 ,34 3 ,35 2 ,6 2 ,81 5
36341 3756.000000 1561.500000 ,53 2 ,20 2 ,50 2 ,47 3 ,37 3
36449 3787.500000 1566.000000 ,75 1 ,15 2
40371 3826.500000 1551.000000 ,27 4 ,72 2 ,77 2 ,46 2 ,94 4
41760 3754.500000 1545.000000 ,99 3 ,20 1
42222 3766.500000 1548.000000 ,26 4
45629 3817.500000 1570.500000 ,80 5 ,81 5 ,24 3 ,85 3 ,29 5 ,64 1
49625 3823.500000 1536.000000 ,60 5 ,93 4
50257 3805.500000 1524.000000 ,58 3 ,37 1 ,19 4
51651 3799.500000 1563.000000 ,71 3 ,84 4
54657 3775.500000 1546.500000 ,99 1 ,91 1 ,71 1 ,20 1 ,44 3
57555 3817.500000 1524.000000 ,18 4 ,86 5
58386 3801.000000 1533.000000 ,96 2 ,44 3 ,46 1
60001 3832.500000 1531.500000 ,2 5 ,67 5 ,18 4
71351 3760.500000 1567.500000 ,13 1
72421 3783.000000 1558.500000 ,19 5 ,2 3 ,30 2 ,65 2
74257 3834.000000 1521.000000 ,28 2 ,0 1 ,39 1
76036 3765.000000 1519.500000 ,80 3 ,44 2 ,5 2 ,76 5 ,65 5
78497 3774.000000 1524.000000 ,37 5
79563 3828.000000 1545.000000 ,84 5
80065 3790.500000 1557.000000 ,35 5 ,53 3 ,73 4 ,27 2 ,10 1
83557 3759.000000 1551.000000 ,80 3 ,45 1 ,26 3
87225 3766.500000 1569.000000 ,47 5 ,92 3 ,89 1 ,7 4 ,60 2
88754 3789.000000 1524.000000 ,98 4
89440 3832.500000 1551.000000 ,74 4 ,71 2 ,35 4 ,28 4
90640 3756.000000 1552.500000 ,7 3 ,34 2 ,90 4
91984 3834.000000 1542.000000 ,29 3
96481 3814.500000 1570.500000 ,73 1 ,31 1 ,64 1 ,28 2
98367 3778.500000 1531.500000 ,99 5 ,29 2 ,87 2
99594 3766.500000 1563.000000 ,69 5
