12100 2421.000000 2811.000000 ,64 5 ,42 5
16147 2439.000000 2812.500000 ,19 3 ,73 1 ,92 5 ,12 3
16656 2424.000000 2785.500000 ,9 1 ,68 4 ,84 1 ,1 5 ,92 2
22016 2454.000000 2811.000000 ,69 1
23175 2454.000000 2823.000000 ,13 2 ,34 5 ,26 2 ,45 2
31953 2458.500000 2836.500000 ,90 2 ,41 4
33726 2464.500000 2781.000000 ,55 3 ,58 4 ,89 4 ,94 4 ,41 5
37133 2455.500000 2809.500000 ,86 2
40348 2436.000000 2791.500000 ,79 1 ,23 4 ,86 3 ,66 2 ,52 3 ,95 1
46075 2458.500000 2826.000000 ,84 5 ,37 3 ,57 1
55461 2424.000000 2817.000000 ,28 4 ,14 1
56412 2460.000000 2781.000000 ,39 4
66242 2461.500000 2815.500000 ,89 5
66912 2431.500000 2779.500000 ,79 2 ,93 1 ,7 2 ,80 3
72901 2464.500000 2835.000000 ,3 5 ,23 1
76773 2437.500000 2814.000000 ,44 2 ,85 5
77924 2430.000000 2823.000000 ,14 3 ,62 1 ,43 3 ,84 1
79673 2422.500000 2835.000000 ,38 1 ,61 1 ,10 3 ,41 3 ,65 2
81173 2439.000000 2775.000000 ,39 2 ,96 3 ,86 1
86223 2425.500000 2818.500000 ,86 5 ,58 5
87222 2461.500000 2787.000000 ,4 3 ,35 1
88328 2433.000000 2818.500000 ,17 5 ,90 4 ,57 2
89278 2464.500000 2808.000000 ,11 2 ,99 3 ,75 5 ,67 4 ,16 2
91656 2421.000000 2781.000000 ,57 5 ,51 4 ,1 2 ,22 3 ,85 1
92317 2436.000000 2814.000000 ,84 5 ,0 1 ,70 4 ,41 5 ,28 5
