250 1054.500000 586.500000 ,77 3 ,48 1
505 1081.500000 606.000000 ,66 1 ,1 4 ,65 3 ,92 3 ,52 5
4217 1068.000000 616.500000 ,18 2 ,77 1 ,42 5 ,82 4 ,2 1 ,64 3
4388 1051.500000 612.000000 ,31 2 ,53 2 ,35 4 ,75 2
9721 1042.500000 591.000000 ,34 1 ,96 2 ,89 4 ,6 2 ,15 1 ,42 4
16118 1056.000000 582.000000 ,51 5
22283 1081.500000 612.000000 ,44 4
24931 1074.000000 609.000000 ,79 1 ,5 5 ,44 5 ,93 1 ,72 3 ,50 4
28713 1044.000000 597.000000 ,96 5
34811 1075.500000 591.000000 ,92 3 ,3 4 ,49 1
36068 1060.500000 592.500000 ,23 3 ,84 2
37612 1078.500000 598.500000 ,51 3 ,41 3 ,6 5 ,27 2 ,34 3 ,18 2
39748 1060.500000 583.500000 ,53 3 ,11 5 ,9 1 ,14 1 ,21 1 ,82 5
39915 1065.000000 601.500000 ,68 3 ,98 3 ,25 3 ,29 4 ,72 3
41935 1050.000000 571.500000 ,52 5 ,49 4 ,92 4 ,62 2
48368 1077.000000 585.000000 ,62 4 ,76 2 ,21 1 ,41 1 ,49 4 ,86 3
54646 1078.500000 577.500000 ,46 1 ,39 5 ,32 2
57894 1051.500000 576.000000 ,14 5 ,54 2 ,38 5 ,25 4 ,67 3 ,4 5
58144 1059.000000 577.500000 ,63 5 ,35 1 ,12 3
59951 1084.500000 613.500000 ,67 5 ,97 2 ,26 4 ,4 1 ,23 4 ,66 4
66694 1084.500000 585.000000 ,35 4 ,13 4 ,78 2 ,49 3
70548 1075.500000 589.500000 ,68 5 ,97 1
75254 1039.500000 583.500000 ,73 4 ,63 5 ,7 1
78177 1063.500000 589.500000 ,54 2 ,84 1 ,71 3 ,38 3 ,40 5
81883 1048.500000 586.500000 ,33 5 ,32 5
92522 1030.500000 597.000000 ,27 1 ,18 3 ,71 4 ,44 4
96372 1060.500000 582.000000 ,97 4 ,27 1 ,60 1
98877 1036.500000 603.000000 ,99 3 ,84 5 ,36 2 ,11 3 ,57 4 ,83 3
