2529 685.500000 1914.000000 ,26 4 ,69 5 ,59 3 ,12 5 ,62 1
3461 711.000000 1914.000000 ,23 4
3470 706.500000 1854.000000 ,19 3 ,53 2 ,28 1 ,66 3
4110 706.500000 1912.500000 ,16 3 ,3 5 ,18 2 ,63 5 ,99 3 ,91 3
11434 702.000000 1882.500000 ,6 3
15846 730.500000 1839.000000 ,91 3 ,34 5
15993 685.500000 1926.000000 ,87 3 ,17 4 ,27 5 ,92 1
16538 700.500000 1917.000000 ,61 2
18441 688.500000 1878.000000 ,18 3 ,22 5 ,16 1 ,12 1 ,89 3
21637 690.000000 1842.000000 ,67 4 ,31 3 ,38 3 ,62 4 ,47 5
23735 699.000000 1824.000000 ,27 2
24361 708.000000 1929.000000 ,24 1 ,52 4 ,84 2 ,90 2 ,85 4
30160 724.500000 1825.500000 ,92 2 ,37 4 ,43 3 ,78 3 ,29 5
35577 688.500000 1893.000000 ,57 2 ,55 5
35645 703.500000 1935.000000 ,94 5 ,45 4 ,56 5 ,29 2 ,86 5 ,12 1
38765 706.500000 1846.500000 ,14 2 ,26 1 ,60 4 ,20 2 ,77 5 ,44 2
47703 712.500000 1840.500000 ,78 5 ,64 5 ,91 2 ,36 1
48435 700.500000 1918.500000 ,11 2 ,78 5 ,61 4 ,13 5 ,49 3 ,46 1
51189 699.000000 1911.000000 ,68 3 ,31 3
51361 711.000000 1885.500000 ,98 5 ,32 5 ,54 4
51581 726.000000 1890.000000 ,86 3 ,85 5 ,3 3 ,30 5
59911 723.000000 1930.500000 ,87 2 ,15 4
62746 724.500000 1828.500000 ,64 5 ,53 3 ,63 5 ,44 5 ,1 4 ,4 5
62819 721.500000 1915.500000 ,64 3 ,98 1 ,48 2 ,51 3 ,72 1
72323 694.500000 1828.500000 ,67 4 ,88 2 ,42 2 ,69 1 ,29 5 ,25 5
73034 684.000000 1882.500000 ,80 1 ,19 4 ,98 1 ,21 5 ,28 4
77143 696.000000 1873.500000 ,93 1 ,11 1 ,37 2 ,46 5 ,85 5 ,73 5
78696 682.500000 1912.500000 ,18 5
81658 709.500000 1890.000000 ,69 4 ,71 4 ,38 1 ,98 1
85638 724.500000 1897.500000 ,38 3 ,60 2 ,5 4 ,18 3 ,27 3
94784 679.500000 1884.000000 ,41 4 ,95 3 ,51 1 ,39 2 ,46 4
96637 706.500000 1879.500000 ,95 2 ,77 5 ,16 1
