2322 3060.000000 448.500000 ,81 3
4943 3088.500000 442.500000 ,4 2 ,16 1 ,55 4 ,63 5 ,7 3
18609 3052.500000 420.000000 ,84 4 ,91 5 ,34 1
24246 3082.500000 400.500000 ,28 3 ,83 5 ,20 3
25118 3060.000000 411.000000 ,51 4 ,39 4
25615 3087.000000 450.000000 ,85 4 ,38 5 ,49 2 ,13 3 ,93 4 ,73 2
30600 3066.000000 426.000000 ,45 4 ,16 2
31192 3084.000000 421.500000 ,84 1 ,15 2 ,93 2
36690 3085.500000 424.500000 ,82 3 ,51 4 ,97 1
41184 3087.000000 429.000000 ,64 4 ,73 4 ,30 5 ,18 4 ,70 4
47223 3066.000000 448.500000 ,26 4 ,82 1
48648 3049.500000 430.500000 ,2 3 ,80 4
49888 3046.500000 435.000000 ,12 2 ,87 5 ,32 2 ,6 5 ,41 5
52339 3061.500000 435.000000 ,93 3 ,89 1
61355 3048.000000 418.500000 ,64 2 ,51 3 ,66 2
64375 3060.000000 436.500000 ,27 2 ,71 1 ,85 3 ,80 4 ,2 3
71300 3076.500000 402.000000 ,53 1 ,49 2 ,48 1 ,82 3 ,22 2
75517 3082.500000 442.500000 ,79 1 ,15 5 ,35 1
81614 3045.000000 405.000000 ,97 4 ,77 1 ,26 3 ,8 4
87456 3057.000000 411.000000 ,66 1
93498 3051.000000 423.000000 ,73 2 ,84 4 ,94 5 ,7 3 ,19 2
94339 3057.000000 429.000000 ,34 4 ,86 2 ,12 5 ,36 2 ,2 5 ,26 1
96064 3082.500000 442.500000 ,35 3 ,34 1
96415 3048.000000 417.000000 ,74 4 ,66 1
97176 3078.000000 430.500000 ,57 3 ,4 1 ,69 1 ,87 1
97276 3055.500000 405.000000 ,15 2 ,50 5 ,48 5 ,98 3 ,74 4
98225 3054.000000 426.000000 ,4 4 ,14 5 ,52 2
