2058 3753.000000 823.500000 ,46 3
4113 3705.000000 808.500000 ,47 3 ,45 2 ,32 2 ,2 1 ,17 4 ,62 4
8872 3736.500000 834.000000 ,12 1 ,49 5
9598 3756.000000 855.000000 ,19 2 ,3 3 ,89 5 ,82 3 ,18 5 ,2 3
10755 3745.500000 838.500000 ,36 1 ,83 2 ,53 1
11574 3703.500000 802.500000 ,96 2 ,69 3 ,46 4 ,77 4 ,17 4
11671 3732.000000 843.000000 ,66 3
21419 3718.500000 814.500000 ,26 5 ,87 1 ,69 1
22571 3733.500000 837.000000 ,7 5 ,38 5 ,9 2 ,48 3
23435 3712.500000 817.500000 ,97 1
29016 3738.000000 835.500000 ,44 1 ,52 4 ,69 4 ,40 3 ,22 3 ,46 4
36315 3754.500000 807.000000 ,12 2 ,54 3
39077 3696.000000 820.500000 ,35 1 ,63 2
41231 3754.500000 838.500000 ,46 1 ,13 3
43310 3696.000000 855.000000 ,90 4 ,17 4 ,84 4 ,79 5 ,66 2
43384 3754.500000 858.000000 ,61 3 ,1 5 ,2 4 ,52 1 ,66 2
49424 3747.000000 847.500000 ,95 1
51374 3754.500000 825.000000 ,96 3 ,18 3 ,63 3 ,41 5 ,37 2
52800 3708.000000 852.000000 ,33 5
53374 3694.500000 844.500000 ,54 5 ,82 3 ,24 5 ,81 2 ,42 4 ,11 1
59969 3742.500000 814.500000 ,55 4 ,37 3 ,15 5 ,34 4
68706 3735.000000 849.000000 ,50 4 ,61 4
68909 3750.000000 855.000000 ,85 4 ,79 1 ,73 4 ,23 3 ,31 1
69203 3735.000000 808.500000 ,37 4 ,1 5
79736 3757.500000 826.500000 ,69 4 ,51 3
80083 3733.500000 816.000000 ,58 2 ,8 5 ,13 2 ,10 3 ,83 5
82875 3700.500000 822.000000 ,72 3 ,19 4 ,68 5 ,35 1
87343 3694.500000 829.500000 ,32 2 ,74 4 ,9 5 ,62 5
88776 3724.500000 844.500000 ,36 2 ,7 3 ,57 5 ,62 4 ,69 3 ,76 2
89753 3723.000000 855.000000 ,74 1 ,53 3 ,46 2 ,55 3
90861 3709.500000 804.000000 ,94 5 ,97 4
91223 3705.000000 835.500000 ,90 4 ,20 1 ,64 3
91823 3711.000000 852.000000 ,30 2 ,39 3 ,80 2 ,23 1 ,31 2 ,37 4
95019 3738.000000 846.000000 ,50 5 ,84 3
97756 3723.000000 856.500000 ,13 5
99027 3748.500000 847.500000 ,2 3 ,14 3 ,99 1 ,39 2
