3001 3108.000000 2725.500000 ,34 2 ,38 5 ,23 1 ,18 4 ,8 1
4506 3121.500000 2689.500000 ,30 2 ,9 1 ,48 5 ,76 2 ,1 2 ,27 2
5278 3096.000000 2695.500000 ,28 4 ,2 4
5591 3123.000000 2724.000000 ,60 1 ,38 5 ,9 1 ,62 3 ,36 5 ,21 1
6598 3150.000000 2716.500000 ,10 3 ,4 4 ,85 1 ,53 4
7034 3159.000000 2703.000000 ,52 1
10479 3093.000000 2724.000000 ,49 5 ,73 4 ,38 3 ,10 4
16334 3157.500000 2713.500000 ,75 5 ,40 4 ,52 1 ,42 5
26183 3121.500000 2710.500000 ,49 1
27404 3136.500000 2691.000000 ,31 3 ,96 4
36224 3153.000000 2695.500000 ,26 5 ,0 2 ,34 3 ,65 2
42743 3091.500000 2719.500000 ,54 4 ,27 5 ,77 1 ,8 2 ,45 3
46166 3097.500000 2725.500000 ,49 2 ,12 2 ,0 3 ,70 3 ,23 4 ,98 3
49274 3120.000000 2698.500000 ,25 1 ,98 1 ,10 1
49852 3144.000000 2700.000000 ,62 1 ,22 2 ,16 3 ,76 5 ,63 1 ,41 3
54277 3120.000000 2701.500000 ,23 4
54586 3114.000000 2715.000000 ,26 3 ,11 4 ,31 3 ,91 2
55886 3096.000000 2715.000000 ,9 1 ,58 1
58120 3154.500000 2683.500000 ,4 5 ,50 3
58476 3138.000000 2685.000000 ,75 5 ,96 2 ,57 1
58711 3085.500000 2679.000000 ,96 1 ,23 2 ,40 3 ,73 1 ,26 2 ,27 5
60718 3138.000000 2712.000000 ,96 1 ,3 2 ,34 4 ,30 3 ,9 1 ,5 2
61449 3150.000000 2692.500000 ,90 5 ,1 2 ,11 5 ,31 2
69159 3162.000000 2722.500000 ,9 3 ,14 5 ,43 4 ,65 2 ,27 3 ,35 1
69959 3085.500000 2679.000000 ,79 2 ,74 4 ,4 5 ,80 5 ,18 3
76329 3088.500000 2710.500000 ,14 4 ,50 4 ,91 2
80391 3112.500000 2686.500000 ,27 3 ,83 4 ,37 2 ,86 5 ,62 5
91954 3118.500000 2718.000000 ,63 4 ,70 4
93837 3093.000000 2706.000000 ,1 5 ,22 2 ,91 2
94767 3160.500000 2688.000000 ,84 4 ,91 4
95452 3156.000000 2701.500000 ,77 2 ,7 5 ,90 4 ,53 3
