14492 1905.000000 2170.500000 ,57 3
17441 1906.500000 2131.500000 ,56 5
30864 1854.000000 2170.500000 ,27 5 ,78 5
31652 1873.500000 2134.500000 ,95 5 ,97 5 ,92 4 ,90 4 ,79 1
32693 1902.000000 2154.000000 ,71 1 ,8 1 ,63 2 ,74 2 ,15 4 ,47 2
32709 1857.000000 2173.500000 ,83 5 ,21 1 ,6 3 ,99 2 ,76 3 ,68 5
34113 1902.000000 2176.500000 ,54 4 ,96 2 ,21 3
34698 1914.000000 2127.000000 ,15 2 ,64 5 ,93 3
39181 1894.500000 2139.000000 ,27 5 ,76 1
45522 1902.000000 2173.500000 ,7 4 ,87 5 ,96 1 ,62 1 ,33 5 ,26 5
47411 1891.500000 2155.500000 ,35 3 ,40 5
54899 1854.000000 2170.500000 ,10 1 ,43 1 ,15 3 ,14 5 ,34 3
56555 1909.500000 2131.500000 ,1 4 ,19 1 ,8 4 ,31 2 ,80 1
61616 1860.000000 2173.500000 ,99 1 ,44 2 ,15 4 ,50 3
63143 1864.500000 2121.000000 ,46 5 ,16 4
66252 1867.500000 2149.500000 ,71 4 ,53 4 ,48 5 ,11 3
68870 1855.500000 2173.500000 ,13 4 ,18 1
71282 1900.500000 2133.000000 ,43 2 ,83 5 ,87 1 ,74 5
75411 1884.000000 2131.500000 ,47 3 ,28 1 ,81 3
84202 1854.000000 2160.000000 ,63 2 ,90 3 ,28 1
84278 1900.500000 2121.000000 ,43 4 ,86 4 ,12 3
85603 1866.000000 2161.500000 ,48 5 ,10 4 ,35 1 ,1 5 ,30 2 ,41 3
88340 1852.500000 2172.000000 ,65 2 ,84 4 ,70 5 ,28 1 ,42 1 ,10 5
89042 1878.000000 2179.500000 ,77 2
91392 1900.500000 2143.500000 ,21 2 ,41 4 ,6 3 ,93 5
96284 1860.000000 2157.000000 ,32 2 ,48 5 ,13 1 ,6 3 ,93 2 ,87 2
98590 1861.500000 2127.000000 ,61 5 ,92 5 ,80 4 ,19 4 ,53 3 ,26 5
