5104 517.500000 1731.000000 ,34 2
9010 519.000000 1728.000000 ,39 5 ,0 2 ,50 4 ,84 4 ,97 2
9631 526.500000 1672.500000 ,88 2 ,14 3
12282 517.500000 1746.000000 ,68 3
16422 484.500000 1720.500000 ,58 5 ,95 5 ,63 3 ,93 4
22432 469.500000 1693.500000 ,42 4 ,81 3 ,45 1
23265 511.500000 1732.500000 ,65 2
23610 477.000000 1698.000000 ,10 1 ,40 1 ,63 4
24183 502.500000 1729.500000 ,83 5 ,68 4 ,37 3 ,45 1
25287 513.000000 1696.500000 ,22 2
29401 517.500000 1744.500000 ,48 2 ,80 4
32027 510.000000 1690.500000 ,20 2 ,80 4 ,82 3
33792 499.500000 1660.500000 ,60 3 ,62 3
33800 475.500000 1741.500000 ,16 4 ,39 3 ,34 5 ,63 2
34027 472.500000 1693.500000 ,62 3 ,41 2 ,81 4 ,43 5
34762 523.500000 1668.000000 ,40 1 ,76 5 ,66 1 ,74 4
36995 528.000000 1660.500000 ,2 1 ,72 4 ,32 3 ,42 1
39969 480.000000 1716.000000 ,56 1 ,59 5 ,57 5 ,46 4 ,52 3
41073 520.500000 1719.000000 ,72 3 ,92 3 ,41 4
41078 525.000000 1672.500000 ,29 1 ,98 5 ,39 5 ,48 4 ,90 3 ,27 4
42090 528.000000 1732.500000 ,49 1 ,10 4
45322 504.000000 1737.000000 ,8 2
48914 468.000000 1699.500000 ,81 5 ,58 1 ,75 1 ,92 1 ,82 4
51739 478.500000 1699.500000 ,68 1 ,51 3 ,19 5 ,70 1
52795 477.000000 1716.000000 ,65 2 ,70 3 ,54 3 ,76 5 ,35 5
73238 513.000000 1741.500000 ,70 3 ,83 5
73258 525.000000 1696.500000 ,11 5 ,66 5 ,26 4 ,27 4 ,43 4
74496 517.500000 1713.000000 ,23 3 ,1 4
81451 508.500000 1722.000000 ,75 4 ,37 5 ,1 1
82501 528.000000 1710.000000 ,68 1 ,94 5
83221 528.000000 1672.500000 ,78 1 ,76 1
90285 469.500000 1741.500000 ,13 1 ,24 5
95320 514.500000 1701.000000 ,72 4 ,58 4 ,65 5 ,76 1 ,89 1 ,51 1
96182 471.000000 1735.500000 ,9 5 ,54 4
97904 499.500000 1705.500000 ,49 5 ,46 3
98599 507.000000 1696.500000 ,6 1 ,54 2 ,23 3
