7282 2809.500000 2446.500000 ,12 5 ,54 4
11255 2796.000000 2410.500000 ,44 5 ,53 5 ,72 2
19558 2818.500000 2395.500000 ,32 2 ,38 2 ,27 4
23009 2803.500000 2425.500000 ,81 5 ,36 1 ,15 5 ,83 5 ,11 4
30149 2821.500000 2425.500000 ,41 3 ,79 2 ,24 1 ,58 5 ,5 5
30477 2838.000000 2466.000000 ,3 4 ,88 1
31820 2817.000000 2427.000000 ,15 4 ,71 2
32735 2832.000000 2451.000000 ,4 5
35470 2817.000000 2439.000000 ,25 3 ,21 1 ,38 2 ,31 4 ,26 3 ,3 1
39095 2866.500000 2412.000000 ,40 3 ,23 3
39608 2821.500000 2461.500000 ,40 5 ,47 2 ,30 2 ,50 3
40583 2811.000000 2469.000000 ,22 2
41096 2863.500000 2437.500000 ,97 4 ,10 2 ,69 1 ,13 4 ,93 5
43188 2829.000000 2392.500000 ,99 1 ,74 3 ,59 4
43690 2851.500000 2464.500000 ,52 3 ,47 4 ,82 4 ,83 4 ,19 5
44144 2856.000000 2413.500000 ,57 1 ,65 5 ,95 5
44458 2860.500000 2392.500000 ,27 3 ,34 2
45229 2856.000000 2434.500000 ,2 2 ,66 5 ,20 2 ,98 2 ,70 5
49157 2808.000000 2472.000000 ,29 2 ,57 5 ,7 2 ,50 5 ,43 2
53247 2848.500000 2428.500000 ,91 3
54089 2830.500000 2461.500000 ,51 3 ,35 5 ,56 2 ,49 1 ,14 3
62326 2838.000000 2400.000000 ,87 5
63976 2809.500000 2461.500000 ,72 5 ,52 3
68272 2797.500000 2479.500000 ,8 1 ,60 1 ,10 4 ,99 3 ,39 2
71539 2865.000000 2442.000000 ,21 2 ,59 1 ,95 4 ,81 5 ,11 3
72981 2812.500000 2472.000000 ,19 2 ,73 3 ,96 5
75260 2838.000000 2398.500000 ,34 1 ,76 3 ,11 3 ,5 5 ,37 4
89370 2799.000000 2449.500000 ,9 5 ,99 4 ,0 2 ,67 2 ,36 2
89722 2803.500000 2461.500000 ,74 4 ,87 1 ,84 5
93440 2824.500000 2440.500000 ,25 3
96642 2865.000000 2460.000000 ,54 2 ,85 4 ,87 4 ,32 3 ,99 1 ,92 2
97663 2848.500000 2481.000000 ,16 5 ,40 2 ,27 5 ,2 5 ,45 1
