2535 177.000000 195.000000 ,94 3
4371 175.500000 189.000000 ,27 2 ,25 4 ,45 1
8466 190.500000 193.500000 ,49 4 ,23 1 ,16 3 ,78 1 ,99 4 ,47 4
8988 214.500000 189.000000 ,66 5 ,23 2
10722 205.500000 159.000000 ,76 3 ,75 3 ,45 2 ,43 2
12745 208.500000 142.500000 ,33 1 ,13 4 ,63 2 ,43 5 ,27 1 ,62 1
19344 190.500000 145.500000 ,60 2 ,85 4 ,92 4 ,43 1 ,78 5 ,14 3
19658 183.000000 162.000000 ,94 1
25407 217.500000 196.500000 ,90 5 ,40 3 ,15 5 ,78 3 ,92 1 ,23 4
30716 216.000000 183.000000 ,8 1 ,48 2 ,21 5
33071 180.000000 139.500000 ,57 1 ,75 3 ,72 4
33768 198.000000 147.000000 ,8 5 ,46 1 ,65 4 ,96 5 ,31 1
34498 177.000000 129.000000 ,89 3
41084 208.500000 169.500000 ,61 2 ,90 4 ,78 1
41433 159.000000 168.000000 ,3 2
42757 219.000000 181.500000 ,45 1 ,38 5 ,46 5 ,14 5 ,17 4 ,19 4
43119 160.500000 135.000000 ,12 1 ,47 4
44950 219.000000 148.500000 ,16 1 ,58 4 ,92 1 ,94 5 ,85 1
45158 177.000000 178.500000 ,58 2 ,51 1 ,72 1 ,89 1 ,8 5 ,82 4
47109 180.000000 160.500000 ,20 2 ,10 1 ,48 4 ,59 5
49198 154.500000 196.500000 ,40 1 ,96 3
50580 189.000000 175.500000 ,43 1
54307 150.000000 195.000000 ,30 3 ,58 5 ,36 5
57308 216.000000 142.500000 ,53 3 ,12 2 ,85 2 ,25 4 ,16 5 ,99 2
57329 193.500000 126.000000 ,54 3 ,57 3 ,24 1 ,1 4
65863 195.000000 184.500000 ,11 5
68188 169.500000 159.000000 ,74 1 ,95 5
80118 223.500000 127.500000 ,93 5 ,97 5
85193 159.000000 148.500000 ,82 1 ,88 3 ,17 1 ,16 2 ,95 4
85422 177.000000 175.500000 ,85 2 ,30 1 ,70 5 ,72 2
87856 225.000000 153.000000 ,89 1 ,64 4
89597 214.500000 168.000000 ,85 4
95593 178.500000 192.000000 ,78 1 ,72 5 ,35 1 ,21 2 ,1 4
95824 228.000000 180.000000 ,41 3 ,28 3
97336 207.000000 130.500000 ,4 1 ,99 4 ,84 1 ,47 3 ,31 4
98064 172.500000 178.500000 ,17 2 ,12 4
99900 195.000000 192.000000 ,19 2 ,91 2 ,29 4 ,41 4
