547 583.500000 943.500000 ,26 2 ,42 2 ,87 1
2164 616.500000 931.500000 ,94 1 ,44 4 ,33 1 ,85 2 ,69 3
3692 627.000000 895.500000 ,65 3 ,49 3 ,62 3 ,21 2 ,25 5
4262 586.500000 909.000000 ,91 2 ,73 1 ,68 3 ,28 2 ,6 5 ,60 1
5179 637.500000 945.000000 ,68 2 ,5 5 ,24 3 ,27 3 ,87 2 ,34 5
7191 598.500000 930.000000 ,61 5 ,73 3 ,25 2 ,56 2 ,40 1 ,94 4
8535 642.000000 936.000000 ,16 1 ,58 4
10778 633.000000 937.500000 ,49 5 ,20 1 ,45 1 ,89 2 ,30 5
12730 610.500000 889.500000 ,9 3 ,69 3 ,87 1 ,31 4 ,81 1 ,16 2
14358 583.500000 909.000000 ,6 5 ,99 4 ,13 5 ,47 2 ,94 2
15222 604.500000 919.500000 ,80 2 ,21 2 ,57 4 ,99 2 ,76 5 ,92 3
16114 640.500000 937.500000 ,28 4 ,38 5 ,18 2 ,73 2
19640 612.000000 912.000000 ,86 3 ,52 5 ,10 5 ,23 2 ,50 2
21713 624.000000 903.000000 ,7 3 ,38 4 ,89 1 ,32 1 ,44 3 ,29 4
23166 618.000000 912.000000 ,47 1 ,28 5 ,21 5
28930 607.500000 933.000000 ,50 4
40435 636.000000 889.500000 ,20 5 ,19 5 ,16 2 ,7 2
41026 612.000000 942.000000 ,63 2
42367 580.500000 933.000000 ,66 4 ,31 3
47632 607.500000 897.000000 ,45 4 ,70 2 ,18 3 ,44 4 ,82 1
48097 591.000000 906.000000 ,48 2 ,75 4 ,36 2
55385 636.000000 931.500000 ,30 4 ,80 3 ,4 1
64116 624.000000 939.000000 ,15 2 ,57 5
65276 588.000000 891.000000 ,14 3 ,44 5 ,32 1 ,16 2 ,87 3 ,47 1
80212 594.000000 931.500000 ,73 4 ,80 4 ,95 4 ,83 4 ,17 4 ,75 1
84671 597.000000 922.500000 ,96 4 ,61 3
85433 601.500000 910.500000 ,61 2 ,8 1 ,13 5
85574 628.500000 921.000000 ,95 4 ,19 2 ,98 2 ,76 1 ,44 1
88827 589.500000 903.000000 ,28 5 ,93 3 ,5 2 ,15 3
91208 633.000000 930.000000 ,16 3 ,66 1 ,77 5 ,92 4 ,14 2
94284 634.500000 919.500000 ,48 4 ,76 2
98658 633.000000 907.500000 ,57 2
98727 627.000000 904.500000 ,88 3
99156 636.000000 943.500000 ,83 4 ,54 1 ,92 1 ,3 3 ,27 2
99783 633.000000 928.500000 ,49 3 ,70 1 ,88 2 ,51 3
