1284 2890.500000 1350.000000 ,8 4 ,84 3 ,33 4
1810 2919.000000 1341.000000 ,89 1
2799 2941.500000 1365.000000 ,13 3 ,67 4 ,16 2 ,97 3 ,79 5 ,66 1
3152 2943.000000 1359.000000 ,54 5 ,88 3 ,69 5 ,61 4 ,78 1
12205 2923.500000 1345.500000 ,2 4 ,84 5
13428 2934.000000 1354.500000 ,86 1 ,91 1 ,89 4 ,11 3
22849 2889.000000 1363.500000 ,92 3
23685 2883.000000 1365.000000 ,43 5
23761 2923.500000 1341.000000 ,64 2
24947 2901.000000 1360.500000 ,68 5 ,4 1 ,88 1
35056 2916.000000 1368.000000 ,37 4 ,75 2 ,15 5 ,68 4
36533 2937.000000 1366.500000 ,81 1
43022 2913.000000 1353.000000 ,70 2 ,53 5 ,84 3 ,54 4 ,37 5
44219 2896.500000 1348.500000 ,94 3 ,53 5 ,77 2 ,34 3 ,6 5
44711 2899.500000 1351.500000 ,4 4 ,0 5 ,25 4
46036 2895.000000 1365.000000 ,25 3 ,31 3 ,7 5 ,63 5 ,71 4
50544 2949.000000 1342.500000 ,3 4 ,66 5 ,8 4 ,99 3
55954 2926.500000 1353.000000 ,3 2 ,92 4 ,2 1
56774 2959.500000 1365.000000 ,40 2 ,80 1 ,55 1
58156 2929.500000 1354.500000 ,38 3 ,81 3 ,33 3 ,14 5 ,51 2 ,95 3
60024 2946.000000 1342.500000 ,0 5
60184 2958.000000 1344.000000 ,63 1 ,93 1 ,1 2 ,43 4
60745 2878.500000 1345.500000 ,86 1 ,41 1 ,5 2 ,12 5
65880 2938.500000 1350.000000 ,27 1 ,59 3 ,6 1
67128 2964.000000 1347.000000 ,43 3
68155 2941.500000 1356.000000 ,47 1 ,85 4 ,33 5 ,4 5
77031 2925.000000 1357.500000 ,2 5 ,39 1 ,35 4 ,47 1
81681 2886.000000 1366.500000 ,15 5 ,17 1 ,24 2 ,1 3 ,86 2
82749 2884.500000 1342.500000 ,98 1 ,62 4 ,9 4 ,83 1 ,55 1
96433 2952.000000 1360.500000 ,69 3 ,13 2 ,47 3
