619 2908.500000 145.500000 ,81 5 ,95 5 ,11 2
1380 2902.500000 159.000000 ,2 5
1519 2895.000000 109.500000 ,25 1 ,16 2 ,97 5
6174 2880.000000 136.500000 ,91 4 ,30 4 ,90 4 ,3 4
7008 2920.500000 156.000000 ,32 3
10336 2913.000000 150.000000 ,9 3 ,99 2 ,94 1 ,61 1 ,55 5
12613 2893.500000 157.500000 ,4 3 ,48 2 ,68 3
13378 2902.500000 135.000000 ,15 3 ,69 2
18323 2896.500000 135.000000 ,41 1 ,14 2 ,8 4 ,81 5
23925 2874.000000 120.000000 ,69 1
26718 2874.000000 147.000000 ,70 2 ,46 4 ,7 2 ,30 3
28506 2890.500000 159.000000 ,71 5 ,53 2 ,59 4 ,0 1 ,58 2
38343 2908.500000 139.500000 ,23 1 ,75 3 ,81 2 ,80 1 ,47 2 ,8 5
38979 2920.500000 150.000000 ,94 4 ,64 4 ,50 1
39235 2905.500000 124.500000 ,86 2 ,33 2 ,76 2 ,43 2
39537 2880.000000 147.000000 ,70 3 ,88 3 ,78 2 ,21 5
40691 2893.500000 108.000000 ,84 3 ,59 4
41684 2890.500000 165.000000 ,81 1 ,90 2 ,22 3 ,35 5 ,20 3
41946 2886.000000 105.000000 ,21 5 ,20 3 ,37 4 ,27 2 ,65 3 ,57 1
42800 2916.000000 144.000000 ,28 1 ,84 5 ,24 4
59793 2902.500000 153.000000 ,87 3 ,2 5 ,4 3 ,58 5
60741 2923.500000 171.000000 ,8 4 ,23 1
62965 2907.000000 115.500000 ,91 5 ,92 2 ,54 4 ,52 3
63817 2920.500000 150.000000 ,13 3 ,77 2 ,30 2 ,90 4
66868 2901.000000 145.500000 ,92 1
67655 2925.000000 112.500000 ,47 1 ,21 4 ,42 2 ,12 3 ,95 5 ,87 3
78563 2914.500000 172.500000 ,3 4 ,19 5 ,63 5 ,33 1
86305 2887.500000 127.500000 ,72 2 ,34 1 ,17 2 ,45 4
87070 2871.000000 112.500000 ,62 4 ,42 1 ,18 1 ,1 3 ,44 4 ,90 1
91134 2916.000000 133.500000 ,99 3 ,56 3 ,3 2 ,45 2 ,60 5
92942 2893.500000 166.500000 ,13 1 ,34 4 ,89 1 ,49 5 ,30 4 ,28 4
93594 2887.500000 154.500000 ,12 5 ,33 1 ,50 1 ,64 3 ,87 3
95026 2889.000000 148.500000 ,59 2 ,52 2 ,80 1
95053 2916.000000 120.000000 ,21 4
97947 2868.000000 165.000000 ,33 2 ,92 5
