555 1450.500000 1026.000000 ,48 3 ,26 2 ,63 1 ,55 3 ,42 2 ,49 1
3899 1480.500000 1039.500000 ,22 3 ,0 4 ,3 5 ,33 3
22579 1453.500000 1050.000000 ,17 3 ,69 3 ,72 5 ,61 1 ,18 1
22637 1479.000000 1063.500000 ,68 4
25152 1474.500000 1038.000000 ,89 1 ,42 1 ,69 4
26580 1452.000000 1018.500000 ,25 2
34578 1467.000000 1050.000000 ,30 3 ,35 1
35626 1443.000000 1032.000000 ,2 3 ,21 2 ,64 5 ,11 1 ,7 4
36162 1470.000000 1075.500000 ,92 4
37593 1465.500000 1069.500000 ,62 2 ,94 4 ,97 3 ,7 5
44472 1477.500000 1083.000000 ,56 4 ,95 2 ,35 1
47683 1452.000000 1035.000000 ,27 5 ,44 3 ,81 3
49081 1465.500000 1042.500000 ,50 1 ,45 3 ,40 4 ,37 5
54320 1474.500000 1011.000000 ,10 5 ,95 2 ,51 1
56726 1446.000000 1062.000000 ,3 3 ,81 5
64331 1455.000000 1030.500000 ,10 5 ,90 2 ,76 4 ,9 2
76148 1449.000000 1009.500000 ,74 1
76738 1462.500000 1080.000000 ,20 4
78633 1461.000000 1059.000000 ,89 2
89427 1456.500000 1030.500000 ,8 5 ,32 4
94030 1479.000000 1048.500000 ,87 1 ,3 2
95796 1476.000000 1009.500000 ,79 4 ,55 2 ,16 3 ,77 4 ,60 5 ,67 4
95945 1441.500000 1018.500000 ,84 5 ,55 4 ,2 1
