2818 2893.500000 1623.000000 ,78 2 ,13 5 ,52 5 ,93 3 ,45 4
2968 2920.500000 1593.000000 ,58 2 ,6 4
3369 2899.500000 1608.000000 ,26 1 ,83 5 ,99 5 ,81 5 ,90 3
7879 2890.500000 1624.500000 ,77 3 ,60 4 ,33 4 ,18 1 ,89 5 ,16 1
8737 2884.500000 1635.000000 ,46 4 ,4 4 ,44 5 ,85 1
10005 2911.500000 1615.500000 ,66 3 ,98 4 ,89 3 ,29 5
14994 2886.000000 1591.500000 ,56 5 ,34 3 ,84 4 ,69 1 ,65 5
29362 2923.500000 1633.500000 ,16 1 ,89 5 ,18 3
32626 2899.500000 1608.000000 ,74 5
37130 2922.000000 1612.500000 ,30 1 ,69 2 ,68 2
38132 2920.500000 1611.000000 ,71 3 ,25 3 ,87 4
52049 2916.000000 1615.500000 ,23 3
58858 2887.500000 1665.000000 ,74 2 ,20 3 ,65 5 ,0 3
61451 2884.500000 1593.000000 ,86 1 ,46 1 ,69 3 ,97 3 ,72 4 ,11 1
66185 2917.500000 1612.500000 ,0 3 ,34 4 ,20 3 ,77 5 ,42 5 ,23 5
75142 2916.000000 1644.000000 ,72 1 ,39 4 ,94 2 ,77 3 ,28 2 ,30 5
75666 2923.500000 1600.500000 ,90 3 ,84 3 ,53 4 ,79 3 ,77 1
76105 2905.500000 1644.000000 ,83 5 ,86 1 ,57 5 ,26 5 ,82 3 ,12 5
76236 2890.500000 1606.500000 ,73 5 ,71 2 ,76 1
77996 2914.500000 1638.000000 ,83 4 ,11 5 ,92 5 ,33 1 ,16 1
81696 2923.500000 1614.000000 ,1 4
84591 2925.000000 1600.500000 ,61 2 ,28 4 ,19 2 ,67 4 ,11 1 ,69 2
85461 2919.000000 1614.000000 ,32 1 ,18 3 ,57 5 ,25 5 ,10 2 ,41 3
86346 2899.500000 1647.000000 ,61 4
94327 2919.000000 1656.000000 ,16 5 ,81 1 ,76 5 ,68 5 ,19 3
