8997 4323.000000 621.000000 ,66 1 ,0 2
9119 4314.000000 630.000000 ,59 2 ,72 4
13336 4296.000000 640.500000 ,29 3 ,46 1 ,33 2 ,18 2 ,85 3
17929 4288.500000 651.000000 ,2 5 ,93 1 ,28 2
23694 4323.000000 628.500000 ,59 5 ,51 3 ,41 4 ,5 4 ,21 4 ,9 4
29140 4326.000000 616.500000 ,83 2 ,23 4 ,48 5 ,25 2 ,53 5 ,33 2
30471 4303.500000 619.500000 ,85 5 ,95 3 ,73 5 ,8 4 ,62 5
34753 4300.500000 591.000000 ,25 1 ,82 1
35695 4329.000000 637.500000 ,85 2 ,16 5 ,91 2
38018 4287.000000 621.000000 ,96 5 ,6 3 ,95 1 ,31 2 ,51 3 ,82 2
40428 4300.500000 624.000000 ,25 2 ,44 5 ,98 3 ,13 3 ,45 5 ,66 1
44127 4306.500000 607.500000 ,56 2 ,33 5 ,2 3 ,55 5 ,58 4
46880 4290.000000 651.000000 ,99 2 ,10 5 ,32 1 ,47 3
50036 4312.500000 624.000000 ,45 1 ,49 5 ,20 3 ,85 3
52020 4287.000000 601.500000 ,99 5
53442 4323.000000 627.000000 ,99 4 ,28 4 ,42 3 ,91 4 ,15 3 ,32 1
56369 4296.000000 610.500000 ,54 4 ,14 1 ,29 4 ,38 3 ,13 1 ,0 3
58435 4326.000000 603.000000 ,45 3 ,16 1 ,80 2 ,63 1 ,85 4
64194 4326.000000 594.000000 ,91 2 ,55 1 ,50 3 ,15 1 ,21 4
68415 4329.000000 639.000000 ,33 2 ,46 4 ,30 1 ,31 1 ,74 5 ,7 5
68721 4312.500000 637.500000 ,10 1 ,83 1 ,68 2
73941 4291.500000 585.000000 ,51 4
75968 4284.000000 610.500000 ,97 5 ,91 3
91643 4308.000000 625.500000 ,64 5
