5652 586.500000 529.500000 ,10 5 ,23 1
9005 592.500000 552.000000 ,37 1 ,16 4 ,84 2 ,82 2 ,76 5
11598 591.000000 526.500000 ,61 2
12894 591.000000 582.000000 ,70 2 ,39 3
12917 577.500000 549.000000 ,43 3 ,29 2 ,70 3 ,99 4 ,66 3
13447 600.000000 553.500000 ,43 2
18791 580.500000 522.000000 ,14 3 ,29 1
23628 574.500000 532.500000 ,57 5
24147 576.000000 567.000000 ,58 1
26585 583.500000 586.500000 ,21 5 ,1 5 ,31 1 ,4 1 ,91 2
28556 579.000000 574.500000 ,66 2 ,2 5 ,71 4
36778 592.500000 549.000000 ,31 2 ,25 1 ,5 1
37854 592.500000 534.000000 ,66 4 ,70 3 ,72 5 ,12 1 ,85 1
38133 583.500000 561.000000 ,9 1 ,23 2
39382 603.000000 562.500000 ,79 2 ,25 5 ,42 3 ,85 4 ,22 5 ,10 1
42664 607.500000 538.500000 ,34 4 ,76 3
43849 579.000000 565.500000 ,29 3 ,98 2
45032 577.500000 571.500000 ,29 1 ,50 2
48954 576.000000 586.500000 ,93 4
60839 600.000000 534.000000 ,85 4 ,40 5 ,45 1
66548 586.500000 565.500000 ,52 1 ,54 4 ,13 4 ,17 3
70350 592.500000 540.000000 ,27 1 ,77 4 ,92 3 ,74 5 ,86 3 ,38 3
79494 598.500000 523.500000 ,31 4 ,13 3
82083 580.500000 555.000000 ,7 1 ,2 3 ,83 2
85377 589.500000 522.000000 ,30 5
97671 595.500000 522.000000 ,90 1 ,23 1 ,22 5 ,4 1 ,61 3
