2409 2130.000000 250.500000 ,31 5 ,4 1 ,50 4
3304 2098.500000 204.000000 ,1 5 ,52 1 ,80 3 ,3 4 ,83 2 ,42 2
5752 2133.000000 235.500000 ,27 2
6138 2128.500000 189.000000 ,52 3 ,55 4 ,77 3 ,48 2 ,27 2 ,1 5
7394 2134.500000 246.000000 ,85 4
8670 2104.500000 210.000000 ,25 4
12477 2080.500000 190.500000 ,5 3 ,65 1 ,50 2 ,27 3
13073 2080.500000 184.500000 ,15 3 ,48 2 ,73 3 ,99 1
24725 2092.500000 234.000000 ,43 3 ,40 5 ,91 4
29109 2100.000000 253.500000 ,55 1 ,5 5
34184 2113.500000 244.500000 ,8 2 ,84 2 ,17 4 ,22 1 ,26 4 ,66 1
36555 2125.500000 243.000000 ,49 3 ,76 3 ,35 4 ,68 3
40390 2083.500000 252.000000 ,16 4 ,96 3 ,83 5
43522 2080.500000 195.000000 ,11 1 ,47 3 ,13 3 ,27 1 ,6 3 ,72 1
44429 2131.500000 190.500000 ,47 5 ,72 1 ,55 4 ,44 5 ,88 4 ,97 3
50374 2095.500000 183.000000 ,76 4 ,45 4 ,62 5
53384 2112.000000 211.500000 ,21 4 ,11 2 ,82 2 ,7 5 ,35 3
55961 2083.500000 238.500000 ,71 4 ,93 5 ,1 5 ,55 5 ,90 3
59139 2103.000000 246.000000 ,93 2 ,88 4
60801 2130.000000 198.000000 ,46 5 ,11 1 ,9 5 ,25 1 ,3 1 ,95 2
62068 2121.000000 220.500000 ,9 5
63604 2089.500000 219.000000 ,11 5 ,40 1 ,2 2 ,70 5
71245 2080.500000 213.000000 ,9 2 ,8 4 ,69 3 ,14 1 ,45 3
71515 2106.000000 211.500000 ,48 3 ,77 1
72393 2107.500000 229.500000 ,62 5 ,92 5 ,10 1 ,31 5 ,0 3 ,75 4
77702 2106.000000 180.000000 ,65 3 ,52 1 ,50 3 ,22 2
79810 2106.000000 207.000000 ,76 5 ,53 1 ,58 4
80873 2092.500000 241.500000 ,40 2 ,41 1 ,77 5 ,82 3
81876 2125.500000 256.500000 ,91 2 ,96 3 ,34 5
87804 2086.500000 255.000000 ,88 4 ,24 2 ,54 4 ,63 2 ,49 3 ,5 5
88968 2139.000000 256.500000 ,66 4
89264 2122.500000 222.000000 ,63 2 ,8 1
89734 2109.000000 259.500000 ,53 1 ,2 4 ,20 3 ,63 4 ,67 3
94757 2080.500000 244.500000 ,15 1 ,42 1 ,47 2
96573 2134.500000 262.500000 ,60 1 ,42 5 ,43 4
96827 2127.000000 235.500000 ,60 1
