886 645.000000 1416.000000 ,51 4 ,37 4
3165 663.000000 1408.500000 ,26 4 ,3 5
5847 651.000000 1395.000000 ,30 1 ,16 2
9152 679.500000 1467.000000 ,84 1
9855 652.500000 1396.500000 ,80 5 ,96 3
12143 655.500000 1456.500000 ,17 2 ,47 3 ,30 2
12562 672.000000 1396.500000 ,60 2 ,23 2 ,76 4 ,89 4
13278 642.000000 1453.500000 ,5 4 ,67 1 ,17 5 ,65 4 ,97 1 ,3 3
16665 639.000000 1468.500000 ,85 3 ,91 1 ,7 3 ,62 1 ,23 3 ,99 4
17256 660.000000 1417.500000 ,77 2 ,90 3 ,22 4
20020 678.000000 1425.000000 ,7 5 ,13 5
20982 603.000000 1416.000000 ,74 5 ,3 3 ,62 2 ,37 2 ,42 4
25882 607.500000 1426.500000 ,30 4 ,69 3
26885 669.000000 1425.000000 ,78 3 ,50 4 ,82 2 ,28 4 ,89 1
26921 589.500000 1392.000000 ,1 1 ,97 2 ,7 3 ,2 1 ,98 5
28298 625.500000 1440.000000 ,65 3 ,67 2 ,92 5 ,19 1
30771 592.500000 1456.500000 ,76 1
35613 670.500000 1399.500000 ,75 4 ,57 5 ,30 3 ,50 3 ,40 5 ,92 2
41559 652.500000 1395.000000 ,85 1 ,5 3 ,26 1
49962 666.000000 1422.000000 ,36 4 ,37 2 ,57 4 ,15 5 ,75 2
49977 678.000000 1389.000000 ,66 2 ,57 1 ,24 2
50770 631.500000 1446.000000 ,19 2 ,48 2 ,25 4 ,83 3 ,64 1 ,15 5
53165 678.000000 1422.000000 ,80 4 ,10 4 ,26 2 ,47 4 ,92 1 ,71 3
54117 666.000000 1440.000000 ,76 2 ,47 1 ,83 1 ,72 4 ,25 1 ,85 5
54171 615.000000 1420.500000 ,68 4 ,13 3 ,45 4
56050 603.000000 1426.500000 ,97 2 ,55 1 ,32 2
57622 673.500000 1392.000000 ,23 3
59563 681.000000 1416.000000 ,51 3 ,16 1 ,27 1
62033 673.500000 1449.000000 ,29 5 ,67 1
62445 658.500000 1440.000000 ,85 3
67029 670.500000 1459.500000 ,68 3 ,42 4 ,28 1 ,21 2 ,98 5
75064 646.500000 1402.500000 ,25 1 ,2 5 ,97 4 ,92 2
76004 661.500000 1447.500000 ,50 3 ,70 1 ,27 1 ,59 3 ,78 5
78855 673.500000 1389.000000 ,61 1 ,52 2 ,6 2 ,32 3 ,45 1 ,91 4
84231 678.000000 1447.500000 ,17 1 ,43 3 ,82 1
92735 646.500000 1435.500000 ,18 2 ,81 1 ,88 4 ,52 2 ,97 2
97982 663.000000 1401.000000 ,42 3 ,12 5 ,99 3 ,80 3 ,74 4 ,87 1
