1739 1054.500000 766.500000 ,33 2 ,12 4 ,13 4 ,62 1 ,30 1
1758 1092.000000 750.000000 ,86 3 ,39 1 ,31 5 ,0 2 ,99 2 ,69 1
8980 1039.500000 733.500000 ,80 4
10367 1075.500000 783.000000 ,11 2 ,32 1 ,58 2
14596 1093.500000 766.500000 ,19 2 ,79 1
17241 1090.500000 736.500000 ,17 1 ,62 4 ,61 2
30364 1048.500000 730.500000 ,94 3
34209 1041.000000 781.500000 ,96 3 ,79 4 ,99 2 ,56 3 ,17 3
35518 1066.500000 763.500000 ,4 4 ,93 1 ,46 1 ,18 2
39474 1087.500000 750.000000 ,94 5
45498 1096.500000 751.500000 ,47 3 ,83 2 ,11 5 ,42 3
52109 1077.000000 778.500000 ,11 1
54562 1056.000000 772.500000 ,18 3
55051 1078.500000 726.000000 ,24 5 ,81 5
56520 1060.500000 762.000000 ,1 2 ,40 5 ,8 5 ,22 1 ,10 3 ,85 2
56543 1086.000000 772.500000 ,66 3 ,30 2 ,2 1
66417 1053.000000 724.500000 ,83 5 ,10 1
67130 1039.500000 763.500000 ,66 5 ,45 2 ,40 1
71231 1098.000000 781.500000 ,67 4
76190 1081.500000 735.000000 ,7 1 ,79 5 ,29 1 ,87 4
76407 1056.000000 738.000000 ,19 4 ,40 5 ,15 4 ,0 4 ,11 5 ,53 1
80430 1065.000000 723.000000 ,20 5 ,85 5 ,69 2 ,34 1
91505 1099.500000 724.500000 ,30 5 ,99 3
92093 1099.500000 738.000000 ,96 3
96966 1065.000000 759.000000 ,55 2 ,17 5 ,43 4
99573 1095.000000 781.500000 ,70 5 ,35 5
99713 1048.500000 757.500000 ,80 4 ,97 3 ,79 1 ,11 2 ,76 3 ,4 4
