1855 1059.000000 1728.000000 ,54 3 ,8 4 ,48 4 ,33 3 ,77 2
2110 1089.000000 1717.500000 ,69 2 ,42 1 ,19 2 ,58 4 ,93 1 ,94 5
4746 1075.500000 1723.500000 ,95 1 ,60 2 ,37 4
14878 1062.000000 1755.000000 ,5 1 ,49 5
17072 1063.500000 1713.000000 ,61 1 ,27 1
19215 1072.500000 1722.000000 ,60 1 ,1 1 ,96 1 ,52 3 ,50 3
21507 1063.500000 1744.500000 ,64 1
24823 1062.000000 1752.000000 ,43 2 ,19 4 ,37 5 ,52 5 ,79 4 ,67 1
31647 1075.500000 1756.500000 ,44 2
33176 1071.000000 1725.000000 ,47 5
41309 1041.000000 1743.000000 ,76 4 ,37 3 ,4 4
45764 1084.500000 1711.500000 ,71 1 ,50 4 ,84 2 ,77 5 ,42 1 ,67 2
51170 1092.000000 1761.000000 ,93 5 ,91 2 ,51 1 ,3 4
55769 1072.500000 1753.500000 ,40 3 ,48 1 ,28 2 ,82 3
59330 1072.500000 1729.500000 ,57 4 ,64 5 ,1 2 ,97 4 ,94 2 ,8 2
72903 1095.000000 1719.000000 ,46 2 ,77 5 ,17 2
77788 1081.500000 1741.500000 ,73 4 ,17 4 ,95 4 ,66 2 ,3 4
83153 1035.000000 1743.000000 ,28 2 ,44 5 ,17 2
85098 1059.000000 1729.500000 ,64 5 ,49 3 ,46 3 ,50 4 ,94 1 ,4 4
89526 1095.000000 1708.500000 ,14 1 ,57 3
93199 1039.500000 1744.500000 ,25 5 ,34 1 ,75 5 ,89 4
94047 1045.500000 1762.500000 ,2 4 ,64 4
98799 1075.500000 1762.500000 ,27 1
