5616 2230.500000 2371.500000 ,14 1 ,3 5 ,16 3
11815 2220.000000 2424.000000 ,32 4 ,84 3 ,24 3 ,45 5 ,35 2
12663 2200.500000 2379.000000 ,99 3 ,9 3 ,12 2
14563 2229.000000 2404.500000 ,2 4 ,38 1 ,30 5 ,4 4
14999 2212.500000 2397.000000 ,39 2 ,40 5 ,79 1 ,16 4
17730 2227.500000 2424.000000 ,56 2 ,67 2 ,28 1 ,70 4
19411 2236.500000 2373.000000 ,51 1 ,77 4 ,89 3 ,16 4 ,3 4 ,66 2
29500 2209.500000 2395.500000 ,46 5
31554 2227.500000 2400.000000 ,34 1 ,18 3 ,25 5 ,23 4 ,75 4
34097 2227.500000 2404.500000 ,6 3 ,7 2 ,70 1 ,86 5 ,37 5 ,33 2
35720 2215.500000 2379.000000 ,30 1
45507 2199.000000 2416.500000 ,89 3
47068 2214.000000 2404.500000 ,48 3 ,45 5 ,39 3 ,84 2 ,37 4
51776 2170.500000 2424.000000 ,43 2 ,50 3
75148 2181.000000 2421.000000 ,16 5
77279 2224.500000 2419.500000 ,86 3 ,31 4 ,91 4 ,4 4 ,58 5
80577 2221.500000 2404.500000 ,57 1
95401 2215.500000 2395.500000 ,26 4 ,81 1 ,38 3 ,29 1 ,73 1
99271 2176.500000 2401.500000 ,26 5
