101 1806.000000 1416.000000 ,21 4
779 1786.500000 1353.000000 ,56 2 ,54 4 ,78 1 ,49 5
2574 1800.000000 1405.500000 ,55 5 ,4 4 ,12 2 ,96 1 ,82 3 ,90 4
2986 1795.500000 1384.500000 ,2 5 ,6 2 ,59 5 ,96 2 ,30 5
6340 1803.000000 1375.500000 ,79 2 ,39 4 ,67 5 ,56 5
8585 1776.000000 1374.000000 ,88 3 ,21 5 ,36 3 ,10 5 ,11 3 ,34 2
12110 1776.000000 1407.000000 ,8 4 ,46 2
13612 1818.000000 1413.000000 ,71 5 ,4 2 ,23 5 ,30 5 ,82 3
14592 1806.000000 1359.000000 ,72 3 ,41 1 ,14 5 ,43 4 ,38 2
19637 1788.000000 1407.000000 ,15 2 ,53 1
19925 1810.500000 1365.000000 ,19 2 ,5 2 ,0 5
23716 1813.500000 1416.000000 ,98 4 ,52 2 ,67 3 ,1 2 ,77 3
25395 1824.000000 1414.500000 ,53 1 ,28 1
31173 1804.500000 1387.500000 ,7 4 ,10 4 ,66 2 ,20 1 ,85 5 ,11 5
33573 1774.500000 1363.500000 ,20 3 ,38 4 ,25 1 ,14 1
35616 1815.000000 1344.000000 ,83 1 ,37 1 ,16 3 ,42 1 ,89 3
42829 1815.000000 1420.500000 ,76 3 ,74 4 ,36 5 ,41 4
43250 1777.500000 1410.000000 ,7 1 ,93 3 ,36 5 ,82 4
44713 1816.500000 1404.000000 ,7 3 ,49 5
45656 1798.500000 1405.500000 ,81 1 ,58 5
47679 1798.500000 1410.000000 ,69 4 ,28 5 ,42 4
47836 1806.000000 1378.500000 ,66 4 ,49 2 ,40 2 ,93 4
50375 1792.500000 1354.500000 ,72 2 ,27 3 ,69 4
58895 1774.500000 1401.000000 ,61 4 ,95 1 ,24 1 ,38 1 ,17 3
61618 1782.000000 1411.500000 ,84 2 ,43 2 ,94 5
63896 1821.000000 1360.500000 ,90 2 ,75 5 ,66 1 ,81 2 ,79 3 ,37 1
64886 1782.000000 1375.500000 ,11 3 ,50 4 ,90 2 ,43 2 ,22 1
70183 1789.500000 1417.500000 ,46 4 ,3 2 ,21 4 ,82 3 ,69 1 ,88 5
72658 1776.000000 1338.000000 ,55 1
81805 1786.500000 1342.500000 ,71 1 ,94 2 ,84 2 ,43 4 ,51 5
86875 1785.000000 1419.000000 ,44 1 ,49 3 ,77 4 ,21 5
88535 1812.000000 1341.000000 ,21 1 ,76 2 ,34 2 ,38 3 ,12 2
89729 1815.000000 1342.500000 ,32 5 ,22 1
90326 1774.500000 1401.000000 ,50 1 ,80 1 ,89 4
90429 1809.000000 1378.500000 ,42 2 ,98 2 ,19 2
90543 1816.500000 1345.500000 ,4 3 ,34 1 ,68 5 ,15 3
93823 1776.000000 1357.500000 ,32 1 ,20 2 ,5 3 ,60 1 ,0 3
96893 1807.500000 1407.000000 ,50 4 ,37 2 ,71 5 ,96 3
