2323 2877.000000 430.500000 ,54 3 ,5 3 ,86 4 ,35 4 ,56 4 ,63 4
8063 2893.500000 409.500000 ,12 5 ,54 5 ,42 1 ,80 1 ,92 5
11269 2872.500000 441.000000 ,58 2 ,21 3 ,0 4 ,45 5 ,2 1 ,84 2
13035 2902.500000 430.500000 ,13 5 ,45 2 ,15 3 ,11 3 ,1 4
15193 2875.500000 445.500000 ,17 4
15587 2875.500000 439.500000 ,46 4 ,31 5
24355 2874.000000 400.500000 ,48 1 ,49 3
30211 2892.000000 442.500000 ,26 1 ,65 3 ,72 4
31300 2892.000000 418.500000 ,62 2 ,96 2 ,35 4 ,86 1 ,27 4 ,42 2
32601 2902.500000 445.500000 ,63 4 ,50 4 ,12 5 ,48 5
33588 2887.500000 417.000000 ,9 2 ,79 5 ,24 2 ,81 1 ,89 2 ,32 5
39538 2878.500000 429.000000 ,73 2 ,0 2 ,43 5
40318 2868.000000 403.500000 ,26 3 ,91 2
45860 2881.500000 417.000000 ,34 4 ,2 2 ,54 5 ,6 5 ,65 2 ,82 3
58316 2898.000000 435.000000 ,31 2 ,3 1 ,6 5 ,44 2
62311 2895.000000 426.000000 ,35 4
74598 2871.000000 424.500000 ,77 5 ,94 1 ,13 3 ,12 1 ,62 4 ,5 2
76208 2905.500000 447.000000 ,65 3 ,81 1 ,38 4
77450 2877.000000 441.000000 ,28 4 ,67 2
90185 2872.500000 415.500000 ,18 1
97446 2902.500000 441.000000 ,79 1 ,41 3 ,25 1
