1647 1837.500000 876.000000 ,10 5 ,31 5 ,34 5 ,38 3 ,81 2
10010 1834.500000 874.500000 ,69 5 ,94 2
10402 1843.500000 862.500000 ,86 2 ,28 2
10493 1837.500000 814.500000 ,36 1 ,26 5
11888 1803.000000 879.000000 ,40 2 ,37 2 ,52 4 ,10 4 ,31 4
12801 1825.500000 885.000000 ,67 4 ,51 1 ,26 5
14782 1824.000000 858.000000 ,38 5
16412 1842.000000 867.000000 ,1 2
19269 1810.500000 883.500000 ,6 2 ,83 5 ,3 3
22030 1839.000000 817.500000 ,66 3 ,83 1 ,63 3 ,58 5
24504 1842.000000 819.000000 ,13 1 ,58 1 ,38 1 ,57 2 ,40 2 ,75 1
31297 1801.500000 879.000000 ,96 5 ,91 5 ,9 3 ,49 2 ,55 5
32582 1842.000000 879.000000 ,50 1 ,24 3 ,61 1
34239 1801.500000 880.500000 ,69 5 ,93 5 ,58 4 ,3 3 ,91 3 ,87 2
37104 1839.000000 876.000000 ,44 2 ,11 2 ,45 2 ,94 2 ,26 1 ,15 4
37263 1798.500000 910.500000 ,41 5 ,71 3 ,6 2 ,98 5 ,38 2
40448 1834.500000 894.000000 ,44 3 ,66 2 ,91 3 ,98 5
42621 1827.000000 907.500000 ,81 5 ,85 5 ,62 1 ,32 3
43038 1810.500000 907.500000 ,43 2 ,20 1 ,29 4 ,18 5 ,56 1 ,81 4
44509 1803.000000 898.500000 ,44 4 ,58 4 ,6 5 ,83 1 ,78 5
48967 1828.500000 895.500000 ,97 2 ,68 3 ,86 3 ,43 1 ,93 2
57672 1812.000000 892.500000 ,43 3 ,17 4 ,89 2 ,92 4 ,41 3
62335 1842.000000 882.000000 ,59 1 ,16 3 ,87 2 ,47 2 ,18 4
63416 1836.000000 894.000000 ,69 4
68922 1827.000000 840.000000 ,0 5 ,39 1 ,14 5 ,37 3
69152 1806.000000 898.500000 ,70 5 ,81 5
70191 1831.500000 885.000000 ,64 4 ,77 4 ,63 4 ,22 2
74410 1828.500000 814.500000 ,97 3 ,38 4 ,59 1
75474 1819.500000 828.000000 ,69 1 ,3 5 ,39 5 ,58 2 ,50 1
80532 1822.500000 835.500000 ,77 4
80609 1819.500000 835.500000 ,16 2 ,36 3 ,55 1
85913 1813.500000 898.500000 ,82 1 ,29 3 ,67 4 ,91 5 ,0 2 ,33 4
88143 1846.500000 856.500000 ,11 2
95450 1828.500000 897.000000 ,3 3
95464 1813.500000 844.500000 ,54 1
99006 1831.500000 880.500000 ,31 3 ,70 3 ,0 2 ,72 4
