7168 1788.000000 346.500000 ,52 3 ,24 5
8963 1810.500000 348.000000 ,27 1 ,46 4 ,57 4 ,70 1 ,92 3
11972 1746.000000 358.500000 ,30 3 ,72 4 ,10 1
13541 1816.500000 348.000000 ,7 2 ,11 4 ,94 5
18214 1782.000000 342.000000 ,81 1 ,84 3
20752 1788.000000 361.500000 ,92 5
21002 1761.000000 333.000000 ,67 2 ,61 1 ,52 3 ,41 3 ,30 2
22093 1803.000000 360.000000 ,80 4 ,46 1 ,91 3
22274 1792.500000 345.000000 ,90 3 ,5 2 ,8 3 ,69 4 ,56 3 ,32 3
22509 1753.500000 361.500000 ,11 3
23601 1798.500000 345.000000 ,94 4 ,42 1 ,76 3
31237 1813.500000 354.000000 ,77 5 ,48 4 ,22 3 ,16 5 ,74 4
31330 1803.000000 352.500000 ,38 3 ,85 2 ,34 3 ,31 2
37141 1815.000000 361.500000 ,91 2
38815 1744.500000 331.500000 ,30 4 ,2 3 ,88 5
43113 1744.500000 363.000000 ,11 4 ,67 2 ,79 3 ,81 3 ,6 3 ,54 4
49230 1789.500000 364.500000 ,55 2 ,58 5 ,80 3 ,33 3 ,87 3 ,31 2
57553 1789.500000 358.500000 ,90 3 ,31 5 ,3 5 ,68 4 ,86 5
63295 1804.500000 360.000000 ,95 2 ,49 1 ,94 1 ,42 1
70682 1776.000000 357.000000 ,15 4 ,52 3 ,7 3 ,73 1
74508 1768.500000 354.000000 ,35 4 ,72 1 ,22 5 ,11 4 ,83 4 ,78 3
74937 1810.500000 349.500000 ,64 5 ,46 2 ,43 2
76716 1791.000000 367.500000 ,90 5 ,51 5 ,13 4 ,48 2 ,49 3
79434 1749.000000 354.000000 ,63 2 ,8 5
79629 1768.500000 346.500000 ,52 2 ,23 5 ,14 4
85188 1767.000000 343.500000 ,59 2 ,90 4
87293 1758.000000 367.500000 ,32 3 ,87 5 ,43 4 ,42 1
87587 1798.500000 336.000000 ,68 2 ,59 4 ,38 3
89715 1770.000000 349.500000 ,2 2 ,85 4 ,87 2
94177 1791.000000 339.000000 ,46 1 ,10 3 ,93 3 ,92 3
99824 1762.500000 331.500000 ,15 2 ,76 1 ,24 5
