2117 1473.000000 348.000000 ,9 1 ,14 5
7599 1483.500000 348.000000 ,75 5
11313 1464.000000 363.000000 ,57 3 ,78 4
18602 1480.500000 379.500000 ,79 4 ,32 4
19546 1467.000000 373.500000 ,26 3 ,63 3 ,36 5
23363 1459.500000 334.500000 ,84 5 ,28 3 ,30 3 ,91 3
28706 1479.000000 378.000000 ,40 4
36414 1452.000000 345.000000 ,90 3 ,0 5 ,88 3 ,26 2
38026 1486.500000 346.500000 ,56 4 ,34 3 ,83 1 ,36 1 ,38 1
38042 1488.000000 379.500000 ,89 1 ,27 5 ,18 4 ,62 2
42530 1483.500000 354.000000 ,35 3 ,99 4 ,44 1
44556 1455.000000 381.000000 ,34 5 ,17 2
45062 1486.500000 321.000000 ,83 3 ,25 3
48920 1464.000000 345.000000 ,18 2 ,37 1 ,64 5 ,12 4 ,44 5 ,39 1
51028 1455.000000 355.500000 ,41 4 ,62 2 ,94 5 ,52 5
52635 1488.000000 369.000000 ,97 2 ,35 1
55066 1459.500000 330.000000 ,91 3
62140 1482.000000 355.500000 ,3 4 ,40 2
65559 1458.000000 346.500000 ,96 2 ,27 4 ,63 4
67341 1462.500000 367.500000 ,68 4 ,16 4
69408 1465.500000 372.000000 ,76 3
69432 1488.000000 385.500000 ,12 2 ,94 2 ,20 5 ,42 2 ,68 4 ,89 3
76890 1462.500000 360.000000 ,28 2 ,63 2 ,31 2 ,32 2 ,70 3 ,40 4
80947 1488.000000 369.000000 ,32 5 ,3 2
83620 1482.000000 342.000000 ,30 5 ,5 4 ,95 1 ,46 2
85078 1485.000000 328.500000 ,25 5 ,0 1 ,77 5
89490 1488.000000 372.000000 ,61 4 ,40 4 ,35 3
90503 1467.000000 369.000000 ,71 1 ,95 2
95130 1485.000000 348.000000 ,7 5 ,50 5 ,24 1 ,77 3 ,96 4 ,20 3
