1632 3948.000000 2539.500000 ,14 5 ,57 3
3629 3934.500000 2512.500000 ,84 1 ,11 4 ,74 4 ,93 2
6998 3913.500000 2554.500000 ,15 2
7461 3942.000000 2508.000000 ,36 1
13852 3934.500000 2506.500000 ,92 2 ,12 4 ,70 5 ,76 4
18916 3931.500000 2527.500000 ,26 1 ,6 3 ,38 2 ,74 4 ,90 2
19374 3954.000000 2563.500000 ,68 4 ,20 3 ,84 1 ,11 2 ,70 1 ,93 2
19429 3945.000000 2547.000000 ,92 3 ,55 2 ,26 2 ,77 3 ,83 4
21174 3958.500000 2527.500000 ,20 5 ,83 1 ,98 1
22195 3946.500000 2518.500000 ,44 3 ,37 2 ,96 2 ,15 1 ,33 1 ,10 1
22591 3931.500000 2556.000000 ,19 3 ,92 3 ,63 4
24122 3918.000000 2574.000000 ,7 1 ,69 1 ,38 2 ,2 5
30040 3955.500000 2575.500000 ,18 3 ,93 4 ,44 3 ,15 2 ,57 1 ,45 1
32174 3912.000000 2571.000000 ,4 3 ,68 2 ,62 1 ,37 3 ,40 5
35087 3951.000000 2505.000000 ,60 1 ,49 4 ,95 3 ,16 3 ,81 4
43985 3937.500000 2533.500000 ,99 1 ,39 1 ,66 4 ,70 2
51798 3940.500000 2523.000000 ,50 1 ,34 1 ,95 5 ,71 4
60263 3957.000000 2526.000000 ,21 3 ,12 5
61044 3952.500000 2572.500000 ,34 5 ,6 3 ,16 1
62394 3936.000000 2526.000000 ,55 2 ,59 3
63044 3955.500000 2533.500000 ,27 5 ,26 5 ,21 2 ,40 2 ,28 2
65394 3921.000000 2554.500000 ,56 1 ,65 1 ,95 4 ,37 5 ,82 3 ,74 1
70555 3949.500000 2544.000000 ,56 3 ,53 1 ,6 5 ,58 5 ,98 4 ,3 3
72017 3949.500000 2503.500000 ,11 5 ,84 2 ,12 3
75325 3946.500000 2544.000000 ,84 1 ,53 3 ,48 2
81059 3934.500000 2542.500000 ,83 5 ,73 2 ,45 1 ,6 4
88348 3922.500000 2554.500000 ,71 1 ,39 1
88746 3946.500000 2544.000000 ,97 2 ,6 3
96745 3948.000000 2532.000000 ,71 5 ,82 3 ,12 3 ,52 2 ,79 4 ,16 1
