2626 2815.500000 2587.500000 ,1 1 ,51 3
6649 2823.000000 2557.500000 ,87 2 ,68 1 ,40 4 ,27 1 ,98 1
11051 2806.500000 2589.000000 ,80 2 ,75 4 ,58 2
20818 2841.000000 2553.000000 ,31 3 ,11 1 ,17 5 ,67 2 ,55 2
22121 2832.000000 2580.000000 ,15 3 ,13 4 ,67 1 ,38 3 ,41 2 ,80 4
30718 2800.500000 2542.500000 ,18 2 ,14 1
30768 2802.000000 2560.500000 ,65 1 ,86 5 ,83 5
30963 2836.500000 2550.000000 ,10 1 ,78 1 ,11 4 ,3 3 ,14 4
35545 2839.500000 2559.000000 ,51 5 ,67 2 ,76 1 ,63 2 ,69 1 ,20 1
38511 2832.000000 2541.000000 ,43 4 ,19 2 ,50 3
43146 2838.000000 2587.500000 ,67 1 ,36 1 ,99 5
62415 2811.000000 2566.500000 ,67 5 ,82 2 ,19 5 ,51 3
64932 2833.500000 2584.500000 ,27 5 ,61 2 ,88 3 ,48 5
68150 2833.500000 2551.500000 ,78 4 ,84 3 ,79 3
78257 2820.000000 2574.000000 ,33 1
81172 2833.500000 2589.000000 ,27 3 ,29 1 ,92 4 ,15 3
84699 2829.000000 2578.500000 ,69 5 ,27 3 ,58 2 ,29 1
93260 2818.500000 2583.000000 ,48 2
99173 2829.000000 2584.500000 ,70 1 ,0 1 ,65 2 ,34 2 ,64 5 ,74 5
