1202 1738.500000 177.000000 ,54 2 ,59 4
1673 1728.000000 159.000000 ,89 4 ,33 5 ,22 3
18093 1737.000000 160.500000 ,87 5 ,34 5 ,27 1 ,80 2 ,25 2 ,42 2
18408 1761.000000 160.500000 ,49 2 ,94 4 ,36 3 ,63 5 ,21 5 ,40 1
18519 1726.500000 180.000000 ,97 4 ,31 5
20723 1755.000000 163.500000 ,21 5 ,10 4 ,50 1 ,46 1 ,73 4 ,13 5
24096 1765.500000 160.500000 ,81 1 ,59 4 ,66 1
26847 1726.500000 208.500000 ,81 3 ,61 4 ,16 3 ,99 2 ,59 2 ,0 1
26873 1753.500000 198.000000 ,41 2
28343 1731.000000 139.500000 ,10 1 ,96 1 ,77 5 ,28 5
28557 1759.500000 154.500000 ,66 3 ,96 4 ,81 5 ,61 3
28637 1759.500000 153.000000 ,31 5 ,64 4 ,38 4 ,95 5 ,20 5 ,58 1
30296 1731.000000 166.500000 ,62 4
38364 1759.500000 169.500000 ,24 3 ,66 3 ,44 5 ,23 4
39837 1720.500000 166.500000 ,89 5 ,67 2
47468 1726.500000 156.000000 ,79 5 ,57 1
50148 1762.500000 153.000000 ,56 2 ,28 2 ,3 5
50499 1725.000000 151.500000 ,45 3
51459 1737.000000 178.500000 ,69 1 ,43 3 ,94 2 ,28 4
61660 1731.000000 144.000000 ,57 3 ,58 5 ,48 5 ,2 2 ,42 1 ,21 3
64676 1755.000000 201.000000 ,83 2 ,89 5 ,39 1
67737 1750.500000 196.500000 ,25 1 ,51 2 ,52 3 ,13 5
71674 1743.000000 162.000000 ,21 5 ,13 1
75819 1728.000000 141.000000 ,86 4
78658 1744.500000 213.000000 ,46 2 ,44 2
87893 1765.500000 196.500000 ,50 4 ,52 5
88736 1729.500000 199.500000 ,43 2 ,50 1 ,14 3
92714 1752.000000 187.500000 ,49 4 ,51 4
94287 1737.000000 181.500000 ,71 3
94695 1720.500000 136.500000 ,48 5 ,28 5
