1177 618.000000 1840.500000 ,36 2
4467 574.500000 1828.500000 ,78 5 ,85 3 ,30 2 ,87 4 ,48 1 ,26 1
12075 612.000000 1845.000000 ,57 5 ,43 3
13692 567.000000 1885.500000 ,17 1 ,67 1 ,70 2 ,86 2
14706 567.000000 1827.000000 ,6 3 ,30 1 ,50 1 ,19 3 ,13 1 ,94 5
17702 591.000000 1861.500000 ,61 4
23062 585.000000 1849.500000 ,12 2 ,62 1 ,5 2 ,53 5 ,22 3 ,47 3
24448 592.500000 1915.500000 ,65 1 ,18 3 ,34 2
24455 618.000000 1834.500000 ,7 4 ,70 4 ,65 4 ,26 2 ,21 2 ,72 3
27050 576.000000 1926.000000 ,81 4 ,37 5 ,53 2
34893 621.000000 1891.500000 ,44 5 ,41 4 ,5 2
39529 622.500000 1888.500000 ,51 1 ,2 2 ,81 4 ,65 2 ,61 3
51352 603.000000 1872.000000 ,46 4 ,89 5 ,92 2 ,58 4 ,12 5
58859 565.500000 1890.000000 ,65 2 ,29 3 ,70 1 ,44 5 ,24 5
61455 576.000000 1911.000000 ,69 3 ,61 3 ,26 1 ,55 4 ,18 5 ,53 2
63241 594.000000 1848.000000 ,19 2 ,31 1 ,23 2
64024 576.000000 1845.000000 ,80 2 ,53 4 ,4 4 ,9 2 ,54 3
64082 609.000000 1905.000000 ,15 1 ,39 5 ,6 4 ,19 2 ,36 3 ,0 2
65647 613.500000 1846.500000 ,92 2 ,12 5 ,29 3 ,28 4 ,51 3
68009 610.500000 1923.000000 ,80 3 ,88 3 ,83 3
69599 570.000000 1890.000000 ,17 5 ,18 2 ,56 2 ,58 1 ,41 2 ,71 4
72406 573.000000 1914.000000 ,71 5 ,29 4 ,58 2 ,16 4
73045 622.500000 1848.000000 ,82 3 ,49 3 ,23 2
81116 616.500000 1891.500000 ,28 4 ,40 2 ,48 4 ,13 4 ,32 1 ,72 4
84177 613.500000 1905.000000 ,47 5 ,76 2 ,28 2 ,68 4 ,65 1
94883 568.500000 1882.500000 ,62 5 ,88 5 ,95 5 ,98 2 ,77 4 ,72 2
95825 624.000000 1915.500000 ,62 4
