778 2721.000000 2283.000000 ,12 4 ,77 1 ,48 1 ,79 5
7210 2694.000000 2301.000000 ,29 4
15597 2703.000000 2304.000000 ,33 4 ,16 5 ,8 1 ,39 5
22993 2730.000000 2269.500000 ,66 5 ,49 1
23165 2725.500000 2265.000000 ,38 5 ,36 3 ,60 3 ,41 5 ,3 4 ,66 4
24364 2709.000000 2244.000000 ,73 3
30827 2695.500000 2268.000000 ,47 1 ,90 3 ,2 3 ,71 5 ,42 2
31954 2731.500000 2245.500000 ,18 1 ,51 1 ,34 1 ,7 1 ,42 3 ,46 3
34568 2730.000000 2281.500000 ,82 1
37839 2722.500000 2280.000000 ,52 1 ,62 4 ,91 3
46044 2706.000000 2256.000000 ,83 4
47675 2694.000000 2275.500000 ,26 5
54684 2701.500000 2259.000000 ,82 1
54697 2727.000000 2295.000000 ,80 5
59114 2733.000000 2277.000000 ,78 1 ,34 1 ,3 3 ,11 3
71966 2728.500000 2262.000000 ,63 5 ,41 3 ,67 5 ,82 4
75452 2733.000000 2301.000000 ,1 1 ,65 2
92085 2721.000000 2248.500000 ,22 4 ,38 4 ,32 2
92450 2718.000000 2239.500000 ,61 3
95873 2704.500000 2292.000000 ,16 2 ,34 1 ,29 2 ,43 5
97235 2698.500000 2235.000000 ,40 2 ,20 5 ,76 3 ,22 5 ,30 3
