2318 4183.500000 429.000000 ,14 2 ,89 1 ,24 4 ,49 4
11704 4179.000000 457.500000 ,10 3 ,52 2 ,33 3 ,62 4 ,93 5
12625 4195.500000 447.000000 ,70 3 ,80 2 ,95 3 ,86 2 ,92 3 ,31 1
20628 4152.000000 433.500000 ,39 1
28988 4186.500000 436.500000 ,16 2 ,10 2 ,81 1 ,43 1 ,22 4
35101 4186.500000 447.000000 ,82 1
38625 4194.000000 438.000000 ,91 1 ,45 4 ,90 5 ,86 5 ,87 5 ,60 2
41927 4174.500000 433.500000 ,91 5 ,37 4 ,1 5 ,96 4 ,55 3 ,14 2
45899 4162.500000 433.500000 ,41 3 ,18 1
55006 4194.000000 420.000000 ,86 5 ,42 3 ,81 5 ,12 2 ,67 4 ,72 2
57991 4197.000000 402.000000 ,6 2
59814 4179.000000 424.500000 ,68 5 ,4 2 ,48 3 ,26 5
67414 4176.000000 451.500000 ,30 4
69861 4171.500000 453.000000 ,62 3
70519 4198.500000 454.500000 ,39 4 ,68 3
73304 4159.500000 451.500000 ,86 3 ,83 4 ,79 3 ,81 5 ,41 2 ,99 1
74065 4183.500000 433.500000 ,42 4 ,15 1 ,71 1 ,90 5
77228 4164.000000 426.000000 ,18 3 ,28 1 ,1 4 ,92 3
84455 4183.500000 420.000000 ,8 2
89332 4153.500000 414.000000 ,91 4 ,80 2 ,57 1 ,29 5
91336 4192.500000 426.000000 ,85 1
95962 4150.500000 414.000000 ,82 5 ,83 3 ,0 5 ,33 5 ,1 1 ,76 2
98033 4194.000000 454.500000 ,82 5 ,66 1 ,70 3 ,26 2 ,99 4
