40 3384.000000 1101.000000 ,92 2
875 3411.000000 1095.000000 ,27 2 ,89 3 ,28 1
5650 3384.000000 1084.500000 ,38 4 ,24 4
6200 3396.000000 1071.000000 ,75 5
6248 3393.000000 1080.000000 ,70 1 ,74 3 ,77 3 ,89 3 ,63 1 ,59 4
8547 3403.500000 1063.500000 ,43 5 ,88 3
21541 3400.500000 1062.000000 ,83 1 ,7 4 ,80 1 ,8 3 ,31 1
22889 3379.500000 1074.000000 ,3 4 ,77 1 ,93 3 ,63 3
23443 3399.000000 1090.500000 ,31 4 ,18 1 ,69 5 ,51 1
25321 3427.500000 1101.000000 ,99 3 ,34 1 ,39 3 ,53 2
26647 3427.500000 1062.000000 ,62 3 ,72 4 ,34 2 ,90 2
33144 3376.500000 1083.000000 ,73 1 ,79 5 ,52 4
36634 3427.500000 1074.000000 ,58 1
38063 3406.500000 1078.500000 ,51 1 ,72 4 ,1 2
46508 3390.000000 1074.000000 ,96 3
49972 3376.500000 1062.000000 ,29 4 ,28 4 ,88 3 ,19 5 ,42 2 ,82 3
60533 3408.000000 1096.500000 ,14 5 ,42 2
73857 3382.500000 1101.000000 ,39 5 ,52 5 ,89 4
74147 3426.000000 1090.500000 ,68 4 ,76 1 ,5 3
79198 3397.500000 1095.000000 ,53 4 ,60 1
87088 3405.000000 1071.000000 ,88 4 ,10 2 ,87 1
87787 3390.000000 1072.500000 ,97 2 ,65 4 ,32 5 ,76 1 ,71 2
88935 3405.000000 1075.500000 ,95 2 ,64 1 ,45 5 ,51 3
97618 3397.500000 1068.000000 ,95 4 ,41 1 ,27 2 ,90 1
99097 3426.000000 1057.500000 ,25 1 ,44 5 ,11 4 ,64 3 ,53 3
99843 3387.000000 1054.500000 ,57 4 ,7 2 ,27 4 ,52 3 ,2 1
