10261 3876.000000 1903.500000 ,16 3 ,43 3 ,21 4 ,35 4 ,75 2 ,1 4
10616 3841.500000 1884.000000 ,38 3 ,34 1 ,76 3
13315 3877.500000 1878.000000 ,46 1 ,10 1 ,7 2
31170 3868.500000 1914.000000 ,41 4 ,17 4 ,57 5
31738 3837.000000 1921.500000 ,16 2 ,63 2 ,34 4 ,86 4 ,38 4 ,74 1
36863 3874.500000 1879.500000 ,7 4 ,10 3 ,82 1
48520 3870.000000 1903.500000 ,72 5 ,60 2 ,10 2
51833 3877.500000 1878.000000 ,19 3 ,18 4
59006 3864.000000 1903.500000 ,39 3 ,80 4 ,84 1 ,41 2
65476 3853.500000 1879.500000 ,29 4 ,91 2 ,31 3
68801 3865.500000 1956.000000 ,10 3
70547 3835.500000 1914.000000 ,2 1 ,30 5
72917 3835.500000 1918.500000 ,84 2
74090 3877.500000 1929.000000 ,36 1 ,1 1 ,60 3
79853 3829.500000 1914.000000 ,28 4 ,66 1 ,97 2 ,14 1 ,39 5 ,13 3
80513 3831.000000 1911.000000 ,70 1 ,97 5 ,25 2
82223 3858.000000 1923.000000 ,79 2 ,93 3 ,65 1 ,39 4 ,30 4 ,15 2
86709 3829.500000 1915.500000 ,4 5 ,16 5 ,86 3 ,88 3 ,70 5 ,6 2
87835 3835.500000 1875.000000 ,93 3 ,6 1 ,39 2 ,87 3
90549 3840.000000 1897.500000 ,68 5 ,35 2 ,55 3 ,61 5 ,4 4
94270 3852.000000 1930.500000 ,93 2 ,41 5 ,65 4 ,52 3
94402 3840.000000 1870.500000 ,91 4 ,54 5 ,37 1 ,83 2 ,56 4 ,3 2
95040 3858.000000 1888.500000 ,35 2 ,80 1 ,63 5 ,9 5
96603 3855.000000 1888.500000 ,34 5
96869 3849.000000 1912.500000 ,94 5 ,86 2 ,0 4
97020 3838.500000 1882.500000 ,4 3 ,25 3
