4310 34.500000 2359.500000 ,63 1 ,91 1 ,27 4 ,80 2
8527 45.000000 2406.000000 ,57 4 ,17 2 ,91 4 ,27 4 ,68 5
11249 52.500000 2397.000000 ,18 4 ,43 2 ,68 4
19115 57.000000 2382.000000 ,6 5 ,42 3
20318 27.000000 2391.000000 ,34 3
20992 36.000000 2367.000000 ,2 5
23498 81.000000 2386.500000 ,49 5 ,97 3 ,13 3
26063 91.500000 2376.000000 ,44 1 ,37 4 ,67 1 ,68 5 ,92 3
26322 87.000000 2377.500000 ,53 3 ,88 1
26609 22.500000 2400.000000 ,73 3 ,92 1 ,44 1 ,95 4
32981 63.000000 2356.500000 ,95 4 ,74 4
36211 76.500000 2389.500000 ,56 4 ,88 4 ,31 5 ,34 4 ,92 3 ,82 3
38280 28.500000 2403.000000 ,53 4 ,43 5
45970 52.500000 2395.500000 ,85 1 ,69 1 ,66 5 ,37 1 ,29 3 ,57 3
48378 58.500000 2404.500000 ,0 3 ,19 3
53673 52.500000 2398.500000 ,99 2
62253 63.000000 2362.500000 ,36 5
64123 84.000000 2370.000000 ,59 4
65797 100.500000 2379.000000 ,29 2 ,16 1 ,50 5 ,22 1 ,72 3 ,13 5
66103 30.000000 2401.500000 ,1 5 ,23 1 ,20 3 ,17 2 ,66 3
68481 103.500000 2391.000000 ,73 5
69383 72.000000 2359.500000 ,10 2
75450 22.500000 2385.000000 ,50 5
77302 55.500000 2373.000000 ,44 3 ,52 3 ,34 3 ,62 5
79662 108.000000 2355.000000 ,57 3 ,34 3 ,61 4
79769 61.500000 2403.000000 ,49 3
80712 25.500000 2356.500000 ,54 5 ,18 1 ,88 4 ,44 1
91301 7.500000 2394.000000 ,32 2 ,84 5 ,53 3 ,3 5 ,26 2 ,58 3
91521 45.000000 2388.000000 ,33 5 ,56 3 ,0 4 ,63 2 ,26 5
93385 13.500000 2379.000000 ,69 3 ,27 5 ,3 4 ,4 5 ,22 5 ,76 3
93407 91.500000 2380.500000 ,44 2
98378 108.000000 2398.500000 ,23 4 ,58 1 ,86 4 ,64 4
99483 90.000000 2392.500000 ,19 3 ,2 3 ,41 1 ,79 4 ,84 1
