990 586.500000 2889.000000 ,43 1 ,3 4 ,7 4 ,15 1 ,80 2
5919 588.000000 2851.500000 ,45 5 ,65 5 ,38 5 ,1 5 ,85 4
10992 591.000000 2872.500000 ,26 5 ,38 1 ,42 2 ,58 4 ,61 1 ,93 5
16306 540.000000 2851.500000 ,28 3 ,26 2 ,96 2 ,16 5
16474 576.000000 2883.000000 ,38 2 ,13 3
16678 520.500000 2848.500000 ,12 1 ,45 1 ,44 2
18178 592.500000 2887.500000 ,38 4 ,92 3 ,83 2
19223 550.500000 2845.500000 ,76 1 ,98 5 ,27 4 ,45 5 ,41 3
33734 577.500000 2889.000000 ,73 2 ,99 5 ,82 4 ,52 5
35653 522.000000 2880.000000 ,69 3 ,6 5
49559 579.000000 2854.500000 ,42 2 ,99 5 ,47 3
53672 580.500000 2877.000000 ,57 2 ,39 2 ,12 3 ,32 2
57478 562.500000 2844.000000 ,17 3 ,77 4 ,91 1 ,25 4 ,2 5 ,67 1
58259 594.000000 2851.500000 ,34 5 ,18 1 ,8 3 ,99 3 ,7 4 ,39 2
65346 586.500000 2853.000000 ,23 4
67706 549.000000 2856.000000 ,26 5 ,13 4 ,22 4
70604 547.500000 2848.500000 ,57 3 ,50 1 ,40 2 ,68 2 ,22 1 ,31 3
70953 570.000000 2842.500000 ,79 4
74663 577.500000 2868.000000 ,70 4 ,33 2 ,5 4 ,68 1 ,93 4 ,47 1
76929 576.000000 2878.500000 ,59 4 ,29 3 ,57 2 ,78 1 ,63 3 ,86 4
81012 576.000000 2842.500000 ,59 5
83231 541.500000 2862.000000 ,47 3 ,93 2 ,50 4
84711 585.000000 2856.000000 ,20 4 ,17 4
88766 534.000000 2851.500000 ,82 5 ,45 3 ,20 1 ,74 1 ,7 4 ,72 3
91024 522.000000 2868.000000 ,58 4 ,49 1 ,41 3 ,28 3 ,42 2
93623 588.000000 2862.000000 ,91 3 ,0 3 ,27 4 ,98 1
93820 525.000000 2862.000000 ,20 2 ,0 2
94182 526.500000 2869.500000 ,59 4 ,71 4 ,77 5
98066 568.500000 2841.000000 ,81 5 ,6 2
