597 2935.500000 1897.500000 ,9 1 ,72 4 ,24 3 ,36 5 ,55 4
7058 2889.000000 1918.500000 ,27 4 ,15 2 ,30 1 ,90 2
8431 2880.000000 1891.500000 ,6 3 ,11 5
17830 2916.000000 1881.000000 ,24 4 ,80 2 ,72 3
19990 2926.500000 1911.000000 ,93 4 ,38 3
21534 2916.000000 1906.500000 ,3 1 ,23 1 ,84 1 ,37 4 ,25 3 ,67 2
22938 2934.000000 1915.500000 ,87 2 ,1 3 ,68 2 ,95 5 ,74 5 ,75 3
45709 2941.500000 1917.000000 ,34 2 ,90 3 ,17 2 ,41 5 ,19 5
48364 2898.000000 1899.000000 ,70 4 ,19 2 ,41 1 ,72 3
50815 2880.000000 1855.500000 ,18 3 ,5 4 ,16 1
51101 2881.500000 1869.000000 ,43 4 ,49 2
55635 2920.500000 1884.000000 ,61 5 ,48 2
58594 2901.000000 1864.500000 ,99 5 ,40 2
71976 2896.500000 1914.000000 ,93 1 ,51 2 ,18 3
72244 2899.500000 1903.500000 ,5 4 ,36 3
74492 2929.500000 1899.000000 ,78 3
82245 2914.500000 1870.500000 ,63 2 ,34 1 ,21 3 ,99 5 ,96 1 ,12 4
85348 2899.500000 1896.000000 ,61 3
85866 2934.000000 1872.000000 ,47 4 ,89 3 ,55 4 ,3 1 ,34 4 ,24 5
85918 2881.500000 1915.500000 ,4 3 ,86 1 ,32 3
88669 2914.500000 1926.000000 ,11 4 ,33 1 ,95 3
89419 2880.000000 1879.500000 ,11 5 ,19 2 ,97 4 ,3 2
92844 2932.500000 1918.500000 ,82 2 ,27 3 ,74 2 ,83 1 ,56 5
95343 2925.000000 1863.000000 ,98 5 ,6 4 ,61 1 ,96 4
97498 2940.000000 1897.500000 ,27 4 ,66 5 ,73 4 ,90 1
