3230 900.000000 391.500000 ,37 1 ,92 3
8374 883.500000 393.000000 ,92 4 ,46 4 ,40 1 ,99 5 ,59 3
16425 907.500000 393.000000 ,31 4
17004 885.000000 399.000000 ,93 1 ,22 3
20264 850.500000 420.000000 ,97 5 ,91 2 ,71 5
24368 876.000000 396.000000 ,67 1 ,13 3
25241 862.500000 412.500000 ,46 1
25789 870.000000 417.000000 ,54 3 ,3 3 ,20 2 ,81 2 ,70 3 ,32 2
28827 895.500000 415.500000 ,97 4 ,78 4 ,45 5 ,62 3 ,34 3
30777 909.000000 414.000000 ,22 5 ,99 1 ,33 5 ,15 4 ,59 2 ,11 2
33177 883.500000 394.500000 ,64 5 ,92 3 ,88 4 ,98 4 ,50 5
35032 912.000000 394.500000 ,30 2 ,40 3 ,13 1 ,21 4 ,37 1
39270 901.500000 403.500000 ,54 2 ,47 2 ,6 3 ,43 4
39958 912.000000 421.500000 ,75 4 ,9 1 ,96 1
61128 864.000000 424.500000 ,83 5 ,92 5 ,27 3 ,21 3 ,93 5
63802 913.500000 387.000000 ,33 1 ,67 1
67636 874.500000 427.500000 ,0 3 ,62 3 ,47 4 ,87 3 ,44 1
70353 889.500000 394.500000 ,46 1
72154 856.500000 408.000000 ,86 4 ,61 3 ,9 4 ,87 3 ,52 4
75513 853.500000 393.000000 ,50 1 ,63 5
85257 891.000000 388.500000 ,95 5 ,20 2 ,23 4
85517 894.000000 429.000000 ,88 2 ,21 1 ,38 2 ,25 3 ,28 1
88732 862.500000 397.500000 ,31 3
89548 889.500000 421.500000 ,28 2 ,40 2
90269 856.500000 421.500000 ,24 3 ,94 1 ,41 1 ,83 2
90506 859.500000 411.000000 ,69 5
91692 864.000000 423.000000 ,52 2 ,30 2 ,80 3 ,59 3 ,71 5
96035 904.500000 385.500000 ,83 1 ,46 4 ,9 4
