12782 2436.000000 451.500000 ,38 1 ,5 1 ,61 2
13026 2445.000000 445.500000 ,9 1
13908 2427.000000 462.000000 ,58 4 ,98 1 ,12 3 ,64 3
19497 2434.500000 442.500000 ,28 5 ,75 5 ,96 1 ,24 5
20372 2397.000000 432.000000 ,36 4 ,84 2 ,32 4
28574 2415.000000 471.000000 ,32 2 ,81 4 ,70 5
40860 2403.000000 442.500000 ,92 1 ,3 5 ,29 4
45250 2425.500000 441.000000 ,33 4 ,36 3 ,5 3 ,86 2 ,30 4 ,0 3
47454 2394.000000 468.000000 ,85 3
47647 2439.000000 462.000000 ,24 2 ,1 4 ,74 4
49803 2392.500000 436.500000 ,84 5 ,1 3 ,78 5 ,60 2 ,27 1
53675 2386.500000 430.500000 ,73 1 ,55 5
58612 2430.000000 444.000000 ,38 5 ,43 4 ,17 3 ,21 1
65562 2403.000000 451.500000 ,14 3
66596 2386.500000 466.500000 ,96 3
72736 2431.500000 457.500000 ,11 5 ,23 5 ,46 3 ,25 2 ,62 3 ,55 1
76168 2389.500000 457.500000 ,96 4 ,27 3
76936 2415.000000 433.500000 ,12 4 ,57 2 ,50 3 ,14 4 ,92 2
81334 2425.500000 451.500000 ,57 4 ,68 4 ,48 5 ,35 2 ,83 1 ,55 4
89716 2451.000000 447.000000 ,39 4 ,80 4 ,49 2 ,55 1 ,99 3 ,11 3
91241 2433.000000 442.500000 ,61 4
