271 375.000000 715.500000 ,69 2 ,36 3 ,63 2 ,86 5 ,41 2
2885 391.500000 672.000000 ,70 4
6017 391.500000 651.000000 ,35 2 ,84 4 ,47 4 ,95 2 ,42 1
9306 381.000000 667.500000 ,35 5 ,39 3 ,68 1 ,29 2 ,48 3
9835 387.000000 708.000000 ,66 3 ,8 5 ,39 5 ,45 5 ,88 2
10828 375.000000 640.500000 ,77 2
12752 381.000000 684.000000 ,52 4 ,38 1 ,36 5 ,42 1
16228 369.000000 697.500000 ,73 2 ,24 2 ,44 5 ,98 1
17690 366.000000 706.500000 ,99 4
19556 373.500000 669.000000 ,7 2 ,96 3
24278 361.500000 652.500000 ,7 2 ,70 2 ,87 5 ,54 1 ,60 4 ,44 2
24302 390.000000 666.000000 ,65 4 ,20 3 ,18 3 ,81 1 ,47 1
32458 390.000000 691.500000 ,19 4 ,0 4 ,93 3 ,28 1 ,40 2
35330 367.500000 685.500000 ,36 3
36236 388.500000 634.500000 ,28 3 ,80 3 ,43 3
39674 360.000000 633.000000 ,73 3 ,45 5 ,65 5 ,99 4 ,93 1 ,89 4
41267 394.500000 634.500000 ,16 1 ,76 5 ,81 4 ,77 4
41469 370.500000 691.500000 ,47 1 ,94 1 ,25 3 ,77 3
49996 375.000000 687.000000 ,19 1 ,84 3 ,83 4 ,94 1 ,61 5 ,58 3
51297 358.500000 646.500000 ,55 5 ,2 2
54332 397.500000 694.500000 ,33 5 ,40 1
55455 363.000000 651.000000 ,20 1 ,63 3 ,93 5 ,96 3 ,76 2
57224 370.500000 712.500000 ,53 1 ,48 2
60015 387.000000 681.000000 ,69 3 ,82 5 ,51 3 ,36 5 ,11 3
60924 367.500000 711.000000 ,31 1 ,10 2 ,40 4
63156 378.000000 660.000000 ,23 4 ,26 1 ,51 4 ,39 2 ,84 4 ,58 5
68923 358.500000 664.500000 ,4 5
78411 366.000000 643.500000 ,9 4
79063 378.000000 669.000000 ,53 2 ,92 2 ,25 3 ,60 4 ,79 2 ,54 2
81928 382.500000 633.000000 ,82 3 ,25 3
82607 396.000000 648.000000 ,11 1 ,87 3 ,73 3
98509 372.000000 670.500000 ,18 4 ,45 3 ,21 5 ,17 2
