3815 2938.500000 1210.500000 ,6 1
4424 2922.000000 1201.500000 ,27 2 ,33 3 ,2 3 ,37 5 ,46 2 ,4 2
9528 2914.500000 1206.000000 ,28 4 ,59 1
12997 2926.500000 1240.500000 ,8 3 ,22 3 ,83 4
15711 2880.000000 1249.500000 ,0 1 ,40 2
17385 2916.000000 1215.000000 ,32 5
17516 2917.500000 1227.000000 ,47 4 ,19 2 ,98 1 ,51 3 ,33 2 ,10 4
21602 2928.000000 1245.000000 ,17 4 ,36 5 ,73 4 ,61 3 ,65 4 ,53 3
23638 2937.000000 1249.500000 ,67 3 ,94 3
44039 2929.500000 1245.000000 ,83 5 ,47 3 ,64 5 ,39 3
44199 2919.000000 1243.500000 ,96 2
50555 2920.500000 1222.500000 ,86 2 ,26 5 ,30 3 ,43 4 ,56 5
58346 2913.000000 1215.000000 ,63 3 ,89 5 ,18 2 ,45 1
60129 2913.000000 1236.000000 ,75 3 ,90 5 ,0 4 ,67 4 ,28 5 ,22 5
60944 2908.500000 1243.500000 ,40 3 ,72 1
62761 2887.500000 1242.000000 ,58 5 ,84 5 ,55 1 ,74 5 ,56 1
75844 2881.500000 1228.500000 ,73 2 ,57 1 ,29 3 ,33 4 ,76 2
76635 2916.000000 1227.000000 ,42 2 ,82 4
77071 2935.500000 1231.500000 ,54 5 ,12 3 ,1 2
93040 2938.500000 1234.500000 ,53 1 ,29 4
94810 2926.500000 1230.000000 ,12 2 ,29 3
95819 2902.500000 1222.500000 ,76 3 ,98 3 ,49 2 ,92 4
98511 2911.500000 1233.000000 ,33 2 ,13 1 ,96 2 ,63 5 ,47 5 ,4 2
