9589 1891.500000 2560.500000 ,20 1 ,24 1 ,21 1 ,8 2 ,13 1
10297 1851.000000 2538.000000 ,37 2 ,59 5 ,54 1
13119 1852.500000 2541.000000 ,12 1 ,68 2 ,16 5 ,71 4 ,23 2 ,46 5
14925 1882.500000 2545.500000 ,80 1 ,37 1 ,48 4 ,73 1
16138 1878.000000 2529.000000 ,10 1 ,68 2
20138 1867.500000 2547.000000 ,75 4
23875 1840.500000 2530.500000 ,59 3 ,5 1 ,60 4 ,10 5 ,38 5 ,66 3
25766 1906.500000 2517.000000 ,39 3 ,74 2 ,36 1 ,86 5
28973 1876.500000 2575.500000 ,55 1 ,67 1 ,60 4 ,26 5
29601 1900.500000 2535.000000 ,49 3 ,83 1 ,44 5
33868 1861.500000 2551.500000 ,27 4 ,62 4 ,43 4 ,55 1 ,11 3 ,1 2
34783 1893.000000 2520.000000 ,4 3 ,8 2 ,84 3 ,40 3 ,33 3 ,72 2
35861 1878.000000 2521.500000 ,35 2
38021 1852.500000 2569.500000 ,50 5 ,32 1 ,85 4
43556 1851.000000 2539.500000 ,23 5
49402 1869.000000 2574.000000 ,49 5 ,63 2 ,72 1 ,2 4
49993 1899.000000 2565.000000 ,82 2 ,89 4 ,88 2 ,32 4 ,16 5
55955 1842.000000 2560.500000 ,18 1 ,43 5 ,34 1 ,85 5 ,72 1
56119 1837.500000 2566.500000 ,65 3 ,2 2 ,43 4 ,64 4
58148 1897.500000 2532.000000 ,59 5 ,56 2
66839 1899.000000 2559.000000 ,21 1 ,38 1 ,14 4 ,71 4 ,42 4 ,91 5
67277 1908.000000 2560.500000 ,98 4 ,88 1
69576 1881.000000 2515.500000 ,9 2
78163 1876.500000 2515.500000 ,15 4
80216 1884.000000 2547.000000 ,46 2 ,24 2 ,81 2 ,92 3 ,23 2
87193 1872.000000 2554.500000 ,73 1 ,58 5 ,36 5 ,74 5 ,60 5 ,18 4
87801 1848.000000 2524.500000 ,47 3 ,98 4 ,97 5 ,16 2 ,15 4 ,38 5
92375 1860.000000 2554.500000 ,10 4
97979 1849.500000 2581.500000 ,24 1 ,56 4
98449 1863.000000 2580.000000 ,0 5
