71 949.500000 2584.500000 ,4 4 ,81 2 ,58 3 ,75 4
558 898.500000 2548.500000 ,82 1 ,33 3 ,58 4 ,74 5 ,59 3 ,48 3
939 927.000000 2560.500000 ,29 5 ,14 4 ,2 2 ,7 1
6721 934.500000 2526.000000 ,29 5 ,66 4 ,45 1 ,51 1 ,67 3 ,3 5
8016 915.000000 2547.000000 ,30 4 ,76 4 ,81 4 ,65 3
15155 939.000000 2583.000000 ,55 4 ,33 5 ,94 4
16769 949.500000 2542.500000 ,10 5 ,87 2 ,97 5 ,43 5
17162 922.500000 2584.500000 ,1 5
19693 888.000000 2524.500000 ,71 1 ,37 2 ,75 1 ,98 1
20247 946.500000 2569.500000 ,58 4 ,62 1 ,81 1 ,77 2 ,49 3 ,23 4
21622 912.000000 2539.500000 ,96 4 ,86 1 ,27 1
22898 931.500000 2580.000000 ,82 1
23371 924.000000 2530.500000 ,36 2 ,94 1 ,23 2
29237 943.500000 2536.500000 ,71 4 ,41 4 ,48 3
35400 892.500000 2581.500000 ,83 5 ,73 2 ,37 1 ,71 1 ,10 5
36958 936.000000 2536.500000 ,34 3
38291 885.000000 2559.000000 ,35 3 ,9 1 ,92 1 ,96 2
40827 936.000000 2521.500000 ,52 2 ,88 1 ,93 2 ,45 2 ,47 4
45397 897.000000 2502.000000 ,32 4 ,7 4 ,55 4
45484 940.500000 2577.000000 ,92 3 ,93 5 ,19 2
46008 889.500000 2517.000000 ,37 1 ,21 5
51576 901.500000 2560.500000 ,88 3 ,15 5 ,58 2 ,25 4 ,6 4 ,55 3
57752 934.500000 2511.000000 ,32 3 ,60 4 ,77 3
60989 949.500000 2523.000000 ,37 2 ,22 5 ,17 2 ,14 1 ,55 5 ,99 5
64816 904.500000 2526.000000 ,7 2
65992 915.000000 2514.000000 ,75 3 ,36 4 ,64 5
67375 943.500000 2521.500000 ,99 4 ,86 2 ,19 3
69306 919.500000 2539.500000 ,7 4 ,0 3 ,48 3 ,71 5 ,43 1 ,11 4
70920 924.000000 2560.500000 ,24 2 ,84 4 ,97 3 ,70 3 ,89 2
71158 951.000000 2505.000000 ,85 5 ,41 3
73996 943.500000 2539.500000 ,20 5 ,48 2 ,99 4 ,3 1
81287 949.500000 2560.500000 ,68 1
82466 888.000000 2566.500000 ,95 3 ,18 5 ,96 5 ,75 5 ,87 4 ,48 5
83187 936.000000 2530.500000 ,83 1 ,48 5 ,84 1 ,47 4 ,30 3
85086 919.500000 2571.000000 ,36 4 ,17 4 ,8 5 ,14 4
85623 921.000000 2499.000000 ,51 3 ,58 5 ,91 4 ,1 5
92083 933.000000 2526.000000 ,36 3 ,68 4 ,96 5 ,20 2 ,35 2 ,50 4
94454 913.500000 2517.000000 ,15 1 ,85 3
98569 937.500000 2587.500000 ,32 5 ,9 2 ,71 2
98904 889.500000 2557.500000 ,5 2 ,96 5 ,18 4 ,36 1
