5547 1146.000000 1384.500000 ,65 4 ,89 2
7176 1131.000000 1378.500000 ,21 5 ,85 3 ,68 4 ,49 1
8685 1162.500000 1348.500000 ,24 2 ,89 3
9637 1147.500000 1338.000000 ,76 4 ,59 3
9816 1131.000000 1365.000000 ,83 2 ,35 3 ,31 5 ,4 2
9957 1146.000000 1390.500000 ,86 1 ,46 3 ,59 5 ,71 2 ,21 1
13350 1126.500000 1389.000000 ,37 3 ,0 4 ,38 1 ,73 4
15088 1140.000000 1362.000000 ,94 4 ,34 3 ,95 3 ,29 2 ,59 4 ,10 2
24807 1137.000000 1347.000000 ,50 2 ,99 4 ,24 4 ,61 5 ,12 3 ,94 5
35820 1152.000000 1389.000000 ,41 5 ,58 2 ,14 3
45858 1158.000000 1357.500000 ,62 5 ,87 2 ,68 2 ,23 2
46152 1164.000000 1381.500000 ,24 2 ,11 4
60294 1128.000000 1345.500000 ,60 2 ,40 2 ,85 5 ,21 3
62876 1156.500000 1384.500000 ,69 4 ,19 5 ,89 1 ,36 5 ,14 5
68320 1141.500000 1344.000000 ,81 3 ,71 4 ,15 4
69192 1128.000000 1341.000000 ,34 3 ,15 5 ,92 4 ,22 1 ,99 2 ,24 5
69399 1164.000000 1378.500000 ,96 5 ,2 1 ,80 4
72384 1167.000000 1347.000000 ,67 5 ,45 5 ,76 5 ,60 3 ,46 2 ,1 5
76465 1165.500000 1338.000000 ,52 1 ,13 1 ,61 2 ,28 2 ,78 4 ,4 5
80626 1150.500000 1374.000000 ,50 1 ,11 2 ,46 3 ,7 5
85183 1137.000000 1387.500000 ,84 5 ,11 1 ,31 1 ,53 2 ,93 1
85186 1132.500000 1357.500000 ,48 1 ,38 4 ,6 4 ,68 3 ,64 5
86446 1140.000000 1353.000000 ,21 4 ,71 1
