5014 2905.500000 2067.000000 ,44 4 ,84 2 ,9 3
5828 2892.000000 2077.500000 ,60 3 ,72 3 ,98 3 ,99 4 ,56 3 ,3 4
11198 2958.000000 2082.000000 ,72 2 ,81 3 ,60 1 ,38 1
13376 2959.500000 2104.500000 ,94 2 ,0 3 ,8 2 ,25 1
17904 2964.000000 2109.000000 ,17 5 ,56 5 ,86 3 ,78 3 ,36 3
20072 2928.000000 2068.500000 ,45 3
23390 2952.000000 2073.000000 ,79 1 ,36 5 ,12 2
28689 2965.500000 2089.500000 ,66 5 ,6 3 ,30 4 ,55 1 ,20 5 ,5 1
36665 2952.000000 2110.500000 ,89 4 ,31 1 ,79 1
37971 2944.500000 2110.500000 ,4 5 ,96 2 ,29 4 ,19 3
39452 2938.500000 2112.000000 ,72 2 ,16 4 ,13 1 ,5 4 ,73 2 ,18 5
40254 2934.000000 2077.500000 ,31 5 ,61 2 ,90 3 ,26 4 ,44 5 ,46 5
44891 2904.000000 2116.500000 ,81 2 ,73 3 ,59 1
47058 2953.500000 2094.000000 ,40 5 ,89 5
49587 2910.000000 2079.000000 ,42 4 ,98 1 ,58 3 ,77 2 ,62 3
51905 2904.000000 2088.000000 ,69 3 ,41 4
52328 2943.000000 2082.000000 ,53 2 ,73 3 ,39 2 ,47 1
52763 2949.000000 2098.500000 ,12 1 ,70 4
61710 2910.000000 2103.000000 ,94 2 ,66 3 ,11 4 ,2 2
66599 2907.000000 2076.000000 ,25 5
67373 2953.500000 2080.500000 ,80 2 ,74 1 ,51 3 ,17 2 ,19 4 ,7 1
69570 2890.500000 2068.500000 ,27 4 ,78 5 ,1 2 ,98 4 ,85 1 ,91 3
72754 2890.500000 2085.000000 ,19 2 ,99 4 ,24 3 ,71 3 ,2 3 ,43 4
76242 2884.500000 2095.500000 ,76 2 ,89 4 ,27 4
76727 2940.000000 2088.000000 ,92 4 ,94 2 ,16 1 ,59 2 ,30 2 ,73 3
78940 2923.500000 2110.500000 ,62 5 ,38 5
82240 2887.500000 2103.000000 ,82 5 ,63 4 ,76 4 ,17 4 ,91 2 ,43 5
85472 2929.500000 2080.500000 ,50 4 ,49 5
87336 2901.000000 2088.000000 ,49 3 ,2 2 ,18 1
93772 2965.500000 2061.000000 ,97 4 ,32 1 ,84 4 ,67 1 ,74 3
98918 2949.000000 2097.000000 ,74 5 ,84 3 ,25 1 ,3 4 ,89 4
