6550 2314.500000 2388.000000 ,97 5 ,65 4
10981 2323.500000 2361.000000 ,10 2 ,65 1 ,25 2 ,97 1
14664 2301.000000 2358.000000 ,0 5
23909 2311.500000 2380.500000 ,46 1 ,90 4 ,3 2 ,18 3
24285 2308.500000 2361.000000 ,74 5 ,21 4 ,43 4 ,41 5 ,32 1
25337 2341.500000 2380.500000 ,75 3 ,52 1 ,80 2
29546 2331.000000 2383.500000 ,54 5 ,97 2 ,40 4 ,79 1 ,6 2 ,78 1
36770 2334.000000 2398.500000 ,23 3 ,79 2 ,65 3 ,84 2
39177 2322.000000 2379.000000 ,15 3 ,37 5 ,11 2 ,82 3
41122 2298.000000 2344.500000 ,8 4 ,50 5 ,32 5 ,16 5 ,0 4
47838 2340.000000 2343.000000 ,87 1 ,68 3 ,52 3
49354 2301.000000 2364.000000 ,7 1 ,78 1 ,0 4 ,3 4 ,19 1
50449 2332.500000 2358.000000 ,22 5 ,82 3
53096 2275.500000 2341.500000 ,71 3 ,38 1 ,64 2
53126 2278.500000 2391.000000 ,6 4
56583 2293.500000 2347.500000 ,21 2 ,24 1
60412 2325.000000 2337.000000 ,32 5 ,58 2
85493 2313.000000 2337.000000 ,45 1 ,78 4 ,95 2
92543 2313.000000 2389.500000 ,66 1 ,67 2 ,16 5
95665 2337.000000 2397.000000 ,99 4 ,45 2
96961 2328.000000 2361.000000 ,76 3 ,23 3 ,72 5 ,37 4
97187 2316.000000 2382.000000 ,17 4 ,60 2 ,56 3
