885 2289.000000 477.000000 ,48 3 ,10 5
1185 2287.500000 469.500000 ,48 3 ,58 2
1655 2278.500000 450.000000 ,92 1 ,11 1 ,83 5 ,54 4
4525 2320.500000 450.000000 ,96 3
17797 2274.000000 481.500000 ,77 3 ,94 1 ,69 4
29877 2281.500000 459.000000 ,91 2 ,14 5 ,54 1 ,39 5 ,13 4
30397 2302.500000 472.500000 ,44 5 ,28 3
30916 2278.500000 454.500000 ,95 3 ,37 5
35763 2323.500000 481.500000 ,31 1 ,50 5 ,64 3 ,57 1 ,76 3 ,40 3
37464 2301.000000 463.500000 ,51 2 ,69 2 ,36 5 ,95 4 ,13 2 ,93 3
49041 2293.500000 451.500000 ,61 1 ,59 3 ,1 1 ,68 3 ,7 3 ,98 1
52646 2277.000000 456.000000 ,44 3 ,93 2 ,81 5 ,91 5
53388 2292.000000 460.500000 ,79 4 ,53 5
59824 2299.500000 465.000000 ,39 3 ,5 5
60501 2299.500000 465.000000 ,60 3 ,99 4
61849 2317.500000 478.500000 ,7 3 ,27 2
67244 2284.500000 439.500000 ,8 3 ,32 3 ,99 4 ,42 5 ,91 3
67298 2275.500000 480.000000 ,96 4 ,10 4 ,41 1
68182 2314.500000 436.500000 ,34 1 ,40 4 ,5 3
71368 2310.000000 432.000000 ,85 5 ,68 3 ,53 2 ,81 4 ,70 2 ,32 5
79970 2302.500000 438.000000 ,46 3 ,26 2
83862 2325.000000 481.500000 ,46 3 ,74 2 ,0 3 ,2 3 ,55 4 ,96 4
87218 2272.500000 454.500000 ,52 3 ,85 1 ,20 3 ,44 2
91712 2274.000000 436.500000 ,40 2 ,98 5 ,14 3 ,2 1
93081 2280.000000 447.000000 ,81 5
96755 2278.500000 448.500000 ,4 5 ,1 2
97587 2308.500000 451.500000 ,58 1 ,93 5 ,92 4 ,25 2 ,5 2
