1589 4330.500000 198.000000 ,2 1 ,18 5 ,50 4 ,6 2 ,42 2
2975 4329.000000 168.000000 ,42 4 ,85 2 ,51 1
5633 4333.500000 204.000000 ,0 4 ,31 3 ,32 3 ,18 5
6738 4368.000000 163.500000 ,47 1 ,49 1
7295 4357.500000 154.500000 ,87 5 ,90 5
10133 4362.000000 180.000000 ,7 5 ,47 5 ,36 3 ,74 3
11922 4356.000000 231.000000 ,64 2
16020 4321.500000 219.000000 ,22 2 ,15 4 ,61 4 ,94 4
19020 4327.500000 232.500000 ,55 5 ,35 5 ,69 2 ,15 2
20802 4333.500000 204.000000 ,99 4 ,14 3 ,4 5 ,43 1
37048 4353.000000 177.000000 ,30 4 ,9 2 ,85 2
47530 4332.000000 202.500000 ,59 3 ,94 3
54221 4362.000000 226.500000 ,14 4
57837 4324.500000 162.000000 ,73 4 ,32 5 ,36 5
59402 4360.500000 156.000000 ,64 3 ,84 1 ,94 5 ,8 2 ,83 3 ,28 5
60113 4332.000000 177.000000 ,92 1
62385 4338.000000 232.500000 ,16 1
63570 4327.500000 202.500000 ,4 2 ,17 1 ,9 5 ,20 3 ,66 4 ,54 2
69215 4342.500000 235.500000 ,97 4 ,14 3 ,30 1 ,75 3 ,24 5
70464 4360.500000 225.000000 ,20 5 ,77 4 ,93 3
70541 4341.000000 180.000000 ,96 2 ,82 2 ,4 3 ,10 3
71267 4353.000000 205.500000 ,39 2 ,75 1 ,70 3 ,32 3 ,99 3
73451 4350.000000 232.500000 ,66 2 ,75 2 ,35 3 ,78 4 ,59 2 ,49 2
77386 4338.000000 207.000000 ,10 4 ,7 5 ,97 5
81662 4351.500000 186.000000 ,43 5 ,63 5 ,33 5
97914 4339.500000 172.500000 ,74 1
99377 4336.500000 214.500000 ,17 1 ,90 1 ,22 5
