17923 106.500000 757.500000 ,66 3
23230 144.000000 774.000000 ,95 4 ,17 2 ,23 1 ,24 4 ,98 5 ,26 4
23691 147.000000 784.500000 ,72 2 ,67 4 ,78 2 ,1 5 ,58 2 ,2 3
24002 150.000000 786.000000 ,81 2
26523 108.000000 759.000000 ,56 3 ,57 3 ,0 1 ,31 4 ,53 4 ,65 5
32753 153.000000 795.000000 ,16 2
34556 132.000000 742.500000 ,92 5 ,6 3 ,75 4 ,48 5
37789 102.000000 751.500000 ,27 3
42665 126.000000 730.500000 ,74 2 ,79 5
44903 103.500000 787.500000 ,4 1 ,57 2 ,99 3
45048 100.500000 745.500000 ,8 5 ,84 2 ,14 3
46529 132.000000 784.500000 ,10 4 ,61 5 ,79 5 ,6 5 ,30 5
46853 120.000000 741.000000 ,62 1 ,32 5 ,83 2 ,93 1
47017 142.500000 778.500000 ,92 2 ,61 5
57822 126.000000 724.500000 ,43 3 ,30 4
64614 151.500000 750.000000 ,7 2 ,68 5 ,81 2
65871 126.000000 771.000000 ,49 2 ,39 4 ,82 4 ,15 5 ,3 1
68482 115.500000 760.500000 ,32 5 ,4 1 ,73 3 ,95 3
69214 144.000000 738.000000 ,17 4 ,36 1 ,79 5
73026 115.500000 784.500000 ,81 5 ,45 4 ,46 3
73543 111.000000 772.500000 ,29 5 ,92 4 ,20 4 ,1 3 ,10 4 ,72 3
73583 150.000000 733.500000 ,87 2 ,79 3 ,4 1 ,81 1 ,44 5 ,52 3
75856 114.000000 787.500000 ,36 3 ,59 1
77006 109.500000 766.500000 ,28 1 ,68 4 ,9 3
77483 117.000000 739.500000 ,66 5 ,95 5 ,52 3 ,77 5 ,39 2
81384 129.000000 717.000000 ,45 4
82378 112.500000 783.000000 ,11 5 ,26 1
86025 124.500000 748.500000 ,49 2 ,35 4 ,45 4 ,31 4 ,50 3
89769 103.500000 745.500000 ,73 5 ,55 1 ,44 1
95111 154.500000 718.500000 ,84 3 ,43 5 ,65 3 ,5 5
95551 111.000000 783.000000 ,57 3 ,69 2 ,27 1
95844 133.500000 772.500000 ,68 3 ,27 2 ,35 4 ,70 4 ,76 1 ,83 3
