362 3166.500000 2148.000000 ,89 3
795 3208.500000 2104.500000 ,3 5 ,90 1 ,45 4 ,5 4 ,59 4 ,12 2
10989 3159.000000 2115.000000 ,70 4
11557 3214.500000 2115.000000 ,21 1
12913 3193.500000 2146.500000 ,37 2 ,79 1 ,8 4 ,70 3 ,22 3
13504 3207.000000 2113.500000 ,82 2 ,33 4 ,93 1 ,70 5 ,27 5
14528 3163.500000 2106.000000 ,19 3
14544 3201.000000 2154.000000 ,68 5 ,2 5
15402 3169.500000 2154.000000 ,40 2 ,57 4 ,61 5 ,52 1 ,39 2
22411 3190.500000 2100.000000 ,69 2
22554 3213.000000 2158.500000 ,46 3 ,38 4 ,13 3
24139 3163.500000 2151.000000 ,18 3
26139 3162.000000 2139.000000 ,63 4 ,82 1
26486 3166.500000 2125.500000 ,81 5 ,11 4
26955 3187.500000 2118.000000 ,56 2
30742 3195.000000 2142.000000 ,87 3 ,35 5 ,56 3 ,54 4
34247 3204.000000 2136.000000 ,76 4 ,1 1
35909 3169.500000 2122.500000 ,65 4 ,75 1 ,43 2 ,22 4
39429 3172.500000 2119.500000 ,68 3 ,49 3 ,31 3 ,4 1 ,39 4 ,72 1
62550 3190.500000 2148.000000 ,55 2 ,56 2 ,41 1 ,19 5 ,47 5 ,1 3
62760 3196.500000 2118.000000 ,42 2
64917 3195.000000 2154.000000 ,41 5 ,15 2 ,73 3 ,31 1 ,29 4
66753 3210.000000 2154.000000 ,74 3 ,81 2 ,55 3
76683 3183.000000 2106.000000 ,61 4 ,58 3 ,12 3 ,72 1 ,19 4
80851 3211.500000 2143.500000 ,57 1 ,74 3 ,30 4 ,34 4 ,37 5
93481 3186.000000 2157.000000 ,29 2 ,98 5 ,46 5 ,72 5 ,89 1 ,25 2
93936 3195.000000 2128.500000 ,38 1 ,5 1 ,14 1 ,35 5 ,46 3
94865 3199.500000 2122.500000 ,0 2
96249 3183.000000 2121.000000 ,37 4 ,13 3 ,5 3 ,69 2 ,58 4 ,62 4
98443 3160.500000 2143.500000 ,79 3 ,39 5 ,43 4 ,34 3 ,86 1
