2591 1059.000000 1032.000000 ,51 4
8042 1059.000000 993.000000 ,29 4 ,86 2 ,79 4
8338 1045.500000 1024.500000 ,77 1
8402 1072.500000 1051.500000 ,8 1
15704 1077.000000 1065.000000 ,2 2
20061 1041.000000 1008.000000 ,55 4
21008 1042.500000 1066.500000 ,46 5 ,90 4 ,47 2 ,17 1 ,41 4
25497 1068.000000 1027.500000 ,99 4 ,51 3 ,29 5 ,35 2 ,82 4
27376 1039.500000 1011.000000 ,40 1 ,63 3 ,94 2
36074 1057.500000 994.500000 ,92 4 ,73 5 ,99 5
36272 1072.500000 1047.000000 ,34 5 ,28 3 ,70 4 ,6 4
51935 1069.500000 1009.500000 ,22 2 ,91 4 ,3 2 ,4 5 ,41 4 ,62 4
52978 1069.500000 1000.500000 ,63 3 ,78 3 ,16 1
55750 1063.500000 1011.000000 ,49 5 ,69 5 ,84 2 ,0 3
59577 1063.500000 1009.500000 ,17 5
69546 1039.500000 1042.500000 ,78 1 ,6 3 ,74 1
73343 1050.000000 1065.000000 ,61 5 ,55 5 ,84 4
73914 1047.000000 1027.500000 ,98 4 ,1 2 ,85 2 ,30 3 ,60 5 ,74 2
87723 1074.000000 1000.500000 ,59 3
90287 1062.000000 987.000000 ,63 1 ,15 4 ,5 1 ,14 1 ,0 4
92755 1063.500000 1026.000000 ,4 4 ,76 2 ,46 2 ,39 5 ,11 3
93808 1078.500000 1003.500000 ,41 5 ,88 1 ,95 2
95404 1056.000000 1039.500000 ,9 3 ,36 5 ,66 2
98099 1063.500000 1053.000000 ,88 3
