663 4024.500000 861.000000 ,23 2 ,60 4 ,48 1 ,77 4 ,82 3
10027 4051.500000 849.000000 ,98 1 ,38 5
10905 4047.000000 885.000000 ,27 2 ,21 4 ,79 3 ,81 5 ,51 5 ,44 2
13803 4050.000000 852.000000 ,48 1 ,1 3 ,5 1 ,17 1 ,4 4
13989 4069.500000 885.000000 ,3 1 ,25 5 ,23 3
20120 4065.000000 850.500000 ,7 3 ,20 4 ,69 4 ,72 2
20832 4039.500000 861.000000 ,95 3 ,52 2 ,48 2 ,51 5 ,44 3 ,77 5
24585 4078.500000 850.500000 ,60 1
37210 4042.500000 844.500000 ,88 3 ,68 4
45083 4078.500000 853.500000 ,80 3 ,15 2 ,56 3 ,26 1 ,68 4
46594 4069.500000 867.000000 ,81 4 ,48 2
46752 4072.500000 879.000000 ,34 3 ,32 3
48833 4051.500000 847.500000 ,37 3 ,64 3 ,8 5 ,40 4
53389 4059.000000 879.000000 ,88 5 ,91 1 ,19 4 ,45 2 ,84 3 ,58 3
53582 4029.000000 882.000000 ,58 5 ,10 5 ,88 5 ,0 4 ,71 2 ,67 2
54305 4072.500000 837.000000 ,93 3 ,54 4
58834 4027.500000 838.500000 ,77 5
59851 4077.000000 886.500000 ,68 3 ,17 2 ,93 2 ,91 5 ,4 2
60073 4029.000000 847.500000 ,15 4
63047 4029.000000 835.500000 ,85 2 ,7 5 ,4 2 ,52 5 ,5 2
63655 4068.000000 849.000000 ,75 1
65442 4038.000000 865.500000 ,85 3 ,44 5
65878 4078.500000 859.500000 ,98 3 ,65 3 ,37 2
78357 4053.000000 868.500000 ,77 5
80574 4071.000000 850.500000 ,39 5 ,40 5 ,88 1 ,30 1 ,17 1
80979 4024.500000 874.500000 ,40 3 ,80 3 ,23 3 ,48 1 ,45 3 ,4 4
88822 4078.500000 831.000000 ,60 4 ,66 4
