3467 1053.000000 828.000000 ,5 2 ,53 1 ,69 4 ,12 1
7320 1074.000000 814.500000 ,33 4
10858 1059.000000 814.500000 ,55 5
24411 1047.000000 825.000000 ,97 1 ,11 4
26638 1083.000000 867.000000 ,72 3 ,0 3 ,32 1 ,44 3 ,87 4 ,17 1
26936 1087.500000 856.500000 ,46 5 ,78 2 ,72 4 ,83 2 ,47 4
41719 1081.500000 856.500000 ,73 2 ,36 5 ,65 3 ,50 1 ,26 1
42573 1083.000000 828.000000 ,73 4 ,84 4 ,97 4 ,98 5 ,39 5
48078 1051.500000 864.000000 ,34 5 ,86 2 ,46 3
52639 1069.500000 853.500000 ,4 2
59734 1071.000000 841.500000 ,43 5
60241 1045.500000 847.500000 ,33 2 ,99 5
61839 1069.500000 841.500000 ,47 3 ,32 1
64458 1086.000000 864.000000 ,79 1 ,70 5 ,45 2
65791 1041.000000 823.500000 ,52 1
67596 1074.000000 847.500000 ,61 3 ,28 2 ,31 1
68631 1078.500000 856.500000 ,9 5
74267 1051.500000 861.000000 ,73 3 ,1 2 ,21 3 ,83 4 ,49 5
76854 1056.000000 865.500000 ,29 1 ,94 5 ,27 5 ,40 4 ,17 2 ,63 1
83546 1062.000000 862.500000 ,89 2
84445 1075.500000 828.000000 ,63 5 ,66 1 ,92 3 ,44 1 ,40 5
87054 1054.500000 825.000000 ,58 5
87444 1039.500000 861.000000 ,17 2 ,54 3
90592 1086.000000 856.500000 ,43 1 ,26 4 ,22 5 ,36 1 ,45 5
92453 1050.000000 859.500000 ,19 2 ,40 4 ,80 1 ,59 1 ,85 2 ,66 1
96176 1056.000000 820.500000 ,59 5 ,86 4 ,10 1 ,87 2
96388 1084.500000 816.000000 ,55 4 ,62 2 ,36 2
