116 2779.500000 1260.000000 ,53 4 ,21 5 ,93 1 ,89 5 ,62 4
5048 2781.000000 1236.000000 ,33 5 ,90 3 ,81 4 ,97 3
5748 2779.500000 1293.000000 ,78 2 ,28 4 ,11 4 ,77 2 ,56 2
7529 2799.000000 1261.500000 ,95 1 ,64 1 ,2 3 ,8 2 ,12 4
9941 2778.000000 1246.500000 ,45 5 ,17 2 ,62 2 ,73 2
11326 2761.500000 1308.000000 ,38 1 ,27 2 ,52 1 ,76 5 ,44 1
11845 2778.000000 1284.000000 ,26 1 ,27 2 ,54 2 ,55 4
22915 2778.000000 1279.500000 ,29 3 ,50 3 ,46 1 ,19 5
23725 2764.500000 1300.500000 ,9 1 ,58 5 ,24 2 ,15 1 ,78 3
28008 2788.500000 1243.500000 ,7 5 ,89 4 ,84 1 ,48 1 ,59 4
29947 2760.000000 1300.500000 ,1 2 ,7 2 ,71 3
30303 2799.000000 1312.500000 ,32 4 ,40 5 ,58 2 ,51 2 ,3 4 ,85 3
30557 2778.000000 1303.500000 ,57 1 ,40 1 ,54 5 ,4 3
32190 2757.000000 1224.000000 ,42 1 ,66 5 ,65 3 ,84 3 ,48 5
32506 2785.500000 1209.000000 ,17 3 ,61 1 ,50 3 ,78 3 ,49 1 ,35 1
37253 2788.500000 1305.000000 ,54 3
39877 2793.000000 1257.000000 ,63 4 ,8 4 ,7 4 ,13 5 ,45 2
41137 2773.500000 1251.000000 ,20 2 ,30 1 ,92 2 ,81 1 ,54 3 ,96 3
46638 2787.000000 1291.500000 ,91 5 ,84 1
51911 2760.000000 1276.500000 ,39 5
63764 2781.000000 1264.500000 ,89 5 ,38 1 ,13 2 ,91 1 ,52 4 ,75 5
68193 2757.000000 1248.000000 ,65 2 ,24 2 ,18 4
69245 2790.000000 1219.500000 ,15 4 ,79 1 ,11 5 ,68 4 ,46 1
70481 2773.500000 1243.500000 ,29 5 ,11 2 ,18 5 ,24 2
76867 2779.500000 1258.500000 ,55 5 ,80 5 ,90 1 ,53 5 ,61 5 ,56 4
82108 2784.000000 1231.500000 ,20 3 ,63 5 ,22 2 ,3 2 ,70 3
85210 2773.500000 1300.500000 ,77 3 ,76 5 ,67 1 ,80 3
86824 2791.500000 1227.000000 ,67 2
89009 2769.000000 1249.500000 ,75 3
90432 2764.500000 1239.000000 ,94 3 ,56 3 ,30 5 ,23 2
90545 2766.000000 1287.000000 ,81 4 ,50 3 ,8 3 ,84 1 ,32 4
98101 2791.500000 1285.500000 ,46 3
98176 2785.500000 1257.000000 ,13 4
