2917 2127.000000 1440.000000 ,20 2 ,57 1
4860 2145.000000 1435.500000 ,45 2 ,19 2 ,60 1 ,37 1 ,88 1
6663 2140.500000 1416.000000 ,47 4 ,31 2 ,9 4 ,88 5 ,6 3 ,35 4
9250 2112.000000 1443.000000 ,43 4 ,13 5
10391 2110.500000 1464.000000 ,43 4 ,93 2 ,87 4 ,0 4 ,40 3 ,73 3
10832 2100.000000 1455.000000 ,95 5 ,7 4 ,27 1 ,21 4 ,10 2
11782 2121.000000 1459.500000 ,45 5 ,27 2 ,47 5 ,67 5 ,59 4
16346 2115.000000 1396.500000 ,76 3 ,38 4
16486 2118.000000 1393.500000 ,0 3 ,11 2
21412 2148.000000 1392.000000 ,98 3 ,37 4 ,86 1 ,83 1 ,96 3 ,7 1
22491 2100.000000 1410.000000 ,22 2 ,5 4 ,93 1 ,64 3 ,53 5 ,88 5
26868 2103.000000 1392.000000 ,45 3 ,2 2 ,88 3 ,99 3
28631 2113.500000 1392.000000 ,64 5 ,87 5 ,59 4 ,98 1 ,72 4 ,7 2
29711 2137.500000 1408.500000 ,41 1 ,89 5 ,85 4 ,72 5
30427 2097.000000 1414.500000 ,10 2 ,73 2 ,98 5 ,57 2 ,66 4 ,25 5
35583 2101.500000 1455.000000 ,35 2 ,21 5 ,11 1
37275 2124.000000 1438.500000 ,22 2 ,87 3 ,65 3 ,12 2 ,68 1 ,0 1
37696 2104.500000 1459.500000 ,85 2 ,82 2
38220 2137.500000 1432.500000 ,86 3 ,28 4 ,60 1 ,50 4 ,84 2
43108 2133.000000 1450.500000 ,31 3 ,96 4 ,39 2 ,29 4 ,37 1 ,84 4
50051 2128.500000 1392.000000 ,97 3 ,57 5 ,4 4 ,91 3 ,54 2 ,0 5
50737 2137.500000 1420.500000 ,57 3 ,61 2 ,64 1 ,74 2
55723 2137.500000 1461.000000 ,28 4 ,5 4 ,98 1 ,42 4
56909 2103.000000 1464.000000 ,4 5 ,99 2 ,76 2 ,35 5 ,9 4
57485 2104.500000 1441.500000 ,36 1 ,66 5 ,23 4
60883 2092.500000 1402.500000 ,2 1 ,87 5 ,77 4
66546 2101.500000 1443.000000 ,98 5 ,81 5 ,50 5
68132 2151.000000 1401.000000 ,4 2 ,22 2 ,55 5 ,74 5 ,99 3
72575 2121.000000 1404.000000 ,44 1 ,54 1 ,66 2
72731 2122.500000 1447.500000 ,91 5 ,52 1 ,61 5 ,81 4
75332 2151.000000 1464.000000 ,44 5
75958 2115.000000 1461.000000 ,3 5 ,93 2 ,42 1 ,91 1 ,58 3
77438 2137.500000 1420.500000 ,29 5 ,73 3 ,38 2 ,75 2 ,21 3 ,59 4
79179 2143.500000 1452.000000 ,31 2 ,3 1 ,6 4 ,39 1 ,55 4
80517 2140.500000 1419.000000 ,32 4 ,18 3
81087 2149.500000 1449.000000 ,61 4 ,38 2 ,51 2 ,49 1 ,74 1 ,55 2
87174 2130.000000 1465.500000 ,34 2 ,67 5 ,9 5 ,15 4
91105 2139.000000 1461.000000 ,96 4
93697 2110.500000 1467.000000 ,74 3 ,90 5 ,20 1
94838 2124.000000 1405.500000 ,36 1 ,55 1 ,42 2 ,50 5 ,30 4 ,62 5
