3812 163.500000 2038.500000 ,98 1 ,14 5
10565 153.000000 2058.000000 ,99 1
14770 148.500000 2056.500000 ,50 2 ,42 2 ,41 3 ,45 5
17219 147.000000 2055.000000 ,27 1 ,50 3 ,64 4
17990 135.000000 2026.500000 ,87 2
35867 129.000000 2037.000000 ,24 2 ,79 5
37522 130.500000 2043.000000 ,2 5 ,24 2
37734 136.500000 2016.000000 ,64 5 ,42 2 ,93 5
40739 171.000000 2046.000000 ,83 3 ,14 5 ,40 2 ,4 4 ,52 2
41228 127.500000 2058.000000 ,83 3 ,27 5 ,46 3 ,80 5
51619 147.000000 2043.000000 ,9 2 ,69 2
53704 159.000000 2037.000000 ,17 5 ,33 5 ,47 3 ,86 1
55209 129.000000 2049.000000 ,78 4 ,88 1 ,57 3 ,32 5 ,80 5
62201 172.500000 2041.500000 ,74 3 ,2 3 ,98 5 ,27 1 ,87 1 ,25 3
62258 175.500000 2038.500000 ,59 3
63090 165.000000 2055.000000 ,97 4 ,94 1 ,1 4 ,35 3 ,86 1
69330 139.500000 2047.500000 ,3 3 ,27 1 ,54 2 ,82 5 ,66 3
73888 165.000000 2020.500000 ,19 5 ,42 4 ,26 1 ,50 5 ,47 5 ,30 3
74070 126.000000 2011.500000 ,36 4 ,74 4 ,11 3 ,98 1
74125 165.000000 2056.500000 ,14 3
74359 157.500000 2031.000000 ,25 2 ,32 4
74695 129.000000 2028.000000 ,76 2
76609 136.500000 2016.000000 ,21 1 ,60 1 ,98 1 ,79 1
78338 156.000000 2011.500000 ,62 2 ,17 2
83161 168.000000 2022.000000 ,42 5
85732 175.500000 2049.000000 ,37 3
87702 171.000000 2064.000000 ,65 3 ,61 5 ,25 5
91166 138.000000 2028.000000 ,37 5
95207 151.500000 2032.500000 ,81 1 ,86 1
