5715 1293.000000 1843.500000 ,33 1 ,46 5 ,10 4 ,24 2 ,66 1
11286 1297.500000 1864.500000 ,50 1 ,30 3 ,26 4
11592 1324.500000 1905.000000 ,80 1 ,68 2 ,4 3 ,42 1 ,66 5 ,30 4
12216 1308.000000 1837.500000 ,2 3 ,8 1
15844 1321.500000 1843.500000 ,67 5 ,77 3 ,51 4 ,90 2
18314 1288.500000 1882.500000 ,98 4 ,86 5
27734 1303.500000 1897.500000 ,74 4 ,63 2 ,25 4 ,22 1 ,75 5 ,70 5
28527 1288.500000 1851.000000 ,21 1 ,51 3 ,83 5 ,28 4 ,0 1
37341 1303.500000 1906.500000 ,50 2
43262 1293.000000 1918.500000 ,98 4 ,82 4 ,54 1 ,8 5 ,99 4 ,23 2
46699 1290.000000 1840.500000 ,21 5 ,36 1 ,19 5
49942 1285.500000 1882.500000 ,32 1
51210 1305.000000 1864.500000 ,72 1 ,66 5 ,33 4
52965 1284.000000 1893.000000 ,44 2 ,12 4
53998 1288.500000 1852.500000 ,72 4 ,10 4 ,84 1 ,53 2 ,73 5 ,33 4
54150 1281.000000 1900.500000 ,35 5
58776 1302.000000 1917.000000 ,38 4 ,36 4 ,97 1 ,98 5 ,8 4 ,86 1
61139 1287.000000 1857.000000 ,12 5 ,42 5 ,19 2 ,9 5 ,32 3
68070 1296.000000 1912.500000 ,11 2 ,64 5 ,91 5 ,23 5
73655 1312.500000 1873.500000 ,2 5
85479 1297.500000 1878.000000 ,97 5 ,80 1 ,72 2 ,39 5
89794 1306.500000 1837.500000 ,78 4 ,27 3
91185 1287.000000 1893.000000 ,19 4 ,94 5 ,95 4 ,88 3 ,42 3
94385 1297.500000 1924.500000 ,7 3 ,24 5 ,14 1 ,11 3 ,98 2 ,23 5
95180 1299.000000 1881.000000 ,22 1 ,93 4 ,69 1 ,25 3
95682 1315.500000 1846.500000 ,74 3 ,46 2
98215 1327.500000 1890.000000 ,57 1 ,48 5
