1905 2710.500000 2505.000000 ,81 5 ,77 4 ,35 5 ,56 1 ,43 5 ,32 1
10389 2679.000000 2478.000000 ,99 3 ,24 1 ,52 1
16772 2709.000000 2508.000000 ,56 2 ,38 5 ,67 5 ,64 3 ,65 1
17699 2731.500000 2472.000000 ,70 1
26186 2680.500000 2484.000000 ,49 4 ,90 2 ,30 4
26727 2701.500000 2484.000000 ,75 1
26986 2719.500000 2503.500000 ,1 3 ,23 5 ,60 1
28779 2674.500000 2502.000000 ,94 5 ,17 4 ,40 1
31720 2716.500000 2478.000000 ,31 5 ,29 3
43651 2716.500000 2491.500000 ,30 2 ,58 3 ,21 3 ,79 1 ,80 1 ,91 5
46957 2691.000000 2470.500000 ,16 5 ,79 1 ,91 5
59754 2719.500000 2499.000000 ,96 1 ,88 1 ,15 2 ,28 2
65620 2704.500000 2490.000000 ,99 1 ,59 5
67946 2736.000000 2508.000000 ,98 2
73299 2728.500000 2470.500000 ,86 3 ,72 3 ,91 3
73924 2706.000000 2482.500000 ,9 4 ,32 1 ,71 3 ,4 3 ,58 5
75316 2700.000000 2484.000000 ,47 1 ,49 1 ,66 5 ,90 1
79330 2694.000000 2508.000000 ,39 1
89543 2671.500000 2481.000000 ,82 5 ,33 3
93146 2706.000000 2490.000000 ,80 2 ,79 5 ,32 5 ,50 3 ,96 4 ,43 3
96580 2710.500000 2494.500000 ,67 4
96728 2710.500000 2482.500000 ,36 1 ,24 2 ,28 5 ,33 4 ,72 1
99534 2673.000000 2512.500000 ,1 1 ,68 1 ,37 2 ,9 4 ,51 1 ,92 3
