3640 762.000000 774.000000 ,22 5 ,27 3 ,74 5 ,2 4 ,95 2
8216 825.000000 744.000000 ,71 2 ,53 5 ,39 2 ,42 3
9963 805.500000 766.500000 ,97 1 ,29 4
10376 763.500000 772.500000 ,68 3 ,80 4 ,87 2 ,31 2 ,2 3
14268 828.000000 763.500000 ,50 3 ,71 3 ,32 2 ,96 4 ,42 1 ,99 5
17222 762.000000 754.500000 ,85 3 ,49 5 ,29 2
20863 789.000000 778.500000 ,4 3
22511 793.500000 763.500000 ,99 4 ,55 4 ,88 3 ,82 5 ,32 4 ,29 1
24765 783.000000 738.000000 ,9 3 ,52 1 ,23 3 ,60 4 ,90 3 ,79 4
28188 760.500000 735.000000 ,43 4 ,86 3 ,35 5 ,97 1 ,85 4
29156 781.500000 784.500000 ,93 2
32250 765.000000 781.500000 ,84 3
33058 771.000000 753.000000 ,50 2 ,56 5 ,59 4 ,95 5
33873 772.500000 787.500000 ,34 4
34784 816.000000 777.000000 ,85 2 ,4 2
35539 774.000000 775.500000 ,36 2 ,2 4 ,82 4 ,31 5 ,37 5
38211 828.000000 766.500000 ,15 5
38974 771.000000 787.500000 ,3 2 ,34 1 ,27 3 ,49 5 ,0 3 ,4 1
40324 804.000000 774.000000 ,92 4 ,99 1 ,96 5 ,54 3
41047 772.500000 750.000000 ,69 2 ,71 4 ,29 3 ,17 5 ,2 2
42227 757.500000 781.500000 ,6 3 ,52 2 ,50 4
42532 811.500000 730.500000 ,64 3 ,9 2
44459 808.500000 775.500000 ,41 3
46861 814.500000 789.000000 ,47 3 ,35 3
47096 790.500000 747.000000 ,58 4 ,29 1 ,18 1
50727 819.000000 759.000000 ,84 3 ,52 2 ,94 4 ,21 5 ,41 5
51322 804.000000 735.000000 ,86 5 ,53 3 ,73 5 ,97 2 ,94 4
56518 798.000000 738.000000 ,66 3
65264 783.000000 781.500000 ,16 5 ,32 5 ,45 5 ,13 1 ,71 1 ,60 1
65553 823.500000 762.000000 ,9 5 ,90 2 ,94 2 ,99 1 ,84 3 ,53 4
66276 759.000000 759.000000 ,26 2 ,33 2 ,36 1 ,49 1
72998 819.000000 783.000000 ,41 4 ,15 2 ,57 4 ,46 5
77662 768.000000 765.000000 ,72 3 ,36 5 ,44 2 ,28 3 ,96 1 ,54 4
86549 765.000000 771.000000 ,91 4 ,27 4 ,81 1 ,35 2 ,50 4 ,41 4
93394 789.000000 781.500000 ,16 3 ,46 4
97742 796.500000 756.000000 ,68 5 ,50 5 ,40 2
