2237 3478.500000 1366.500000 ,74 1
4922 3475.500000 1359.000000 ,31 4 ,25 1 ,0 5 ,79 2 ,20 5 ,28 2
5533 3435.000000 1408.500000 ,9 4 ,86 4 ,84 2 ,10 4 ,98 1 ,31 4
6399 3460.500000 1389.000000 ,17 2 ,99 5
10000 3442.500000 1378.500000 ,15 2 ,16 5 ,94 5 ,76 3
12118 3480.000000 1390.500000 ,43 3 ,34 4 ,5 2
15329 3433.500000 1377.000000 ,29 3 ,74 2 ,15 3 ,27 1 ,23 2
17014 3426.000000 1405.500000 ,8 2 ,58 5 ,54 4 ,39 4 ,56 5
18746 3471.000000 1402.500000 ,58 2 ,19 3 ,32 2 ,90 1 ,70 1 ,4 2
20305 3426.000000 1383.000000 ,76 1 ,33 5
24359 3478.500000 1363.500000 ,43 4 ,21 3 ,39 4 ,22 5 ,37 5 ,49 4
25181 3469.500000 1390.500000 ,68 1 ,93 1 ,29 3 ,7 2 ,54 2
27043 3459.000000 1365.000000 ,67 4 ,0 4 ,57 5 ,27 4 ,19 4 ,69 2
28822 3475.500000 1375.500000 ,32 5 ,39 4 ,4 3 ,74 4 ,76 5 ,35 3
29227 3426.000000 1362.000000 ,80 4 ,85 5 ,83 3 ,32 2 ,48 2 ,49 3
30588 3450.000000 1386.000000 ,77 3 ,4 5 ,94 1 ,50 1 ,35 2 ,92 4
32022 3466.500000 1356.000000 ,70 4 ,71 3 ,12 4 ,53 5 ,39 3
37898 3439.500000 1351.500000 ,7 3 ,61 5 ,51 5 ,17 2
41475 3477.000000 1369.500000 ,7 5 ,45 2 ,16 5 ,62 5 ,48 4
41944 3450.000000 1353.000000 ,39 1
43819 3475.500000 1410.000000 ,18 2 ,74 3 ,26 3
48668 3481.500000 1359.000000 ,47 5 ,19 1 ,39 1 ,90 2 ,45 5 ,66 1
50471 3469.500000 1393.500000 ,78 4
52464 3457.500000 1398.000000 ,80 2 ,2 5
53316 3477.000000 1344.000000 ,63 2 ,94 1 ,67 2 ,95 5 ,16 4 ,32 2
56021 3433.500000 1410.000000 ,6 4 ,39 5 ,95 3 ,24 1 ,99 3 ,48 4
58372 3457.500000 1368.000000 ,55 5 ,40 5
58454 3439.500000 1401.000000 ,17 1 ,29 5 ,54 1
60481 3459.000000 1362.000000 ,49 1 ,75 2 ,82 5
65367 3471.000000 1345.500000 ,6 5 ,70 3 ,23 5 ,17 5 ,5 1 ,22 2
66611 3469.500000 1399.500000 ,73 3
69345 3445.500000 1377.000000 ,51 3 ,75 4 ,99 1 ,33 5 ,81 3 ,68 3
72609 3465.000000 1368.000000 ,69 3 ,83 1 ,92 2 ,32 5 ,89 5 ,39 2
88854 3444.000000 1356.000000 ,11 3 ,59 2
90087 3424.500000 1347.000000 ,0 5 ,83 5 ,3 1
90278 3453.000000 1377.000000 ,29 5 ,39 2 ,59 2 ,86 5 ,67 5 ,54 1
97828 3430.500000 1368.000000 ,45 2 ,71 1 ,15 1
98022 3445.500000 1398.000000 ,89 5
98276 3432.000000 1344.000000 ,3 4 ,46 3 ,83 3 ,27 1 ,44 4 ,54 3
