8369 3162.000000 2337.000000 ,17 3 ,24 3 ,53 1 ,97 4
10641 3177.000000 2326.500000 ,74 2 ,6 5
11992 3177.000000 2332.500000 ,82 4 ,26 4 ,75 4 ,79 2
12484 3163.500000 2334.000000 ,85 3 ,97 1 ,99 5 ,84 4 ,86 2
13215 3159.000000 2341.500000 ,0 3
15420 3198.000000 2313.000000 ,2 2 ,73 2
16505 3184.500000 2319.000000 ,66 5 ,78 3 ,99 2
20361 3159.000000 2347.500000 ,78 4 ,41 1
20670 3198.000000 2340.000000 ,26 2 ,59 3 ,69 3 ,77 1 ,62 3 ,32 3
21882 3198.000000 2316.000000 ,28 5
22703 3148.500000 2352.000000 ,4 5 ,62 1 ,9 3 ,50 1 ,75 5 ,70 2
24802 3153.000000 2346.000000 ,17 2
25918 3187.500000 2353.500000 ,69 3 ,78 3 ,37 4
26520 3193.500000 2373.000000 ,16 3 ,55 5 ,62 1 ,32 1 ,88 2 ,78 2
28948 3199.500000 2367.000000 ,49 1 ,16 2
30998 3145.500000 2329.500000 ,81 2 ,78 4 ,64 2 ,76 4 ,56 1
34856 3198.000000 2362.500000 ,79 5 ,36 5 ,25 4 ,80 5 ,6 3 ,15 5
43869 3199.500000 2317.500000 ,43 1 ,72 1 ,96 4 ,49 3 ,10 2
44397 3157.500000 2331.000000 ,53 2 ,13 5
45501 3190.500000 2325.000000 ,60 1 ,57 5 ,65 2 ,46 3 ,12 1
49834 3172.500000 2368.500000 ,2 1 ,93 1 ,26 1 ,51 3
52945 3145.500000 2359.500000 ,79 4
54677 3163.500000 2341.500000 ,7 2 ,89 3 ,30 3
57516 3159.000000 2371.500000 ,55 5 ,35 2 ,29 4 ,21 2 ,86 3
57962 3174.000000 2311.500000 ,20 1 ,22 1 ,30 4
58173 3193.500000 2362.500000 ,45 2 ,15 2 ,43 4 ,14 3 ,28 3 ,70 1
63727 3172.500000 2311.500000 ,94 5 ,58 1 ,91 2 ,34 2
65711 3177.000000 2362.500000 ,65 4 ,9 5 ,15 4 ,92 2 ,70 1
66950 3166.500000 2332.500000 ,76 1 ,38 1 ,90 2 ,18 2 ,59 1 ,78 2
69596 3153.000000 2371.500000 ,45 3 ,37 1 ,13 4 ,97 1 ,79 4
73569 3151.500000 2362.500000 ,68 3 ,5 5
74538 3181.500000 2347.500000 ,0 3 ,13 1 ,92 1 ,90 4 ,57 3
79527 3145.500000 2347.500000 ,75 4 ,34 2 ,82 1
83095 3154.500000 2353.500000 ,18 5
84214 3171.000000 2362.500000 ,56 5 ,33 2 ,52 5 ,42 2
86033 3189.000000 2328.000000 ,7 5 ,34 2 ,98 1 ,72 1 ,29 2 ,58 4
88816 3192.000000 2374.500000 ,45 3
91236 3142.500000 2334.000000 ,31 1 ,6 5 ,67 2 ,27 3
91409 3195.000000 2316.000000 ,40 2 ,46 1 ,44 1 ,53 5 ,88 3 ,49 1
