524 4240.500000 2073.000000 ,68 2 ,48 4 ,54 4 ,95 5 ,27 4
566 4276.500000 2029.500000 ,16 1 ,74 4 ,97 5 ,8 4
4701 4255.500000 2071.500000 ,64 2 ,74 1 ,29 4
11065 4261.500000 2064.000000 ,67 2 ,86 5
12706 4279.500000 2035.500000 ,55 5 ,33 4 ,75 4 ,39 5 ,99 2 ,80 3
17571 4240.500000 2043.000000 ,93 4 ,91 2
18455 4231.500000 2020.500000 ,92 4 ,58 2 ,75 4 ,78 4
19527 4231.500000 2053.500000 ,77 3
24571 4222.500000 2023.500000 ,99 5 ,8 5 ,7 4 ,86 5 ,96 2 ,30 1
26065 4246.500000 2049.000000 ,68 1 ,33 3 ,64 3 ,69 5 ,81 3
27612 4218.000000 2049.000000 ,6 4 ,19 4 ,71 2 ,89 3 ,75 4
27840 4239.000000 2065.500000 ,50 5 ,47 1 ,99 3 ,43 2 ,72 5 ,30 3
28591 4281.000000 2047.500000 ,74 4 ,48 1 ,94 2 ,66 2 ,93 1
31051 4218.000000 2041.500000 ,3 3 ,79 4 ,1 2 ,42 5
36193 4239.000000 2062.500000 ,18 1 ,36 3 ,14 1 ,43 3 ,62 2
38155 4257.000000 2022.000000 ,8 5 ,78 1 ,68 3
41032 4275.000000 2056.500000 ,87 4
43082 4240.500000 2041.500000 ,56 1
49152 4240.500000 2056.500000 ,48 2 ,86 1 ,97 5 ,52 4
58013 4267.500000 2017.500000 ,1 4 ,63 4 ,73 1 ,93 2
59217 4218.000000 2067.000000 ,22 1 ,93 5 ,51 1 ,54 2 ,8 1
63663 4228.500000 2058.000000 ,1 2 ,10 1 ,43 1
69827 4245.000000 2070.000000 ,55 2 ,23 1 ,87 1 ,59 5 ,8 3
71270 4237.500000 2022.000000 ,5 2 ,28 3 ,3 5 ,73 5 ,76 2 ,98 3
72161 4246.500000 2053.500000 ,91 1 ,82 4 ,33 4 ,35 1 ,56 5
79800 4260.000000 2029.500000 ,17 5 ,93 5 ,8 3 ,98 1 ,83 5
84721 4248.000000 2062.500000 ,54 2 ,12 4
88219 4236.000000 2020.500000 ,38 1
91982 4240.500000 2074.500000 ,21 1 ,79 1 ,7 2 ,35 4 ,18 2 ,97 4
92179 4216.500000 2047.500000 ,11 1
95075 4213.500000 2059.500000 ,5 3 ,86 3 ,28 1 ,37 2 ,3 2
99352 4279.500000 2025.000000 ,37 2 ,5 2 ,83 3 ,17 5
