274 1068.000000 1558.500000 ,97 3 ,90 1 ,43 2 ,59 2 ,70 5
2563 1066.500000 1560.000000 ,32 2 ,66 4 ,7 3 ,99 4
19952 1054.500000 1537.500000 ,83 1 ,20 2 ,74 5 ,85 5 ,49 1
20991 1057.500000 1542.000000 ,91 4 ,30 3 ,23 2 ,92 5 ,24 5 ,78 2
29399 1068.000000 1530.000000 ,18 5 ,75 4 ,99 2 ,3 5 ,60 5
35741 1057.500000 1437.000000 ,87 4 ,79 3 ,80 5 ,7 5 ,44 3 ,68 2
37801 1078.500000 1464.000000 ,7 3 ,41 1
58139 1053.000000 1546.500000 ,4 1 ,9 5 ,39 2
61119 1074.000000 1540.500000 ,56 3 ,67 2 ,16 3 ,0 2 ,98 3 ,76 4
64490 1060.500000 1554.000000 ,74 3
65478 1057.500000 1525.500000 ,62 5 ,1 3 ,55 4 ,87 3
71071 1050.000000 1554.000000 ,59 5 ,68 1 ,24 1 ,89 2
76450 1054.500000 1570.500000 ,13 2 ,2 2 ,94 5 ,35 2 ,16 2 ,3 5
77276 1059.000000 1570.500000 ,21 4 ,87 5 ,34 2 ,91 1 ,79 1
79058 1047.000000 1533.000000 ,72 1 ,32 1 ,98 2 ,33 5 ,86 1
81841 1050.000000 1525.500000 ,98 2
83796 1072.500000 1542.000000 ,60 4 ,33 2 ,42 4 ,65 2 ,8 2
