8158 1603.500000 2020.500000 ,26 4 ,61 5 ,43 4 ,74 5 ,88 3
8757 1623.000000 2047.500000 ,90 2 ,42 3 ,37 5
9223 1626.000000 2029.500000 ,98 1 ,76 2 ,10 1 ,61 1 ,95 4
10782 1618.500000 2068.500000 ,90 1 ,7 4 ,67 5
11228 1642.500000 2076.000000 ,26 2 ,0 3
11376 1612.500000 2080.500000 ,77 3
13980 1645.500000 2061.000000 ,35 5
14928 1629.000000 2049.000000 ,81 1 ,73 4
20178 1630.500000 2020.500000 ,94 2 ,61 3 ,68 4 ,21 1 ,6 2 ,99 2
20862 1618.500000 2074.500000 ,40 1 ,90 3
22552 1611.000000 2014.500000 ,79 4 ,98 4 ,50 3 ,61 4 ,58 1
25970 1606.500000 2011.500000 ,35 5 ,17 4
32480 1591.500000 2064.000000 ,9 4 ,47 3 ,48 4 ,24 5 ,61 3 ,85 5
32612 1644.000000 2059.500000 ,6 2 ,23 1 ,51 2 ,83 3 ,76 2 ,85 4
35058 1600.500000 2085.000000 ,4 5 ,0 1 ,60 3 ,9 1 ,13 2
35288 1608.000000 2058.000000 ,36 5 ,33 5
40746 1648.500000 2011.500000 ,26 5 ,22 2 ,51 1 ,30 1
40959 1620.000000 2041.500000 ,59 2 ,58 3 ,61 3 ,68 2 ,50 1 ,16 1
41732 1605.000000 2083.500000 ,16 3 ,89 1 ,74 1 ,61 2 ,76 5
43382 1626.000000 2076.000000 ,68 1 ,78 2
46525 1614.000000 2013.000000 ,70 3 ,98 3 ,81 4
50843 1632.000000 2073.000000 ,90 2 ,91 2 ,33 4 ,56 3 ,93 3
50880 1611.000000 2061.000000 ,63 3 ,48 5 ,97 3 ,43 4 ,50 3 ,61 1
55082 1603.500000 2061.000000 ,20 4 ,94 3 ,67 3 ,56 5 ,17 3
58910 1590.000000 2077.500000 ,75 1 ,12 3 ,69 2 ,46 5 ,30 2 ,48 4
59890 1600.500000 2046.000000 ,2 1 ,31 5 ,17 4 ,57 3 ,27 2 ,67 2
61465 1605.000000 2046.000000 ,53 5 ,22 4 ,33 2
62893 1630.500000 2068.500000 ,3 3 ,86 2 ,49 5 ,13 2
65781 1599.000000 2064.000000 ,10 2 ,22 2 ,82 5 ,48 5 ,87 3 ,96 1
68763 1587.000000 2026.500000 ,3 5 ,56 4 ,39 3 ,68 2 ,79 3
71126 1635.000000 2080.500000 ,36 1 ,59 5 ,77 2 ,25 2 ,51 3 ,65 1
73472 1606.500000 2086.500000 ,57 4 ,93 4 ,65 1 ,97 2
74068 1614.000000 2052.000000 ,82 3 ,61 2
83391 1597.500000 2028.000000 ,22 2 ,49 5 ,6 5 ,81 4
83723 1611.000000 2035.500000 ,90 2 ,71 4 ,17 3
84026 1603.500000 2047.500000 ,96 3 ,67 2 ,60 1 ,80 5 ,0 1
87416 1596.000000 2088.000000 ,10 5 ,86 5 ,69 2 ,66 1
88743 1635.000000 2077.500000 ,39 4 ,32 5 ,27 5
93224 1648.500000 2034.000000 ,93 1 ,52 2 ,28 3 ,91 4 ,6 4 ,78 2
