11891 844.500000 1527.000000 ,55 3 ,87 1
14595 879.000000 1528.500000 ,33 1
16182 817.500000 1546.500000 ,56 5 ,68 4
19122 895.500000 1531.500000 ,19 3
21711 886.500000 1551.000000 ,97 1 ,1 3 ,56 2 ,33 5 ,91 2 ,49 2
23789 915.000000 1548.000000 ,60 5 ,82 5 ,19 3 ,75 2
29360 864.000000 1525.500000 ,17 3
31604 840.000000 1534.500000 ,5 1 ,77 1 ,17 2
31757 862.500000 1549.500000 ,86 4
34126 850.500000 1458.000000 ,29 3 ,51 4
36294 930.000000 1510.500000 ,34 5 ,86 1 ,54 4 ,16 4 ,88 1 ,23 2
38951 925.500000 1447.500000 ,76 3 ,3 2 ,30 2
40042 934.500000 1474.500000 ,34 1 ,17 4
41277 889.500000 1443.000000 ,32 3 ,26 2 ,51 5 ,64 5 ,22 4 ,34 1
41904 817.500000 1549.500000 ,27 3 ,86 3 ,22 1 ,92 5 ,41 1 ,4 4
42990 942.000000 1462.500000 ,7 3 ,21 1 ,59 3 ,9 5 ,79 5 ,14 5
44663 933.000000 1531.500000 ,81 5 ,5 2 ,6 1
51119 910.500000 1540.500000 ,84 1 ,12 4 ,24 5
54500 825.000000 1539.000000 ,95 1 ,67 2 ,42 1 ,16 2 ,52 3
54511 814.500000 1539.000000 ,56 1
60568 831.000000 1527.000000 ,34 5
62662 897.000000 1534.500000 ,63 5 ,10 3
70618 951.000000 1537.500000 ,8 4 ,26 3 ,10 1 ,87 4 ,70 4
71350 936.000000 1530.000000 ,4 2
72308 819.000000 1540.500000 ,23 3 ,38 3 ,51 1 ,94 3 ,42 4 ,88 2
73612 853.500000 1551.000000 ,29 5 ,51 2 ,74 3 ,41 2
75311 838.500000 1531.500000 ,92 4 ,6 2 ,30 1
80011 889.500000 1549.500000 ,58 4 ,32 4 ,18 1 ,50 3 ,77 2
85382 946.500000 1540.500000 ,89 1 ,81 5 ,6 3 ,86 4 ,31 4 ,54 3
86393 909.000000 1546.500000 ,51 1 ,66 4 ,46 5 ,33 2 ,99 1 ,38 2
87903 891.000000 1548.000000 ,34 1 ,49 2 ,72 2 ,70 4 ,39 5 ,38 4
88774 915.000000 1528.500000 ,1 4 ,30 3 ,0 5 ,31 4 ,50 4 ,45 3
94485 853.500000 1543.500000 ,77 5 ,64 2 ,70 1
95861 876.000000 1548.000000 ,21 4 ,5 1
