2955 2199.000000 846.000000 ,46 4 ,54 3
4034 2244.000000 813.000000 ,90 5 ,94 2 ,24 2 ,33 2 ,72 4 ,76 5
9040 2211.000000 828.000000 ,94 4
14160 2200.500000 813.000000 ,38 3
18171 2251.500000 837.000000 ,9 2 ,92 3 ,33 1
18578 2268.000000 841.500000 ,81 5 ,18 1 ,82 1
23602 2266.500000 825.000000 ,82 3 ,86 2 ,26 4
36691 2200.500000 819.000000 ,95 3 ,78 3
37937 2199.000000 823.500000 ,36 1
51691 2250.000000 837.000000 ,62 1 ,96 2 ,75 2 ,61 1 ,46 5
60864 2223.000000 853.500000 ,97 3 ,54 3 ,44 1
61518 2244.000000 852.000000 ,85 5 ,25 4 ,20 1
63027 2268.000000 853.500000 ,67 5 ,43 5 ,26 5 ,69 1 ,39 4
69397 2233.500000 819.000000 ,25 2 ,54 4 ,11 3 ,48 5
73357 2250.000000 856.500000 ,49 4 ,72 5 ,97 3 ,66 4 ,5 2 ,74 3
77227 2217.000000 819.000000 ,2 2 ,9 1 ,39 5 ,55 5 ,77 1 ,26 3
78157 2241.000000 814.500000 ,57 2 ,90 1 ,45 4 ,3 3 ,86 1
80234 2209.500000 832.500000 ,12 4 ,25 4
80361 2203.500000 843.000000 ,29 5 ,32 4 ,96 4 ,39 2
83021 2218.500000 843.000000 ,2 1 ,24 4 ,96 5 ,14 1 ,72 1
85390 2212.500000 846.000000 ,59 1 ,71 2 ,84 1 ,79 4
90295 2218.500000 840.000000 ,62 4
91710 2197.500000 832.500000 ,71 4 ,90 2 ,93 3
97348 2229.000000 837.000000 ,78 5
99230 2230.500000 825.000000 ,76 5 ,55 4 ,46 5 ,3 1 ,6 1 ,57 3
99414 2221.500000 841.500000 ,32 1
