5784 1725.000000 1060.500000 ,24 3 ,0 3 ,94 2 ,57 2 ,17 2 ,3 1
9012 1738.500000 1053.000000 ,14 5 ,91 4 ,30 5 ,38 3
9019 1741.500000 1083.000000 ,45 1 ,1 3 ,8 1 ,13 5
9022 1750.500000 1065.000000 ,19 3 ,18 3
10419 1728.000000 1045.500000 ,46 4 ,4 3 ,99 5
11468 1770.000000 1081.500000 ,5 3 ,25 4 ,82 1 ,6 1 ,23 2
15777 1776.000000 1048.500000 ,61 4
21297 1738.500000 1069.500000 ,36 5 ,6 4 ,80 3
23579 1767.000000 1041.000000 ,68 4 ,77 2 ,74 4 ,83 5 ,54 5
28573 1774.500000 1041.000000 ,31 1 ,68 4 ,88 3 ,93 2 ,20 2 ,33 1
32676 1768.500000 1053.000000 ,95 2 ,82 5 ,53 3
33986 1765.500000 1113.000000 ,96 2 ,78 2 ,22 1 ,86 3 ,72 3
41800 1774.500000 1038.000000 ,30 2
44186 1779.000000 1048.500000 ,20 3 ,40 4 ,70 2 ,92 2 ,58 5 ,83 3
45535 1771.500000 1116.000000 ,12 2 ,52 2 ,66 3 ,34 2 ,3 2 ,43 1
54886 1744.500000 1063.500000 ,44 5 ,7 1 ,49 2 ,6 4 ,23 4 ,66 1
59465 1771.500000 1062.000000 ,47 4 ,5 5 ,21 1
62582 1776.000000 1062.000000 ,17 2 ,46 2 ,40 1 ,67 3 ,47 5
64264 1725.000000 1074.000000 ,1 1 ,51 3 ,6 1 ,60 5 ,0 4 ,42 1
65722 1770.000000 1044.000000 ,19 3 ,66 5 ,85 4 ,96 5 ,17 5 ,49 4
67353 1759.500000 1090.500000 ,5 2
71221 1725.000000 1096.500000 ,87 5 ,39 3 ,64 2 ,91 4 ,82 1
72109 1740.000000 1104.000000 ,39 2 ,67 1 ,88 1 ,30 2 ,53 1
80963 1767.000000 1057.500000 ,58 1 ,14 3 ,54 3 ,8 5 ,61 3
81977 1777.500000 1038.000000 ,12 1
85200 1741.500000 1083.000000 ,82 5 ,92 5 ,37 5 ,96 3
88990 1725.000000 1063.500000 ,29 4 ,7 5 ,14 2 ,54 3 ,16 5 ,52 1
94830 1749.000000 1107.000000 ,71 5 ,46 2 ,34 3 ,96 4 ,0 3
96005 1756.500000 1039.500000 ,49 3 ,91 1 ,67 4 ,3 4 ,21 4
96146 1771.500000 1047.000000 ,21 4 ,67 4 ,37 1 ,76 4
98519 1725.000000 1053.000000 ,51 2 ,35 1 ,27 5 ,62 1
