3071 4012.500000 1279.500000 ,60 5 ,24 4 ,92 5 ,6 1 ,55 3 ,88 1
5091 4033.500000 1210.500000 ,12 2 ,46 1 ,82 3 ,3 1
5645 4017.000000 1284.000000 ,21 3 ,25 2 ,95 2 ,44 4
8635 4021.500000 1206.000000 ,21 1
8666 4012.500000 1291.500000 ,79 4 ,73 2 ,52 1 ,59 5 ,82 5
24093 4023.000000 1239.000000 ,71 4 ,47 4
24186 3994.500000 1230.000000 ,15 4 ,92 3 ,59 4 ,41 3 ,14 4
25893 4044.000000 1240.500000 ,51 1 ,42 3 ,13 5
30175 3987.000000 1233.000000 ,4 4 ,86 4 ,46 4 ,91 4 ,66 4 ,42 4
31513 3996.000000 1272.000000 ,10 3 ,64 4
31634 4033.500000 1239.000000 ,84 4
33338 4027.500000 1290.000000 ,97 2
33745 3997.500000 1288.500000 ,75 4 ,35 5 ,71 1 ,60 5
34648 3994.500000 1272.000000 ,15 3
37420 4008.000000 1278.000000 ,24 4 ,1 2 ,15 2 ,64 5 ,22 1 ,96 4
37906 4000.500000 1234.500000 ,2 3 ,15 4 ,48 3 ,85 3
39477 4041.000000 1267.500000 ,61 1 ,83 5 ,13 1
45900 4005.000000 1276.500000 ,62 2 ,51 2 ,9 2
52926 3990.000000 1209.000000 ,3 5
55188 4011.000000 1201.500000 ,61 4 ,38 4 ,48 4
55382 4038.000000 1263.000000 ,87 1 ,27 1 ,77 5 ,67 4 ,70 3 ,61 1
57357 4011.000000 1201.500000 ,61 3
62205 4027.500000 1224.000000 ,94 3
67653 4021.500000 1275.000000 ,12 1 ,81 4 ,46 5
72004 3985.500000 1287.000000 ,52 2
72848 4003.500000 1245.000000 ,50 2 ,34 1 ,80 5 ,16 3
73335 3999.000000 1276.500000 ,1 4 ,44 5
74631 4017.000000 1257.000000 ,67 1 ,57 5 ,88 4 ,10 5
80356 4039.500000 1251.000000 ,25 4 ,27 4 ,51 4 ,6 3 ,62 1 ,39 2
82514 4045.500000 1266.000000 ,23 2 ,78 1 ,36 1 ,1 3 ,90 3
86274 3990.000000 1248.000000 ,0 4 ,61 5
87783 3996.000000 1281.000000 ,75 1 ,35 5 ,91 5
89032 3988.500000 1228.500000 ,10 4 ,11 4 ,85 1 ,16 3 ,68 5 ,32 1
90788 4018.500000 1234.500000 ,20 3 ,30 5
91924 4008.000000 1258.500000 ,32 2 ,52 1 ,93 3 ,99 1 ,59 2
97925 4023.000000 1248.000000 ,57 4 ,12 2 ,54 5 ,51 5 ,41 4 ,16 5
