1125 2602.500000 1938.000000 ,5 2 ,95 2 ,85 5 ,64 3
2201 2617.500000 1956.000000 ,64 4 ,22 1
3140 2617.500000 1968.000000 ,36 2
4325 2644.500000 1930.500000 ,16 2 ,23 2 ,70 3 ,21 2 ,93 1
5958 2640.000000 1933.500000 ,38 5 ,97 2 ,3 5 ,19 4
8755 2628.000000 1939.500000 ,87 5
14536 2655.000000 1933.500000 ,16 3
17064 2601.000000 1942.500000 ,77 2 ,37 5 ,20 1 ,38 1 ,9 2
18536 2647.500000 1971.000000 ,86 3 ,30 5
23572 2625.000000 1956.000000 ,86 4 ,71 3 ,49 4 ,34 2 ,25 5 ,44 5
24025 2665.500000 1956.000000 ,47 3
33148 2652.000000 1921.500000 ,90 5 ,88 2 ,3 3 ,73 5 ,54 5
34041 2634.000000 1921.500000 ,88 4 ,21 1
34492 2637.000000 1965.000000 ,14 3 ,30 2
34989 2592.000000 1953.000000 ,60 5 ,79 4 ,47 4 ,59 4
35041 2590.500000 1941.000000 ,22 3 ,6 2 ,95 1 ,52 4 ,47 2
35472 2613.000000 1911.000000 ,62 2 ,76 1 ,48 1 ,74 5 ,4 3 ,59 2
38720 2647.500000 1966.500000 ,86 3 ,82 3 ,54 2
43197 2652.000000 1935.000000 ,11 2 ,91 3 ,60 1 ,19 2
43719 2637.000000 1933.500000 ,21 1 ,76 1 ,92 1
46049 2643.000000 1912.500000 ,84 2 ,25 1 ,28 5 ,78 4 ,69 4 ,2 3
47210 2667.000000 1942.500000 ,86 2 ,76 4 ,74 1
51215 2673.000000 1923.000000 ,54 5 ,3 1 ,73 2 ,1 5
51227 2632.500000 1959.000000 ,9 5
61971 2668.500000 1963.500000 ,86 5 ,88 3
80556 2626.500000 1968.000000 ,43 4 ,79 5 ,4 1
84651 2650.500000 1926.000000 ,34 4 ,66 5 ,24 2 ,79 3 ,74 5
85428 2613.000000 1945.500000 ,43 4 ,41 2 ,32 4 ,46 1 ,96 5 ,8 1
85790 2610.000000 1920.000000 ,60 5 ,89 5 ,18 4 ,79 2 ,98 4
87692 2610.000000 1924.500000 ,23 5 ,62 5
90783 2637.000000 1947.000000 ,33 3
90952 2650.500000 1926.000000 ,52 2 ,92 3 ,28 5 ,74 4
97316 2646.000000 1954.500000 ,91 4 ,4 2 ,35 3 ,72 1
