1091 502.500000 1435.500000 ,17 2 ,97 1 ,86 3 ,26 5
1236 493.500000 1564.500000 ,37 1 ,98 4
3647 480.000000 1534.500000 ,21 4
10155 516.000000 1555.500000 ,21 5 ,28 3 ,91 4 ,0 2 ,52 2
10377 483.000000 1542.000000 ,65 4 ,21 3 ,33 1 ,39 1
11294 540.000000 1530.000000 ,59 1 ,76 4 ,40 1
12175 510.000000 1551.000000 ,45 4
13160 469.500000 1530.000000 ,97 5
20173 522.000000 1557.000000 ,57 2
22854 514.500000 1539.000000 ,40 2
33535 484.500000 1558.500000 ,18 2
39324 531.000000 1549.500000 ,31 3 ,90 4 ,7 4 ,77 2
50877 513.000000 1563.000000 ,0 2 ,36 2 ,66 5 ,15 1 ,5 4 ,30 2
57741 516.000000 1533.000000 ,51 1 ,84 4 ,75 4 ,68 2 ,43 5 ,27 5
62767 531.000000 1548.000000 ,75 2 ,4 3 ,47 1 ,65 4 ,79 1 ,57 2
66803 535.500000 1564.500000 ,74 2 ,65 5 ,44 1 ,24 2
72274 525.000000 1530.000000 ,20 5 ,91 1 ,80 4 ,65 1 ,51 1 ,0 4
80747 478.500000 1554.000000 ,97 3 ,28 3
85581 477.000000 1552.500000 ,73 4 ,49 1 ,25 1 ,67 2
87520 471.000000 1552.500000 ,20 1
91405 483.000000 1525.500000 ,97 5 ,87 3 ,6 1
95174 534.000000 1534.500000 ,43 2 ,13 5 ,40 1
