85 3678.000000 331.500000 ,34 3 ,92 2
2436 3721.500000 315.000000 ,72 2 ,95 5 ,68 2
5051 3754.500000 331.500000 ,88 1 ,27 4 ,77 3 ,81 4
6374 3663.000000 349.500000 ,78 4 ,43 3
8320 3753.000000 330.000000 ,73 3 ,30 2
8745 3736.500000 328.500000 ,81 2 ,42 5 ,74 5
10525 3655.500000 313.500000 ,7 4 ,21 3 ,60 2
11541 3702.000000 322.500000 ,32 3 ,75 5
12299 3660.000000 337.500000 ,88 1 ,54 4 ,8 1 ,7 3
12751 3763.500000 313.500000 ,88 3 ,56 4 ,74 4 ,94 2
13020 3720.000000 319.500000 ,45 4 ,15 5 ,47 4 ,29 4 ,12 3 ,8 4
19827 3747.000000 360.000000 ,30 3
21649 3741.000000 331.500000 ,49 2 ,32 3 ,39 3 ,95 3 ,65 2
22054 3654.000000 337.500000 ,27 3 ,9 4 ,79 4
25404 3670.500000 337.500000 ,21 4 ,41 2
26878 3765.000000 340.500000 ,55 1 ,54 5
36489 3688.500000 358.500000 ,60 3 ,39 3
40040 3678.000000 361.500000 ,78 1 ,97 1
54762 3760.500000 324.000000 ,96 2 ,39 1 ,48 3 ,79 5 ,61 3 ,21 2
56086 3735.000000 352.500000 ,8 5 ,54 1 ,69 3 ,98 4 ,96 5 ,73 5
57255 3678.000000 363.000000 ,13 4 ,99 4
58285 3663.000000 339.000000 ,16 4 ,46 4 ,73 3 ,67 5 ,77 4
62740 3685.500000 348.000000 ,51 2 ,42 5 ,72 4 ,67 4 ,35 2
63918 3712.500000 349.500000 ,56 1 ,62 3 ,97 3 ,32 1
65138 3672.000000 324.000000 ,5 2 ,6 2 ,94 4 ,53 4 ,58 4
71840 3712.500000 366.000000 ,91 4 ,45 4 ,8 2
74126 3657.000000 345.000000 ,75 3 ,29 2 ,77 5 ,70 1
76266 3765.000000 315.000000 ,10 2 ,54 5
76349 3706.500000 357.000000 ,1 3 ,0 1 ,27 2 ,99 5
77356 3738.000000 349.500000 ,78 3 ,58 2 ,17 2
77403 3661.500000 355.500000 ,68 5 ,42 2 ,80 3 ,31 3 ,17 1 ,46 4
80173 3762.000000 342.000000 ,95 1
80971 3684.000000 361.500000 ,76 3
82122 3765.000000 300.000000 ,13 3 ,68 1 ,24 1 ,98 2 ,80 1
83112 3742.500000 345.000000 ,1 4 ,79 4
83276 3691.500000 316.500000 ,1 1 ,54 1 ,12 3 ,47 3
