4266 4015.500000 2370.000000 ,39 5 ,38 1 ,79 1
5282 3988.500000 2379.000000 ,22 5 ,62 1 ,0 3 ,65 5
6093 3999.000000 2370.000000 ,7 4 ,63 2 ,50 3 ,43 2 ,40 4
9849 3958.500000 2404.500000 ,98 3
12246 4002.000000 2368.500000 ,99 1 ,36 1 ,97 4 ,94 3 ,32 2
12337 4017.000000 2413.500000 ,96 3 ,70 3 ,93 2
16638 3958.500000 2362.500000 ,90 4 ,71 4 ,45 2 ,59 2 ,62 3
17977 4026.000000 2398.500000 ,50 5 ,78 2
20175 3976.500000 2407.500000 ,26 5 ,39 1 ,19 5
22504 3999.000000 2373.000000 ,24 2 ,52 1 ,37 4
22676 3993.000000 2388.000000 ,91 2 ,94 4
22969 3985.500000 2380.500000 ,47 5 ,72 2 ,99 2 ,16 3
27671 4020.000000 2379.000000 ,57 4 ,28 1
33650 4021.500000 2373.000000 ,40 3 ,28 2 ,87 5 ,20 3
35060 4011.000000 2365.500000 ,17 4 ,70 2 ,89 2 ,73 3 ,77 3 ,30 4
41144 3981.000000 2410.500000 ,38 5 ,70 5 ,84 2 ,40 4
47309 3987.000000 2376.000000 ,65 3 ,32 3 ,40 3 ,57 2
51225 4012.500000 2415.000000 ,62 1 ,43 3 ,11 4 ,27 1 ,22 5 ,3 2
51602 4017.000000 2383.500000 ,70 2
53843 3954.000000 2391.000000 ,83 2 ,71 3
58050 3958.500000 2395.500000 ,37 3 ,35 5 ,45 1 ,0 4 ,46 3
59629 4012.500000 2403.000000 ,76 4 ,43 2
62469 4023.000000 2394.000000 ,64 5 ,50 2 ,61 5 ,16 3
62649 4024.500000 2376.000000 ,21 5 ,91 4 ,64 5 ,49 3 ,78 4
62851 3990.000000 2391.000000 ,48 4 ,49 3 ,30 4 ,50 1 ,39 5
63978 3963.000000 2373.000000 ,53 4 ,50 2 ,0 5 ,61 2 ,34 2
67304 4020.000000 2388.000000 ,9 3 ,80 3
69211 3955.500000 2391.000000 ,46 4 ,60 2 ,44 1 ,27 3 ,81 2
73547 4018.500000 2374.500000 ,8 4 ,3 4 ,95 5
74524 4026.000000 2394.000000 ,63 5 ,50 5 ,84 5 ,73 3 ,23 3
76848 3994.500000 2400.000000 ,76 5 ,93 3
79074 3972.000000 2416.500000 ,66 3
83633 4002.000000 2382.000000 ,79 3 ,54 4 ,73 4 ,91 4 ,47 3 ,76 1
90163 3988.500000 2391.000000 ,65 1
93622 3964.500000 2401.500000 ,60 2 ,8 5 ,94 4 ,28 1
