9134 1408.500000 2899.500000 ,53 4 ,30 5 ,75 5
11423 1408.500000 2886.000000 ,52 1
12210 1441.500000 2925.000000 ,32 2 ,51 5
13018 1449.000000 2910.000000 ,5 5 ,68 3 ,19 3 ,12 2
15079 1404.000000 2910.000000 ,36 3 ,84 4 ,71 1 ,68 4 ,25 4 ,78 2
15328 1390.500000 2905.500000 ,21 1 ,50 5 ,48 5
18040 1438.500000 2886.000000 ,99 5 ,7 1 ,21 1
22677 1401.000000 2926.500000 ,31 5
26645 1411.500000 2893.500000 ,1 1 ,37 3 ,41 4
26834 1452.000000 2913.000000 ,92 1 ,66 2 ,21 1 ,37 3 ,61 1
27791 1414.500000 2890.500000 ,96 1 ,54 5
32465 1429.500000 2917.500000 ,72 3
41822 1437.000000 2922.000000 ,52 4 ,17 4 ,99 5 ,16 2 ,0 4 ,61 4
42292 1396.500000 2884.500000 ,21 5
42422 1399.500000 2898.000000 ,80 2 ,53 4 ,68 3 ,71 4 ,13 4
52736 1396.500000 2911.500000 ,1 5 ,30 2 ,50 1 ,3 5
55192 1425.000000 2898.000000 ,87 2 ,74 1 ,70 2
56648 1417.500000 2926.500000 ,15 3 ,66 4 ,82 4 ,19 5 ,63 2 ,2 4
65768 1446.000000 2895.000000 ,87 5 ,44 1 ,14 4 ,78 2 ,50 4
66942 1390.500000 2914.500000 ,36 3 ,27 3 ,30 2
69003 1393.500000 2880.000000 ,16 4
69776 1455.000000 2886.000000 ,19 5 ,95 5
70035 1401.000000 2917.500000 ,20 3 ,83 2 ,63 4 ,54 2
72356 1417.500000 2895.000000 ,84 2 ,76 2 ,98 1 ,51 3
75275 1438.500000 2926.500000 ,67 5 ,63 1
76289 1441.500000 2884.500000 ,9 3 ,48 2
78816 1405.500000 2880.000000 ,31 4 ,83 2 ,33 2 ,2 4
81129 1387.500000 2889.000000 ,54 1 ,9 1 ,14 2 ,32 4
85419 1438.500000 2878.500000 ,58 1 ,74 4 ,69 2 ,18 4 ,98 1
87047 1447.500000 2901.000000 ,11 5 ,16 4 ,34 5
97032 1432.500000 2901.000000 ,26 4 ,93 4 ,29 5 ,58 2 ,86 2
97542 1446.000000 2920.500000 ,59 4 ,77 2 ,62 4 ,44 2 ,92 3 ,61 1
99331 1404.000000 2880.000000 ,49 1 ,18 4 ,39 5 ,71 4 ,84 5
99519 1398.000000 2922.000000 ,59 5 ,60 3 ,94 2 ,39 5 ,79 5 ,47 4
99944 1435.500000 2923.500000 ,27 4 ,75 5
