6384 1201.500000 112.500000 ,31 2 ,60 2 ,17 3 ,3 5 ,59 4
9813 1191.000000 148.500000 ,96 4 ,61 1 ,78 2
13916 1176.000000 147.000000 ,70 1 ,57 5 ,26 4 ,31 4 ,37 5 ,99 3
17267 1191.000000 132.000000 ,25 4 ,21 1 ,83 4 ,0 2 ,24 3 ,54 4
18560 1183.500000 103.500000 ,13 5 ,74 5 ,37 2 ,47 3
25472 1185.000000 117.000000 ,7 5 ,71 5 ,91 4 ,70 3
26406 1204.500000 102.000000 ,16 2 ,13 5
27030 1198.500000 132.000000 ,18 5 ,74 5 ,72 1 ,63 5 ,54 1 ,42 5
40811 1200.000000 144.000000 ,4 2 ,79 2 ,30 3 ,96 3 ,51 5
42262 1188.000000 109.500000 ,95 2 ,2 4 ,34 4
43241 1173.000000 103.500000 ,77 2 ,18 5 ,65 3
49869 1185.000000 135.000000 ,12 3 ,82 3
50440 1203.000000 133.500000 ,93 2 ,14 1 ,30 1
65273 1168.500000 102.000000 ,57 5 ,9 1 ,90 3
72481 1170.000000 109.500000 ,19 1 ,31 5 ,67 3 ,44 5 ,91 2 ,28 4
75023 1204.500000 144.000000 ,80 4
76911 1170.000000 121.500000 ,0 4 ,1 4 ,51 3
78405 1185.000000 127.500000 ,6 3 ,69 4
80846 1194.000000 127.500000 ,0 4 ,10 1 ,35 4 ,97 4 ,9 4 ,8 3
87431 1171.500000 123.000000 ,3 2 ,2 5 ,58 1 ,51 3 ,71 4
93400 1207.500000 141.000000 ,0 3
93905 1204.500000 129.000000 ,67 2 ,2 5 ,59 1 ,26 5
97132 1179.000000 130.500000 ,54 4
98796 1174.500000 127.500000 ,28 3 ,4 5 ,67 5 ,45 1
