1529 403.500000 2493.000000 ,7 2 ,76 1
1771 438.000000 2581.500000 ,57 1 ,70 4 ,40 5 ,97 2
4035 403.500000 2538.000000 ,87 4 ,24 1 ,70 5 ,32 3 ,94 3
5003 436.500000 2511.000000 ,39 2 ,18 5 ,65 2
8137 408.000000 2526.000000 ,90 3 ,41 2 ,65 3 ,79 3 ,37 1
9784 424.500000 2575.500000 ,96 5 ,98 4 ,62 2 ,17 2 ,60 5
11105 430.500000 2517.000000 ,6 4 ,90 1 ,2 3 ,78 1
15802 445.500000 2491.500000 ,14 4 ,87 3 ,12 3
19312 418.500000 2485.500000 ,15 1
20270 444.000000 2547.000000 ,64 5 ,61 1
20612 450.000000 2593.500000 ,59 4 ,67 3 ,87 3 ,1 1 ,68 3
22567 448.500000 2526.000000 ,39 3 ,61 5 ,33 1
23105 415.500000 2479.500000 ,38 2 ,73 5 ,98 4 ,87 3 ,91 3
24516 447.000000 2551.500000 ,16 4 ,68 5 ,25 1
31855 400.500000 2577.000000 ,40 2
33428 423.000000 2545.500000 ,21 1 ,34 4 ,8 4 ,95 1
34070 421.500000 2550.000000 ,9 3
34671 405.000000 2539.500000 ,85 3 ,67 5 ,39 2
37793 441.000000 2524.500000 ,42 2
39423 441.000000 2539.500000 ,60 5 ,79 3 ,2 4 ,70 2
42699 450.000000 2563.500000 ,93 1 ,28 4
44446 429.000000 2542.500000 ,55 1 ,27 1 ,59 5 ,50 1 ,57 4 ,74 5
48288 421.500000 2500.500000 ,99 5
51987 411.000000 2577.000000 ,90 2
52236 421.500000 2506.500000 ,36 4 ,23 2 ,45 5 ,5 2 ,93 4 ,21 5
57944 418.500000 2529.000000 ,38 4 ,46 3 ,72 4
60858 447.000000 2562.000000 ,9 3 ,94 3 ,15 4 ,86 4 ,66 1 ,61 3
61252 414.000000 2515.500000 ,35 4 ,11 2 ,70 3
63749 408.000000 2511.000000 ,22 3 ,64 5
69293 418.500000 2511.000000 ,40 4 ,44 1 ,22 1 ,85 1 ,43 5
71925 399.000000 2541.000000 ,93 4 ,79 5
73935 400.500000 2488.500000 ,13 3
81987 418.500000 2566.500000 ,42 5 ,72 2 ,71 5 ,57 5 ,14 1
85270 436.500000 2592.000000 ,84 1 ,50 4 ,98 3
87504 426.000000 2581.500000 ,25 4 ,98 1
92772 399.000000 2521.500000 ,19 4 ,95 3 ,65 4 ,60 5
94970 400.500000 2535.000000 ,87 3 ,1 4 ,41 1
96148 426.000000 2586.000000 ,4 3 ,70 2
99705 403.500000 2580.000000 ,77 3 ,86 2 ,87 2 ,98 4 ,25 2 ,48 5
