874 3204.000000 1530.000000 ,9 4 ,29 2 ,43 4
4298 3217.500000 1530.000000 ,10 1 ,42 1
7272 3237.000000 1515.000000 ,48 3 ,13 3 ,23 5
14098 3204.000000 1492.500000 ,51 2 ,29 4 ,56 3
21544 3226.500000 1516.500000 ,53 2 ,61 4 ,83 1 ,33 4
25865 3231.000000 1528.500000 ,83 2 ,30 3 ,99 5
38858 3205.500000 1503.000000 ,7 3 ,92 2 ,63 3
42920 3210.000000 1516.500000 ,75 5 ,41 3 ,1 5 ,19 3
48444 3250.500000 1512.000000 ,63 2 ,12 3 ,92 1 ,72 1
49377 3234.000000 1522.500000 ,49 5 ,90 4
73382 3250.500000 1497.000000 ,87 3
77346 3240.000000 1495.500000 ,74 2 ,21 4 ,72 4 ,56 1
77580 3216.000000 1480.500000 ,42 4
82010 3202.500000 1528.500000 ,22 5 ,60 2 ,43 3
82241 3217.500000 1504.500000 ,58 3 ,87 2 ,12 4 ,9 2 ,45 4
83842 3258.000000 1512.000000 ,23 4 ,33 1
87761 3216.000000 1509.000000 ,15 1
93077 3258.000000 1522.500000 ,90 1 ,44 4 ,29 4 ,97 2
97060 3252.000000 1531.500000 ,14 1 ,35 1 ,86 4
97418 3250.500000 1486.500000 ,10 3
