5800 4134.000000 1737.000000 ,80 3
6005 4093.500000 1744.500000 ,2 5 ,25 3 ,98 3 ,16 1 ,12 1
6839 4143.000000 1707.000000 ,67 2 ,29 5 ,24 3 ,19 4
9874 4114.500000 1723.500000 ,96 1
13129 4137.000000 1699.500000 ,71 3
25078 4099.500000 1702.500000 ,35 3 ,81 2 ,50 3 ,0 2
26387 4135.500000 1708.500000 ,63 2 ,12 2 ,0 1 ,8 1
27738 4120.500000 1734.000000 ,46 1 ,51 1 ,67 4 ,56 3
33005 4113.000000 1747.500000 ,44 4 ,9 1 ,38 3 ,40 2 ,69 2
34155 4143.000000 1743.000000 ,23 2
37722 4138.500000 1749.000000 ,87 2
38766 4144.500000 1741.500000 ,60 4 ,12 5 ,3 2 ,8 5 ,14 4
41506 4146.000000 1716.000000 ,13 5 ,8 5
43143 4095.000000 1704.000000 ,59 1 ,20 5
48708 4092.000000 1716.000000 ,74 5 ,55 2 ,48 2 ,52 1
61220 4147.500000 1737.000000 ,47 2
67467 4141.500000 1723.500000 ,99 4
70752 4146.000000 1726.500000 ,56 3 ,10 3 ,87 4 ,84 1 ,80 4 ,50 2
75105 4132.500000 1725.000000 ,48 3 ,64 2 ,3 4 ,37 1
82435 4119.000000 1693.500000 ,51 2
88182 4113.000000 1741.500000 ,71 4 ,25 2
88369 4095.000000 1728.000000 ,2 5 ,11 3
95247 4110.000000 1740.000000 ,27 4 ,18 2 ,8 3
