67 2613.000000 580.500000 ,12 1 ,2 3 ,48 2 ,41 4 ,65 1 ,24 5
194 2581.500000 580.500000 ,48 4 ,73 4 ,68 5 ,94 5 ,90 2
11013 2641.500000 600.000000 ,18 3 ,82 2 ,86 1 ,10 2 ,23 4 ,14 5
12309 2646.000000 595.500000 ,7 2 ,55 5 ,81 5 ,85 3 ,44 2 ,88 3
13314 2568.000000 577.500000 ,53 3
15159 2632.500000 571.500000 ,98 2 ,50 4 ,37 5 ,36 2 ,60 1 ,62 5
18023 2629.500000 570.000000 ,82 2 ,49 2
21415 2634.000000 561.000000 ,95 1 ,8 2 ,43 2 ,11 1 ,44 5
24551 2565.000000 565.500000 ,25 2 ,30 2 ,85 4 ,26 3
29370 2652.000000 567.000000 ,20 3 ,43 2 ,7 1 ,25 3 ,95 1
30899 2629.500000 567.000000 ,63 5 ,62 5 ,41 3 ,93 4 ,72 1
35535 2578.500000 603.000000 ,0 3 ,48 2 ,28 4 ,52 5
36948 2646.000000 558.000000 ,54 3 ,42 2 ,83 2 ,16 3
37625 2593.500000 595.500000 ,69 4 ,18 2 ,16 2 ,71 4 ,59 1 ,62 2
38442 2629.500000 556.500000 ,99 2 ,52 3
43085 2605.500000 553.500000 ,85 1
47009 2614.500000 561.000000 ,73 4 ,71 1 ,91 1 ,42 2 ,63 3
47583 2655.000000 561.000000 ,62 2 ,40 3 ,8 4 ,50 4 ,81 3
52894 2571.000000 591.000000 ,9 2 ,66 3 ,8 1 ,57 5 ,59 5
53207 2634.000000 594.000000 ,30 4 ,14 5 ,6 1 ,66 3
53246 2632.500000 600.000000 ,46 3 ,96 1 ,42 5 ,79 2 ,9 5
53737 2602.500000 582.000000 ,71 5 ,46 4 ,51 3 ,5 4 ,6 2 ,60 4
62843 2601.000000 595.500000 ,81 1 ,24 1 ,25 3 ,31 1
63252 2554.500000 604.500000 ,97 1 ,15 1 ,37 5 ,8 1 ,57 4 ,99 4
63315 2617.500000 555.000000 ,42 1 ,75 3 ,12 3 ,68 3
64256 2604.000000 589.500000 ,27 5 ,18 5 ,35 1 ,13 1
67104 2584.500000 559.500000 ,89 4 ,14 4 ,74 5 ,33 1
67630 2614.500000 567.000000 ,2 4 ,4 4 ,70 5 ,36 2 ,44 1 ,41 5
70806 2563.500000 567.000000 ,58 4 ,61 2 ,94 5 ,64 5
72882 2601.000000 568.500000 ,20 2 ,87 3 ,35 2 ,93 3 ,45 4
77821 2559.000000 559.500000 ,22 2
82090 2587.500000 580.500000 ,77 1 ,98 4
84369 2610.000000 571.500000 ,69 4 ,63 4 ,43 1 ,92 3 ,84 3 ,29 4
86166 2631.000000 564.000000 ,83 4 ,41 1 ,48 3 ,6 2
88024 2590.500000 556.500000 ,37 2
90598 2613.000000 576.000000 ,86 5 ,48 4
93210 2616.000000 562.500000 ,82 4
94017 2629.500000 567.000000 ,87 4 ,97 3 ,75 5 ,68 2 ,65 4
95636 2647.500000 573.000000 ,27 3 ,80 5 ,31 2
97143 2587.500000 558.000000 ,86 4 ,40 2 ,52 4 ,21 3 ,81 4 ,70 5
