2267 1933.500000 2415.000000 ,5 1 ,53 2 ,79 5 ,87 5 ,43 1 ,55 3
4899 1896.000000 2400.000000 ,64 2
6026 1924.500000 2424.000000 ,43 3 ,56 3
7379 1945.500000 2419.500000 ,23 4 ,82 1
8002 1945.500000 2422.500000 ,60 1 ,68 1 ,2 2 ,96 5 ,81 5 ,57 4
9202 1912.500000 2371.500000 ,85 4 ,13 2 ,46 5 ,49 4 ,97 2
10147 1938.000000 2419.500000 ,26 2 ,51 4 ,94 2 ,39 1
10694 1867.500000 2367.000000 ,53 2
12274 1875.000000 2400.000000 ,93 2
12770 1876.500000 2398.500000 ,53 2 ,36 1 ,77 1 ,17 3 ,55 2
15104 1837.500000 2398.500000 ,54 2 ,24 3 ,88 1 ,13 2
21123 1881.000000 2389.500000 ,29 4
22243 1927.500000 2368.500000 ,37 4 ,29 1 ,75 2
22309 1858.500000 2407.500000 ,46 3 ,57 1 ,62 5 ,83 4
24915 1858.500000 2412.000000 ,99 5 ,18 5
26977 1878.000000 2404.500000 ,57 3 ,9 1 ,60 3 ,49 5
29427 1848.000000 2416.500000 ,6 3 ,60 5 ,58 4 ,94 4
43549 1861.500000 2418.000000 ,53 1 ,93 5 ,8 3 ,4 1
49677 1875.000000 2415.000000 ,65 1 ,71 5 ,79 1 ,17 1
54075 1842.000000 2422.500000 ,44 5 ,46 1 ,86 1 ,76 3 ,41 4
54570 1843.500000 2395.500000 ,8 4
55631 1840.500000 2374.500000 ,93 3
56242 1896.000000 2425.500000 ,18 1 ,33 1 ,9 1
57042 1915.500000 2397.000000 ,41 2
58170 1893.000000 2395.500000 ,79 1 ,72 4 ,42 1 ,41 3 ,62 3 ,21 2
58526 1845.000000 2392.500000 ,74 2
64224 1860.000000 2424.000000 ,79 4
66743 1894.500000 2406.000000 ,26 4 ,32 1 ,18 2 ,5 2 ,69 2 ,38 1
69632 1855.500000 2404.500000 ,50 1 ,66 2 ,19 1 ,24 5 ,54 1
72432 1845.000000 2395.500000 ,81 2 ,85 5 ,75 5 ,61 2
80565 1938.000000 2400.000000 ,70 1 ,45 4 ,84 5
81149 1845.000000 2416.500000 ,94 2 ,34 3 ,0 5 ,78 2 ,80 1
82237 1879.500000 2422.500000 ,90 1
85345 1894.500000 2403.000000 ,7 2 ,45 2 ,37 5 ,23 3 ,2 4
86221 1944.000000 2413.500000 ,64 4 ,40 1 ,97 4
88493 1855.500000 2416.500000 ,79 2
93169 1885.500000 2424.000000 ,79 4 ,23 3 ,14 5 ,52 1 ,70 4
94149 1879.500000 2403.000000 ,18 2 ,37 4
94754 1851.000000 2401.500000 ,1 1 ,79 2
98662 1908.000000 2419.500000 ,21 1 ,19 3 ,77 3 ,22 3
