6236 2130.000000 504.000000 ,97 4 ,35 5 ,19 2
8270 2101.500000 516.000000 ,43 4 ,94 1 ,23 3
8480 2098.500000 529.500000 ,94 2 ,81 4 ,96 5 ,46 1
9893 2098.500000 499.500000 ,79 3 ,49 2
15645 2134.500000 525.000000 ,65 1 ,90 2
17025 2115.000000 519.000000 ,34 4 ,92 4 ,24 2 ,61 5 ,22 5
19504 2127.000000 495.000000 ,49 2 ,13 3 ,48 1 ,69 1 ,67 4 ,96 1
28244 2107.500000 496.500000 ,22 5 ,77 2 ,39 1 ,45 5 ,48 2 ,17 5
36379 2116.500000 513.000000 ,27 3 ,26 1 ,47 5 ,85 1 ,57 1
36991 2133.000000 502.500000 ,15 4 ,13 5 ,61 1 ,97 5 ,57 2 ,92 2
39593 2134.500000 496.500000 ,30 1
44851 2092.500000 507.000000 ,86 2 ,94 3
48231 2104.500000 544.500000 ,7 3 ,34 2 ,74 2
52150 2131.500000 544.500000 ,55 5 ,13 5 ,37 2
52624 2104.500000 514.500000 ,4 5
53052 2131.500000 517.500000 ,4 1 ,78 1 ,22 1 ,98 4 ,43 4 ,21 5
59498 2118.000000 508.500000 ,77 4
62968 2130.000000 492.000000 ,37 2
64181 2091.000000 543.000000 ,96 3 ,65 5 ,25 4 ,48 3 ,47 2 ,86 2
64586 2097.000000 537.000000 ,95 5 ,5 5 ,66 2 ,27 4 ,69 2
69689 2131.500000 499.500000 ,71 1 ,55 2 ,6 4 ,39 1 ,1 5
81335 2122.500000 528.000000 ,21 3 ,32 4 ,11 1 ,8 1
86708 2095.500000 546.000000 ,51 3 ,75 1 ,95 2 ,37 4 ,40 2
92727 2106.000000 538.500000 ,82 1 ,84 2 ,98 1
