1675 3238.500000 2820.000000 ,87 1 ,49 5 ,85 2 ,86 3 ,29 1
4052 3255.000000 2856.000000 ,18 2 ,11 1 ,72 2 ,77 5 ,83 5 ,4 4
10393 3222.000000 2803.500000 ,74 3 ,99 1 ,61 5
19968 3219.000000 2802.000000 ,51 4 ,48 1 ,86 3 ,14 4
22863 3235.500000 2818.500000 ,37 3 ,52 5 ,76 1
35744 3255.000000 2857.500000 ,42 5 ,71 5 ,99 3 ,35 4 ,31 4
36693 3252.000000 2802.000000 ,57 1 ,42 5
40342 3216.000000 2812.500000 ,20 4 ,78 1 ,89 1 ,67 2 ,6 5
52209 3243.000000 2848.500000 ,28 3 ,99 5 ,92 1 ,84 5 ,83 5
54205 3252.000000 2826.000000 ,97 3 ,80 2 ,42 2 ,90 5 ,75 3 ,9 4
55036 3255.000000 2818.500000 ,16 3 ,79 5 ,28 2
57052 3225.000000 2857.500000 ,13 4 ,10 5 ,9 4
57300 3217.500000 2797.500000 ,77 3 ,71 2 ,82 1
64991 3255.000000 2856.000000 ,25 2 ,55 1 ,31 2 ,75 3 ,21 3
66762 3225.000000 2806.500000 ,9 2 ,69 2 ,54 5
67329 3244.500000 2832.000000 ,56 5 ,89 2
73835 3225.000000 2818.500000 ,2 1 ,24 4 ,69 3 ,64 3 ,9 2 ,59 3
74180 3214.500000 2827.500000 ,94 5
79344 3216.000000 2851.500000 ,79 4 ,34 3 ,96 5 ,10 3 ,24 5
81323 3240.000000 2851.500000 ,71 1 ,7 5 ,38 2
82994 3231.000000 2854.500000 ,43 1 ,74 4 ,88 3 ,82 5 ,14 2
84084 3214.500000 2812.500000 ,3 2 ,97 1 ,21 3 ,74 1
86311 3216.000000 2857.500000 ,77 3
97734 3250.500000 2799.000000 ,14 3 ,46 3 ,34 3 ,41 1 ,42 3 ,5 5
97785 3252.000000 2856.000000 ,95 1 ,86 3 ,98 3
