424 1152.000000 2556.000000 ,80 1 ,89 4
5982 1173.000000 2557.500000 ,84 3 ,3 4 ,70 5
6719 1194.000000 2532.000000 ,34 5
7912 1149.000000 2592.000000 ,28 1 ,80 2
7970 1134.000000 2515.500000 ,54 1 ,8 2 ,96 3
8336 1191.000000 2524.500000 ,76 3
10110 1138.500000 2578.500000 ,27 5
10450 1167.000000 2589.000000 ,33 3 ,73 3 ,50 5
11134 1177.500000 2554.500000 ,26 1 ,89 4
13194 1192.500000 2542.500000 ,2 1 ,56 3
16421 1132.500000 2515.500000 ,8 5 ,62 3 ,89 3 ,29 1 ,71 3 ,74 2
21700 1161.000000 2571.000000 ,75 2
21928 1183.500000 2505.000000 ,52 3 ,75 3 ,14 3 ,58 5 ,46 4 ,61 1
25629 1152.000000 2502.000000 ,62 5
27424 1191.000000 2539.500000 ,47 1 ,81 1 ,16 5 ,53 3 ,95 4 ,33 2
28186 1173.000000 2503.500000 ,59 2 ,69 3
29913 1203.000000 2517.000000 ,36 5 ,77 3 ,94 2 ,72 4 ,6 1
31395 1156.500000 2535.000000 ,63 1 ,85 4 ,80 4 ,91 5
31883 1204.500000 2581.500000 ,27 1 ,93 3
39954 1158.000000 2574.000000 ,11 1 ,21 2 ,27 1 ,15 4
42617 1162.500000 2581.500000 ,21 3 ,76 4 ,35 4
43127 1162.500000 2589.000000 ,35 5 ,0 4 ,41 1 ,11 2 ,40 1 ,88 1
45426 1141.500000 2508.000000 ,94 3 ,95 2 ,92 4
71331 1195.500000 2593.500000 ,86 1 ,70 3 ,46 2 ,84 3
76757 1147.500000 2562.000000 ,80 4 ,9 3 ,14 5 ,86 4 ,23 2 ,41 5
78479 1135.500000 2575.500000 ,73 1 ,29 4 ,40 5
82561 1189.500000 2520.000000 ,19 3 ,85 5 ,8 2 ,97 5 ,16 1
83228 1180.500000 2587.500000 ,16 3
83761 1194.000000 2580.000000 ,83 2 ,52 1 ,50 3 ,88 3 ,42 5
85115 1153.500000 2524.500000 ,29 5 ,92 2
85268 1206.000000 2557.500000 ,55 1 ,95 2 ,97 2
91090 1206.000000 2527.500000 ,37 5 ,97 5 ,73 5 ,49 4
91438 1140.000000 2533.500000 ,4 4
92560 1146.000000 2595.000000 ,50 4 ,21 2 ,68 2
94192 1144.500000 2551.500000 ,2 2 ,3 2 ,91 1 ,11 5 ,84 4 ,6 5
94797 1176.000000 2598.000000 ,73 3
96892 1147.500000 2523.000000 ,96 2 ,43 3 ,81 2 ,18 2
99936 1200.000000 2500.500000 ,99 3
