3076 1549.500000 619.500000 ,21 3 ,36 2 ,34 2
4219 1575.000000 643.500000 ,92 3
6728 1566.000000 616.500000 ,92 3 ,66 3 ,33 2 ,83 5 ,61 4
8213 1527.000000 613.500000 ,53 2 ,57 3 ,68 4
8857 1537.500000 646.500000 ,77 4 ,2 2 ,50 1 ,91 3 ,47 4 ,66 1
9680 1576.500000 648.000000 ,63 5 ,28 1 ,84 2 ,55 2 ,89 5
12193 1570.500000 646.500000 ,96 4 ,20 4
16857 1540.500000 597.000000 ,3 5 ,60 3 ,51 1 ,27 2 ,47 4 ,12 3
19919 1546.500000 643.500000 ,2 3 ,56 4
22108 1585.500000 652.500000 ,35 5 ,25 5 ,96 3 ,81 2
22338 1581.000000 606.000000 ,95 2 ,19 5 ,97 2 ,21 2
25993 1534.500000 583.500000 ,83 1
26137 1573.500000 606.000000 ,61 1 ,54 3 ,69 1 ,47 2 ,45 4 ,55 4
27103 1563.000000 642.000000 ,61 4 ,78 4 ,18 1 ,73 1 ,55 3 ,7 4
28664 1540.500000 646.500000 ,48 5 ,68 4 ,95 1 ,6 3 ,70 3
35620 1573.500000 603.000000 ,69 5 ,72 4
45951 1546.500000 607.500000 ,91 5 ,73 1
48309 1545.000000 594.000000 ,96 5 ,15 1 ,20 1
53195 1549.500000 603.000000 ,57 2 ,0 1
55696 1549.500000 600.000000 ,17 3 ,66 5 ,24 3
57084 1578.000000 618.000000 ,75 1
62153 1569.000000 597.000000 ,10 3 ,87 5 ,62 2 ,98 4
64263 1549.500000 633.000000 ,55 3 ,53 4 ,68 1 ,86 5 ,80 2
68021 1549.500000 613.500000 ,0 2
71452 1582.500000 613.500000 ,12 5
76562 1576.500000 649.500000 ,53 2 ,55 2 ,25 2
81803 1557.000000 649.500000 ,4 2 ,5 3
90761 1579.500000 610.500000 ,70 5 ,94 1 ,78 4
95003 1573.500000 606.000000 ,0 4 ,1 5 ,8 3
96713 1587.000000 622.500000 ,39 3 ,13 5 ,91 3 ,29 1 ,25 1
96917 1584.000000 612.000000 ,65 2
97372 1536.000000 606.000000 ,34 5 ,91 1 ,17 3
99529 1534.500000 603.000000 ,12 4 ,77 4
