25 1924.500000 1194.000000 ,73 3
6594 1918.500000 1242.000000 ,50 2 ,6 5 ,52 3 ,26 3 ,95 4
8000 1933.500000 1210.500000 ,71 1 ,34 5
9145 1938.000000 1207.500000 ,89 1 ,96 3 ,57 1
17323 1942.500000 1167.000000 ,81 3 ,93 1
20386 1935.000000 1176.000000 ,8 1 ,76 2
20978 1936.500000 1170.000000 ,35 5 ,47 1
22905 1929.000000 1209.000000 ,0 2 ,45 4 ,83 1 ,28 2
29801 1950.000000 1221.000000 ,11 4 ,14 1
30084 1945.500000 1248.000000 ,65 3 ,17 2 ,42 2 ,68 4 ,98 3
32125 1927.500000 1228.500000 ,16 5 ,98 4
40598 1921.500000 1237.500000 ,53 4 ,65 1
40865 1924.500000 1198.500000 ,7 5 ,1 4 ,48 1 ,67 4
42883 1950.000000 1236.000000 ,71 5 ,98 2 ,49 3 ,64 4 ,14 3 ,62 4
44661 1923.000000 1251.000000 ,40 5 ,7 1 ,34 2
48809 1938.000000 1230.000000 ,19 2 ,78 2 ,61 4 ,30 3 ,64 2 ,34 1
52659 1941.000000 1251.000000 ,96 5 ,42 2 ,8 4 ,82 3
52787 1915.500000 1209.000000 ,17 3 ,96 2
60649 1929.000000 1230.000000 ,92 1 ,83 1 ,36 4
62412 1927.500000 1236.000000 ,71 4 ,7 4 ,31 2 ,69 3 ,23 1
68824 1947.000000 1203.000000 ,81 3 ,28 2
70392 1939.500000 1240.500000 ,80 4
75890 1954.500000 1234.500000 ,44 5 ,18 1 ,76 3
76858 1960.500000 1222.500000 ,22 2 ,23 5 ,92 3 ,97 5 ,78 1
88188 1927.500000 1194.000000 ,20 3 ,47 1 ,63 1 ,56 2 ,42 1 ,39 3
89277 1942.500000 1251.000000 ,2 5 ,9 4 ,94 4 ,87 5 ,71 2 ,7 5
