1469 1147.500000 2373.000000 ,63 4 ,59 3
5791 1144.500000 2431.500000 ,90 3 ,42 4 ,84 2 ,54 4 ,16 5 ,75 5
9344 1228.500000 2391.000000 ,43 5 ,91 4 ,95 2 ,65 5
10145 1201.500000 2434.500000 ,59 3 ,80 1 ,5 5 ,10 2
10547 1149.000000 2380.500000 ,60 2 ,80 3 ,55 2 ,37 2 ,42 5
20842 1185.000000 2415.000000 ,55 2 ,39 3 ,42 4
24952 1149.000000 2434.500000 ,16 3 ,9 2 ,17 1 ,55 4 ,51 3
41534 1134.000000 2428.500000 ,46 2 ,69 5 ,23 2
42235 1179.000000 2373.000000 ,86 5 ,2 4 ,98 3 ,18 1
42992 1156.500000 2401.500000 ,8 2
44230 1162.500000 2403.000000 ,38 1 ,72 2 ,57 1 ,40 4 ,88 5
47053 1203.000000 2377.500000 ,37 2
47071 1161.000000 2397.000000 ,87 5 ,86 3 ,5 5 ,0 1 ,41 5 ,19 5
71203 1231.500000 2403.000000 ,89 2 ,69 3 ,27 5 ,99 4
71652 1188.000000 2371.500000 ,89 3 ,95 3 ,35 1 ,55 2
71918 1146.000000 2428.500000 ,65 3 ,14 2 ,38 4 ,89 5
72057 1197.000000 2379.000000 ,90 5 ,37 3
72230 1174.500000 2422.500000 ,6 1 ,49 4 ,25 2 ,99 4
73362 1197.000000 2422.500000 ,73 3 ,72 2 ,2 2 ,65 1 ,8 4 ,67 2
73939 1152.000000 2412.000000 ,42 5 ,56 1 ,94 4 ,38 5 ,83 2 ,29 2
74087 1158.000000 2377.500000 ,25 3 ,34 2 ,27 5 ,76 4
81476 1194.000000 2437.500000 ,43 1 ,78 4
82666 1177.500000 2407.500000 ,21 1 ,87 3 ,67 4 ,58 4 ,83 4
83328 1186.500000 2371.500000 ,37 3 ,59 1 ,44 3 ,1 2 ,26 2 ,15 3
83772 1191.000000 2406.000000 ,48 3 ,1 4
86499 1191.000000 2440.500000 ,5 4 ,26 1
86992 1234.500000 2389.500000 ,71 1
89802 1132.500000 2425.500000 ,23 3 ,22 5
93973 1167.000000 2436.000000 ,8 5 ,95 2 ,84 5 ,35 3 ,21 4
98753 1203.000000 2424.000000 ,21 3 ,89 3
99885 1174.500000 2440.500000 ,48 5 ,95 4 ,15 1 ,66 4
99967 1152.000000 2386.500000 ,97 3 ,19 2 ,9 4
