10190 13.500000 2913.000000 ,67 2 ,26 5 ,57 4 ,86 1 ,27 3 ,60 3
30284 27.000000 2919.000000 ,4 1 ,30 4
34494 15.000000 2935.500000 ,54 1 ,55 5 ,82 1 ,35 2 ,39 3 ,60 3
36306 9.000000 2905.500000 ,70 4 ,50 1 ,56 3 ,24 5 ,79 3 ,54 1
36674 9.000000 2923.500000 ,91 5 ,16 1 ,12 2 ,51 1 ,33 1 ,95 5
42249 9.000000 2929.500000 ,29 4 ,8 3 ,39 2 ,37 3 ,12 5
43193 9.000000 2944.500000 ,7 3 ,30 1
48927 15.000000 2893.500000 ,0 2
49056 24.000000 2938.500000 ,97 3 ,74 3 ,31 3 ,3 3
49551 21.000000 2890.500000 ,58 3 ,55 5
52006 0.000000 2938.500000 ,62 5 ,92 2
79294 4.500000 2928.000000 ,80 5 ,2 5
82909 12.000000 2902.500000 ,5 3 ,98 5 ,84 5
84421 1.500000 2893.500000 ,53 5
90818 19.500000 2940.000000 ,5 4 ,86 3 ,98 1
95852 3.000000 2929.500000 ,69 1 ,2 5
95976 10.500000 2932.500000 ,11 5 ,69 3 ,70 1 ,48 1 ,67 1
