1135 1719.000000 2871.000000 ,25 1 ,48 5 ,31 4 ,12 4 ,94 3 ,96 3
4752 1695.000000 2886.000000 ,52 1 ,53 4 ,59 3
7759 1681.500000 2886.000000 ,48 1 ,80 5 ,11 5
13931 1701.000000 2889.000000 ,49 3 ,63 5 ,19 4
17062 1744.500000 2862.000000 ,73 4 ,45 1
18443 1738.500000 2863.500000 ,27 4 ,32 3 ,21 2 ,77 1
22640 1728.000000 2862.000000 ,16 1 ,63 2 ,53 5
35166 1699.500000 2868.000000 ,40 2 ,77 1 ,30 3
39571 1723.500000 2871.000000 ,73 5 ,42 4
40132 1711.500000 2866.500000 ,39 2 ,51 4 ,0 2 ,10 1 ,31 5
43969 1747.500000 2887.500000 ,59 3 ,91 3
44308 1711.500000 2886.000000 ,28 1 ,83 4 ,22 2
59018 1738.500000 2860.500000 ,10 4
62916 1737.000000 2890.500000 ,73 5 ,3 5
66150 1744.500000 2868.000000 ,61 4 ,52 1
73087 1705.500000 2871.000000 ,73 4 ,14 5 ,69 2 ,62 4
75509 1707.000000 2860.500000 ,6 4 ,41 1 ,97 4 ,57 3 ,16 2
76614 1686.000000 2877.000000 ,69 2 ,29 4 ,85 5
77876 1723.500000 2874.000000 ,78 1 ,63 5
77977 1696.500000 2883.000000 ,38 4 ,51 2
84804 1713.000000 2886.000000 ,1 1 ,94 1 ,40 3
87830 1701.000000 2860.500000 ,48 3 ,46 3 ,25 4
93882 1690.500000 2878.500000 ,74 2 ,49 3 ,30 3 ,8 4 ,46 3 ,65 5
