10804 3742.500000 657.000000 ,16 1 ,72 2
23318 3757.500000 600.000000 ,26 1 ,96 4 ,30 4 ,95 4
23754 3751.500000 615.000000 ,44 1 ,46 5 ,12 3 ,0 5 ,27 4 ,64 4
28277 3781.500000 642.000000 ,39 2 ,37 1 ,17 3
38717 3769.500000 658.500000 ,78 2 ,7 1 ,63 1
40998 3756.000000 607.500000 ,80 5
42682 3727.500000 655.500000 ,23 5 ,74 2
43876 3738.000000 603.000000 ,10 3 ,14 2
46828 3747.000000 609.000000 ,59 5 ,97 2 ,71 5 ,82 5 ,20 1
50502 3787.500000 634.500000 ,77 3 ,1 3 ,25 3
51625 3733.500000 612.000000 ,12 4 ,25 4 ,64 4
53832 3763.500000 619.500000 ,65 4 ,95 1 ,16 5 ,84 2 ,74 4
55878 3727.500000 636.000000 ,70 3
59161 3783.000000 600.000000 ,94 3
63244 3771.000000 648.000000 ,51 3 ,85 5 ,35 1 ,42 2
63969 3739.500000 637.500000 ,47 1 ,60 1 ,48 3 ,76 5
66615 3774.000000 643.500000 ,81 2 ,37 2
67295 3753.000000 613.500000 ,73 5 ,94 1 ,64 5 ,95 1 ,80 3 ,27 4
72120 3756.000000 616.500000 ,14 1 ,16 5 ,8 2 ,7 4
72519 3739.500000 640.500000 ,59 1 ,16 5 ,60 1 ,46 5
74504 3745.500000 642.000000 ,18 3 ,62 2 ,76 1 ,36 2
76435 3754.500000 645.000000 ,49 4 ,97 5 ,14 2
76821 3741.000000 606.000000 ,38 2
77789 3786.000000 628.500000 ,41 3 ,16 5 ,40 1 ,72 2
80582 3783.000000 619.500000 ,3 2 ,75 5
88907 3783.000000 643.500000 ,76 5 ,32 3 ,9 3 ,3 1 ,93 2
90385 3754.500000 607.500000 ,21 4 ,0 5 ,59 2 ,30 2 ,86 4
93771 3766.500000 643.500000 ,36 3 ,82 2 ,33 2
97958 3793.500000 625.500000 ,55 3 ,68 4
98364 3781.500000 603.000000 ,71 5 ,1 1 ,51 3 ,14 1 ,47 2
99289 3768.000000 646.500000 ,54 5 ,14 5
