9687 3624.000000 1725.000000 ,20 4 ,66 1 ,19 5
9789 3622.500000 1728.000000 ,51 3 ,62 5 ,96 2 ,86 4 ,48 3 ,65 4
12768 3594.000000 1710.000000 ,72 3 ,74 5 ,23 2 ,78 3 ,29 2 ,57 4
13033 3625.500000 1755.000000 ,20 5 ,36 1 ,22 1
16022 3597.000000 1753.500000 ,17 2 ,82 4 ,99 3 ,5 5 ,57 5 ,9 5
17088 3631.500000 1752.000000 ,66 5 ,32 3 ,92 1 ,41 3 ,93 2 ,79 2
18366 3615.000000 1716.000000 ,96 1 ,40 4 ,36 4 ,50 4
21454 3613.500000 1732.500000 ,70 5 ,34 2 ,10 2 ,4 3 ,99 2
24710 3567.000000 1747.500000 ,64 4
28862 3571.500000 1756.500000 ,31 3 ,18 4 ,41 1 ,36 1
34600 3598.500000 1758.000000 ,46 3 ,54 3 ,67 5 ,60 3 ,95 2
36043 3639.000000 1731.000000 ,76 4 ,18 2 ,28 3 ,6 2 ,93 4 ,29 1
42673 3586.500000 1723.500000 ,71 4 ,74 2 ,86 2
44100 3585.000000 1755.000000 ,15 3
47698 3646.500000 1740.000000 ,2 4
48754 3630.000000 1731.000000 ,17 3 ,11 5 ,81 1 ,66 5 ,68 4 ,72 1
51759 3610.500000 1708.500000 ,58 3 ,93 2 ,14 4 ,95 3 ,22 4 ,7 2
56791 3592.500000 1704.000000 ,8 2 ,22 1 ,37 4 ,61 5 ,5 2
64044 3601.500000 1708.500000 ,48 1 ,27 5
64583 3642.000000 1749.000000 ,52 5
70136 3627.000000 1731.000000 ,34 2 ,28 3
72058 3570.000000 1717.500000 ,34 4 ,66 1 ,21 4 ,29 3
73744 3613.500000 1752.000000 ,4 2 ,65 4 ,26 2
81303 3604.500000 1728.000000 ,18 5 ,64 5 ,7 2 ,62 1 ,6 2
81747 3576.000000 1758.000000 ,7 1
83657 3622.500000 1737.000000 ,92 4 ,28 4 ,76 4
85689 3597.000000 1717.500000 ,26 5
87188 3636.000000 1713.000000 ,54 4 ,72 5 ,64 4 ,13 5
87253 3621.000000 1738.500000 ,7 2 ,62 5
88938 3607.500000 1717.500000 ,36 4
90469 3610.500000 1735.500000 ,12 1 ,57 1 ,51 1
95284 3630.000000 1732.500000 ,33 2 ,85 4 ,12 3 ,61 2 ,13 4
96834 3639.000000 1705.500000 ,41 5 ,47 1 ,31 1 ,59 4
