2146 2532.000000 2143.500000 ,65 2
2636 2493.000000 2173.500000 ,58 1 ,39 2
4946 2488.500000 2145.000000 ,35 5 ,23 3 ,59 3
5019 2532.000000 2143.500000 ,77 2 ,9 3 ,47 3 ,64 3
6509 2446.500000 2178.000000 ,56 3 ,14 1 ,16 4 ,98 3 ,28 5 ,33 5
8678 2515.500000 2145.000000 ,42 2 ,3 4 ,91 1 ,90 3
13468 2526.000000 2163.000000 ,83 2 ,64 3 ,77 5 ,42 3 ,60 5
20152 2517.000000 2163.000000 ,23 3 ,7 3 ,69 4
21982 2503.500000 2163.000000 ,34 1 ,39 1 ,31 3 ,38 5
23782 2478.000000 2176.500000 ,62 3 ,23 5
24891 2445.000000 2184.000000 ,25 3
40399 2536.500000 2170.500000 ,46 1 ,87 1 ,62 2 ,32 5 ,86 5 ,93 2
43480 2509.500000 2146.500000 ,85 1 ,50 3 ,58 5 ,93 1 ,13 4 ,22 1
45113 2476.500000 2181.000000 ,26 5 ,24 5 ,6 3 ,1 5 ,47 1
48646 2473.500000 2176.500000 ,30 3 ,46 3 ,87 3 ,99 3 ,6 2 ,21 4
51545 2524.500000 2158.500000 ,45 4 ,22 2
52475 2500.500000 2176.500000 ,13 1 ,38 4
53284 2520.000000 2184.000000 ,2 5 ,15 4
61036 2466.000000 2178.000000 ,64 5 ,41 1
70223 2514.000000 2164.500000 ,60 3 ,11 1 ,46 1 ,88 5 ,96 4
70529 2461.500000 2172.000000 ,30 4 ,86 3 ,51 1
77360 2463.000000 2163.000000 ,82 5 ,37 2 ,45 4
81180 2451.000000 2178.000000 ,40 1
81963 2460.000000 2185.500000 ,89 5
83088 2499.000000 2151.000000 ,90 5 ,61 5 ,37 5
93770 2470.500000 2145.000000 ,97 5 ,1 3 ,78 5 ,14 5 ,62 2
94509 2527.500000 2160.000000 ,78 5 ,90 4 ,14 1 ,46 5
95382 2497.500000 2167.500000 ,97 5 ,66 2 ,47 2 ,17 2 ,16 5 ,4 4
96896 2442.000000 2155.500000 ,54 5 ,32 4
99135 2491.500000 2148.000000 ,22 1 ,66 3 ,98 2 ,35 5
99778 2449.500000 2187.000000 ,41 5 ,67 5 ,21 2 ,86 5 ,89 1 ,56 2
