1526 4110.000000 2029.500000 ,39 5 ,65 5 ,3 2 ,42 2 ,82 4
4050 4068.000000 2041.500000 ,43 4 ,55 2 ,53 2 ,49 2 ,2 2 ,28 5
4895 4074.000000 2013.000000 ,86 3 ,70 4 ,85 2 ,2 3
6199 4081.500000 2013.000000 ,6 2 ,51 3 ,59 4 ,34 2 ,82 2 ,15 1
6244 4104.000000 2046.000000 ,30 1 ,57 5 ,36 1 ,83 5
6388 4074.000000 2055.000000 ,11 1 ,15 5
10764 4092.000000 2052.000000 ,3 1 ,35 4
26181 4116.000000 2037.000000 ,86 4 ,98 1 ,67 5 ,13 1
41911 4117.500000 2020.500000 ,90 2 ,54 3 ,94 3 ,6 3 ,81 5 ,49 1
50519 4107.000000 2031.000000 ,28 3 ,74 4 ,45 3 ,3 4 ,89 1 ,1 4
51108 4072.500000 2038.500000 ,18 4 ,87 5 ,71 4
53966 4087.500000 2038.500000 ,52 5 ,58 2
58889 4078.500000 2023.500000 ,79 1 ,14 4 ,19 2 ,63 4 ,22 1
65427 4092.000000 2049.000000 ,53 2 ,7 2 ,65 4 ,20 5 ,97 2 ,79 5
67443 4087.500000 2049.000000 ,19 4 ,68 5 ,75 2
67645 4048.500000 2023.500000 ,88 4
69616 4060.500000 2041.500000 ,6 1 ,83 2 ,39 5 ,51 1 ,26 2 ,62 3
81582 4116.000000 2020.500000 ,13 5 ,77 3 ,20 5 ,94 1 ,36 4 ,62 2
86357 4104.000000 2032.500000 ,38 5 ,42 1 ,49 3
89279 4093.500000 2010.000000 ,8 5 ,6 4 ,19 5 ,18 3 ,28 3 ,78 2
91499 4117.500000 2040.000000 ,90 1 ,80 2
94560 4077.000000 2020.500000 ,31 4 ,91 5 ,75 4 ,29 1 ,43 1 ,77 4
95620 4101.000000 2026.500000 ,91 1 ,99 2 ,36 4 ,67 3 ,59 3
97695 4078.500000 2028.000000 ,99 2 ,85 3 ,24 5 ,26 4
98578 4057.500000 2029.500000 ,86 5 ,33 1 ,59 4
99643 4074.000000 2029.500000 ,69 2 ,44 1 ,22 1 ,67 5 ,61 1 ,63 2
