858 652.500000 2154.000000 ,64 2 ,90 5
2928 657.000000 2125.500000 ,91 3 ,98 5 ,97 3 ,84 2 ,35 1 ,65 2
6072 643.500000 2136.000000 ,94 3
11138 640.500000 2140.500000 ,82 3 ,10 5 ,48 2 ,92 1 ,57 2
12265 651.000000 2115.000000 ,64 5 ,74 2 ,8 2 ,14 4
18092 654.000000 2146.500000 ,14 4 ,86 2 ,97 3 ,96 3 ,11 2
21039 643.500000 2149.500000 ,67 5 ,10 4
24255 637.500000 2151.000000 ,83 4 ,64 2 ,73 4
25776 642.000000 2140.500000 ,34 5 ,83 5 ,27 1 ,1 5 ,6 3
34303 640.500000 2130.000000 ,4 2 ,96 3 ,37 4 ,84 3
37546 645.000000 2124.000000 ,13 3 ,8 3 ,49 1
40713 658.500000 2124.000000 ,46 4 ,71 2 ,55 1 ,42 2 ,89 5 ,21 1
41635 657.000000 2145.000000 ,69 5
44173 639.000000 2161.500000 ,98 5 ,97 1 ,87 3 ,44 4 ,58 3 ,19 5
49259 622.500000 2125.500000 ,42 3 ,75 4 ,38 4
53037 645.000000 2124.000000 ,68 1 ,86 1
56492 637.500000 2155.500000 ,79 4 ,53 5 ,27 5 ,9 1 ,13 2 ,63 5
58510 655.500000 2145.000000 ,14 4 ,34 3 ,76 4 ,52 5
68891 637.500000 2151.000000 ,6 3 ,51 5 ,69 5 ,56 2 ,74 5 ,64 4
78732 655.500000 2142.000000 ,55 2 ,97 4 ,15 5 ,61 3 ,62 5
84551 622.500000 2161.500000 ,13 1 ,71 4 ,37 2 ,95 3
88168 639.000000 2148.000000 ,37 1 ,42 3 ,16 2 ,79 2 ,86 3
90650 657.000000 2160.000000 ,84 5 ,40 2
94447 637.500000 2136.000000 ,78 3
