7601 745.500000 240.000000 ,74 4 ,49 5 ,29 2 ,62 2 ,46 1
14520 739.500000 196.500000 ,67 5 ,99 3 ,14 4 ,75 1 ,84 2 ,49 5
15538 738.000000 208.500000 ,66 1 ,17 1 ,39 5 ,10 5
15807 745.500000 250.500000 ,69 5 ,33 5 ,51 5 ,10 2
17640 750.000000 201.000000 ,79 4 ,95 4 ,72 5 ,29 4 ,85 1
22033 699.000000 178.500000 ,65 5 ,16 2 ,32 2 ,24 2 ,75 2
25581 700.500000 249.000000 ,95 5 ,27 1 ,97 2
27553 718.500000 225.000000 ,63 3 ,38 5 ,65 4 ,50 5 ,41 2 ,36 4
32010 711.000000 253.500000 ,26 1 ,59 2
33721 709.500000 195.000000 ,58 3
33843 724.500000 210.000000 ,85 2 ,68 3 ,13 3 ,81 5 ,83 2 ,89 3
34664 703.500000 183.000000 ,91 4 ,84 3 ,19 4 ,79 3
40687 742.500000 222.000000 ,0 5 ,79 5
49653 711.000000 226.500000 ,33 4
50309 706.500000 198.000000 ,24 5 ,78 4
52262 750.000000 244.500000 ,7 1 ,81 5 ,94 5 ,90 1
52444 739.500000 211.500000 ,82 2 ,31 5 ,52 4
54973 732.000000 196.500000 ,78 1 ,86 5
55069 700.500000 195.000000 ,67 5 ,24 3
67343 729.000000 258.000000 ,72 3 ,32 1 ,26 2 ,74 1 ,54 2
68334 736.500000 256.500000 ,24 1 ,17 4 ,21 5
78335 730.500000 228.000000 ,51 1 ,42 4 ,49 4 ,13 2 ,95 2 ,44 1
81084 745.500000 246.000000 ,23 3 ,8 3 ,43 5 ,91 4 ,41 1 ,37 5
85860 699.000000 198.000000 ,12 1 ,34 5 ,33 3
86855 727.500000 259.500000 ,43 4 ,38 3 ,79 4 ,86 4 ,52 5
88294 703.500000 217.500000 ,41 3 ,17 2 ,91 1 ,94 1 ,77 2
90755 712.500000 265.500000 ,15 3 ,4 3 ,32 1
91811 703.500000 264.000000 ,83 1 ,14 3 ,50 1 ,76 3
95173 718.500000 189.000000 ,7 3
95334 751.500000 204.000000 ,60 3 ,2 2 ,48 5 ,28 1 ,92 2 ,37 1
