5007 424.500000 2707.500000 ,33 4 ,57 4 ,77 2 ,70 3
9912 456.000000 2736.000000 ,3 1 ,6 5 ,57 3 ,30 5 ,84 5
12103 454.500000 2694.000000 ,31 2
15438 445.500000 2704.500000 ,37 1 ,95 2 ,96 1 ,46 1 ,50 3
18177 465.000000 2727.000000 ,29 1 ,88 1 ,53 1 ,46 4 ,73 5 ,83 5
19522 456.000000 2703.000000 ,90 5 ,74 2
22186 429.000000 2731.500000 ,4 5 ,13 1 ,30 4 ,44 4 ,24 2 ,18 2
22790 456.000000 2686.500000 ,2 3 ,50 3 ,57 3 ,62 1
29299 453.000000 2712.000000 ,70 5 ,44 5 ,17 3 ,89 3 ,3 1 ,37 3
32632 456.000000 2715.000000 ,62 5 ,84 2 ,78 5 ,91 1 ,34 4 ,69 1
33040 424.500000 2686.500000 ,49 4
42409 459.000000 2715.000000 ,66 2 ,59 4 ,40 1 ,42 3
53926 433.500000 2739.000000 ,58 1
55292 424.500000 2736.000000 ,67 4 ,1 3 ,44 5 ,21 3 ,9 3 ,87 1
55935 463.500000 2724.000000 ,82 2
56526 453.000000 2700.000000 ,22 1 ,94 1 ,71 2
63905 450.000000 2730.000000 ,38 1 ,42 5 ,77 3
65851 432.000000 2710.500000 ,39 3 ,21 1 ,45 5 ,91 4
71263 421.500000 2737.500000 ,79 5 ,81 4
76808 468.000000 2727.000000 ,45 4 ,16 3 ,69 1 ,6 4 ,41 1
81916 469.500000 2688.000000 ,4 2 ,95 5 ,67 5 ,51 5 ,99 3 ,76 5
87690 463.500000 2718.000000 ,11 3 ,76 4 ,85 2
93654 469.500000 2737.500000 ,91 4 ,56 3 ,64 5
