3510 1726.500000 2562.000000 ,91 4 ,69 5
5232 1695.000000 2571.000000 ,53 5 ,45 1 ,43 3 ,83 5 ,25 3
5814 1722.000000 2571.000000 ,23 3 ,20 1 ,39 2 ,41 4
6305 1702.500000 2590.500000 ,37 1 ,63 3 ,40 3
8316 1707.000000 2551.500000 ,25 1 ,46 2
13224 1741.500000 2581.500000 ,73 1 ,98 1 ,55 2 ,86 4 ,39 5 ,52 2
13241 1686.000000 2577.000000 ,15 3 ,27 2 ,57 3 ,69 3 ,30 1 ,87 5
14600 1695.000000 2541.000000 ,44 1 ,4 4 ,70 3 ,7 4 ,88 2
16060 1734.000000 2605.500000 ,76 4 ,65 1
17213 1680.000000 2601.000000 ,74 1 ,71 5 ,4 4 ,92 4 ,88 2
21575 1680.000000 2560.500000 ,87 4 ,85 5
29313 1725.000000 2553.000000 ,84 4 ,61 4
34732 1734.000000 2542.500000 ,94 3
35996 1722.000000 2541.000000 ,13 1
36686 1678.500000 2560.500000 ,57 3 ,65 2 ,53 2 ,24 2 ,48 2
39036 1714.500000 2547.000000 ,7 3 ,78 4 ,73 2 ,53 4 ,98 1
41599 1738.500000 2562.000000 ,82 2 ,18 4 ,7 3 ,24 3 ,94 1 ,98 5
42697 1695.000000 2580.000000 ,8 1 ,72 5 ,40 4
44773 1690.500000 2569.500000 ,2 1 ,98 1 ,73 1
45473 1678.500000 2574.000000 ,19 3 ,58 3
46979 1692.000000 2574.000000 ,79 1 ,82 4 ,89 1 ,86 4 ,93 2 ,54 3
49016 1737.000000 2577.000000 ,56 5
49731 1705.500000 2599.500000 ,36 3 ,91 5
50199 1675.500000 2560.500000 ,49 4 ,68 1 ,65 2 ,87 5 ,9 1
50453 1698.000000 2580.000000 ,89 5 ,96 4
62879 1743.000000 2556.000000 ,48 4
70062 1719.000000 2560.500000 ,78 5 ,64 5 ,36 2 ,1 4 ,76 3 ,81 1
74955 1689.000000 2592.000000 ,1 5 ,2 1 ,53 2
79224 1698.000000 2547.000000 ,1 5 ,44 3
82751 1726.500000 2581.500000 ,73 1 ,46 1 ,15 2 ,22 3 ,65 1
85720 1681.500000 2601.000000 ,21 2 ,8 5 ,30 4 ,82 4 ,17 5 ,38 1
93176 1693.500000 2581.500000 ,31 2 ,90 3
94379 1737.000000 2604.000000 ,26 1 ,58 4
94725 1707.000000 2596.500000 ,68 4 ,83 1
96609 1717.500000 2551.500000 ,44 1 ,18 4
96910 1728.000000 2560.500000 ,75 3 ,90 4 ,72 3 ,60 3 ,35 2 ,47 5
