2837 2937.000000 970.500000 ,48 5
4633 2916.000000 987.000000 ,64 4
14393 2938.500000 976.500000 ,10 5 ,76 2 ,21 1 ,61 3 ,94 2 ,25 3
16971 2959.500000 1002.000000 ,67 5
18538 2961.000000 1008.000000 ,76 3 ,73 4 ,83 3 ,54 4 ,98 5 ,29 4
18709 2937.000000 1011.000000 ,44 2 ,85 4
20508 2935.500000 1009.500000 ,28 4 ,57 4 ,59 2 ,27 4 ,90 4
21492 2959.500000 1017.000000 ,0 3 ,41 1 ,70 1 ,9 5 ,42 2
21634 2940.000000 999.000000 ,25 5 ,17 4 ,54 4
23426 2959.500000 991.500000 ,11 3 ,20 1
23826 2950.500000 1015.500000 ,9 2
24998 2950.500000 1017.000000 ,44 1 ,95 4
27899 2902.500000 1000.500000 ,32 5 ,18 5 ,37 2
28293 2907.000000 1008.000000 ,67 2 ,51 1 ,15 5
31504 2907.000000 961.500000 ,24 5 ,74 4 ,71 2 ,5 3 ,46 5 ,15 5
32323 2935.500000 996.000000 ,5 1 ,7 2 ,37 1 ,13 1 ,0 5 ,63 2
32851 2929.500000 978.000000 ,0 2 ,53 3 ,84 1
35559 2896.500000 999.000000 ,64 2 ,39 4 ,10 2
36752 2938.500000 979.500000 ,41 5 ,37 1 ,81 5 ,7 2
40173 2943.000000 1011.000000 ,97 4 ,4 3 ,18 5 ,58 3 ,1 1 ,78 2
41221 2917.500000 978.000000 ,92 2 ,52 3 ,21 1 ,47 4 ,36 3 ,22 4
49343 2929.500000 985.500000 ,79 2
50171 2949.000000 997.500000 ,77 4 ,32 1 ,10 2 ,14 4 ,30 5
51034 2905.500000 993.000000 ,20 1 ,89 2 ,51 4 ,22 1
51223 2932.500000 1014.000000 ,20 1 ,10 1 ,84 1 ,28 1
54290 2944.500000 991.500000 ,2 1 ,41 2 ,54 5 ,90 4 ,25 5
57802 2937.000000 1000.500000 ,98 4 ,50 3 ,80 1 ,52 2
59041 2938.500000 982.500000 ,56 3 ,62 5 ,23 3 ,37 1 ,51 4
63636 2898.000000 973.500000 ,5 3 ,4 2 ,74 2 ,33 4 ,53 2
75528 2964.000000 1000.500000 ,48 5
77322 2929.500000 994.500000 ,76 1 ,17 1 ,57 1 ,7 1 ,74 1
79379 2947.500000 966.000000 ,20 2 ,57 1 ,51 2 ,44 5 ,95 5
85262 2937.000000 955.500000 ,22 5 ,62 5
89020 2904.000000 966.000000 ,36 3 ,75 1
92842 2908.500000 1000.500000 ,65 5
93920 2907.000000 957.000000 ,82 5
95712 2950.500000 957.000000 ,34 1 ,17 2 ,3 5 ,39 5 ,44 5
98745 2953.500000 964.500000 ,87 1 ,66 4 ,84 2 ,28 3
