587 679.500000 1314.000000 ,27 5 ,59 4 ,80 2 ,9 4 ,11 4
2382 694.500000 1321.500000 ,86 3 ,97 1 ,13 3 ,45 3 ,65 4
2688 597.000000 1318.500000 ,31 5
3002 658.500000 1326.000000 ,70 5
4915 591.000000 1314.000000 ,26 1 ,70 1 ,98 3 ,41 4 ,5 3
5683 673.500000 1323.000000 ,34 2 ,16 2 ,79 3 ,13 4
11495 685.500000 1338.000000 ,88 3 ,65 1 ,41 1 ,66 1
34178 594.000000 1341.000000 ,0 1 ,38 3 ,10 1 ,48 1 ,54 1 ,12 5
36120 646.500000 1342.500000 ,33 5 ,94 1 ,43 2 ,98 3
41371 643.500000 1317.000000 ,7 2
50896 606.000000 1318.500000 ,99 2 ,89 5 ,74 3 ,10 4 ,78 1 ,66 2
52312 652.500000 1312.500000 ,20 3 ,17 4 ,35 5 ,76 4
77993 649.500000 1341.000000 ,77 2 ,37 1 ,35 4
88324 676.500000 1332.000000 ,6 2
91421 661.500000 1341.000000 ,34 2
91784 675.000000 1324.500000 ,74 3
