215 1762.500000 1884.000000 ,3 3 ,39 4 ,85 3 ,82 1 ,57 4
1059 1794.000000 1872.000000 ,27 3
12074 1786.500000 1893.000000 ,8 5 ,53 3 ,79 1
18549 1815.000000 1887.000000 ,97 2
19120 1792.500000 1860.000000 ,19 1 ,17 5
19168 1773.000000 1890.000000 ,41 1
23859 1810.500000 1903.500000 ,24 5 ,96 4 ,45 1
31848 1819.500000 1923.000000 ,75 1 ,80 3 ,41 4
35754 1813.500000 1863.000000 ,85 3 ,61 2 ,50 2 ,17 1 ,99 4 ,69 2
36769 1810.500000 1915.500000 ,23 2 ,34 2 ,9 1 ,72 1 ,61 4
46701 1786.500000 1921.500000 ,49 5 ,39 2 ,67 5 ,30 2 ,33 1 ,62 1
47466 1794.000000 1881.000000 ,40 2
54563 1819.500000 1881.000000 ,70 4 ,56 5 ,93 2 ,10 1 ,92 5 ,71 2
55726 1761.000000 1887.000000 ,37 1 ,88 2 ,43 2 ,70 4 ,8 4
58887 1758.000000 1902.000000 ,73 1
60082 1765.500000 1903.500000 ,3 4 ,52 3 ,9 3 ,45 4 ,81 3
65504 1774.500000 1906.500000 ,44 3 ,77 3 ,86 2
68519 1818.000000 1918.500000 ,94 5 ,67 2 ,33 2 ,28 2 ,88 4
70125 1771.500000 1905.000000 ,78 3
71498 1815.000000 1906.500000 ,46 5 ,89 3 ,90 1 ,96 5 ,28 3
74119 1806.000000 1894.500000 ,4 1 ,23 2 ,93 5
77695 1794.000000 1900.500000 ,70 1 ,75 1 ,84 4
91977 1758.000000 1912.500000 ,48 4 ,63 5 ,4 5 ,87 1
91991 1792.500000 1887.000000 ,36 1 ,38 3
93273 1803.000000 1873.500000 ,42 4 ,59 1 ,28 3
96398 1795.500000 1858.500000 ,40 5 ,37 4 ,12 5 ,42 3
98535 1798.500000 1920.000000 ,58 5 ,7 1 ,41 3
