1976 4137.000000 1069.500000 ,22 2 ,39 5 ,46 5
3761 4195.500000 1075.500000 ,57 3 ,39 4 ,45 4
14778 4207.500000 1075.500000 ,35 3 ,98 4 ,4 2 ,1 1 ,0 2 ,10 3
18358 4128.000000 1044.000000 ,6 5
21449 4192.500000 1063.500000 ,57 1 ,77 1 ,78 4 ,40 2 ,21 2 ,36 5
23817 4179.000000 1053.000000 ,3 4 ,68 5 ,34 3
30596 4188.000000 1065.000000 ,78 4 ,58 3
32172 4162.500000 1063.500000 ,88 1 ,7 2 ,21 1 ,82 2
43640 4177.500000 1042.500000 ,43 3 ,35 5 ,1 4 ,73 4 ,90 1 ,57 5
46354 4131.000000 1041.000000 ,6 3 ,49 3 ,46 1 ,65 5 ,63 2
48891 4137.000000 1074.000000 ,79 5 ,26 4
57072 4197.000000 1038.000000 ,19 4 ,55 4 ,15 5 ,89 2 ,49 4
59425 4180.500000 1078.500000 ,36 4 ,59 5 ,57 3 ,26 5 ,35 5
60627 4189.500000 1069.500000 ,75 3 ,58 4
65670 4131.000000 1053.000000 ,60 5 ,83 4 ,76 1 ,85 4 ,19 3
66801 4147.500000 1051.500000 ,66 3
67217 4216.500000 1048.500000 ,22 2 ,79 2 ,80 3 ,43 1
67460 4164.000000 1045.500000 ,95 4 ,81 3 ,34 4
67624 4213.500000 1054.500000 ,5 3 ,59 5
71746 4158.000000 1072.500000 ,0 5 ,64 2 ,77 3
71975 4156.500000 1069.500000 ,23 5 ,20 4 ,83 4 ,16 1 ,46 1
72141 4176.000000 1053.000000 ,67 2
74704 4144.500000 1051.500000 ,94 2 ,65 4 ,10 1 ,51 3
76770 4150.500000 1054.500000 ,68 2 ,79 5
78459 4161.000000 1041.000000 ,91 1 ,75 4 ,65 3 ,2 4 ,3 3
79156 4216.500000 1044.000000 ,33 3 ,7 5 ,88 3
80394 4215.000000 1068.000000 ,19 5
83973 4162.500000 1071.000000 ,96 1 ,76 2 ,61 4 ,68 4
92155 4203.000000 1078.500000 ,61 4 ,60 5 ,93 5 ,2 1 ,37 5 ,19 5
95644 4206.000000 1039.500000 ,53 4 ,3 2 ,85 2 ,56 3 ,40 4 ,84 5
97790 4219.500000 1077.000000 ,98 4 ,10 2 ,69 3 ,96 4 ,46 1
98255 4176.000000 1071.000000 ,87 4
