7239 1888.500000 1672.500000 ,11 2 ,58 4 ,24 4
8175 1885.500000 1693.500000 ,51 3 ,46 1
8582 1879.500000 1659.000000 ,76 1 ,47 4 ,3 4 ,34 2 ,72 5 ,33 2
9357 1879.500000 1716.000000 ,62 3 ,56 1 ,84 1 ,5 2 ,81 3
11017 1885.500000 1716.000000 ,4 5
13434 1896.000000 1663.500000 ,3 3 ,65 5 ,5 5
15981 1897.500000 1708.500000 ,73 1 ,38 5 ,27 2 ,44 2 ,8 5
16352 1851.000000 1698.000000 ,28 2 ,24 4 ,75 2 ,65 4 ,90 5
22693 1891.500000 1704.000000 ,70 4
36438 1852.500000 1659.000000 ,16 2 ,97 2 ,3 3 ,31 3
39089 1860.000000 1707.000000 ,96 2 ,56 2 ,71 4 ,79 2 ,59 5 ,86 3
39756 1851.000000 1672.500000 ,87 5 ,27 3 ,15 4 ,83 4 ,94 5 ,19 2
40266 1900.500000 1654.500000 ,51 5
42494 1884.000000 1696.500000 ,40 4 ,57 3 ,39 3
43715 1861.500000 1717.500000 ,50 4 ,6 4 ,98 4
44757 1900.500000 1686.000000 ,29 5 ,47 3
61115 1897.500000 1690.500000 ,53 5 ,0 4 ,21 1 ,24 1 ,18 1 ,29 4
70693 1881.000000 1719.000000 ,74 2 ,18 3 ,82 2
72455 1858.500000 1675.500000 ,95 3 ,49 4 ,50 1
72541 1860.000000 1671.000000 ,41 5 ,45 5 ,90 2 ,76 1
73227 1887.000000 1705.500000 ,62 2 ,95 5 ,26 2 ,48 4
73378 1861.500000 1716.000000 ,53 5 ,71 5 ,32 1 ,63 2 ,4 5
78310 1896.000000 1681.500000 ,56 1 ,68 2 ,45 4 ,20 5 ,84 4
80677 1891.500000 1669.500000 ,64 3 ,66 2 ,69 4 ,49 1
80888 1878.000000 1695.000000 ,38 5
90500 1903.500000 1656.000000 ,78 2 ,45 4 ,31 1 ,0 4
92724 1882.500000 1716.000000 ,39 4 ,58 1 ,71 4 ,3 3 ,98 4
