23 1305.000000 2707.500000 ,90 3 ,60 4 ,25 3 ,79 3 ,91 2 ,43 3
1104 1272.000000 2718.000000 ,64 2 ,47 5 ,21 3 ,26 5 ,73 5
2802 1284.000000 2694.000000 ,3 2 ,83 5 ,55 4 ,20 1 ,88 2 ,51 1
16192 1302.000000 2670.000000 ,82 3
18158 1267.500000 2704.500000 ,31 4 ,64 4 ,54 5 ,2 2 ,96 4 ,68 3
18967 1294.500000 2709.000000 ,7 2 ,10 3 ,35 4 ,43 1
25130 1251.000000 2691.000000 ,32 2 ,83 4 ,22 5 ,90 1
25826 1257.000000 2691.000000 ,23 1 ,75 1 ,79 1 ,27 4 ,31 3 ,52 3
26351 1281.000000 2719.500000 ,71 1 ,98 4
29301 1249.500000 2706.000000 ,97 5 ,83 1 ,73 5 ,26 2
32906 1264.500000 2698.500000 ,78 3 ,7 4 ,2 2 ,37 2 ,38 5 ,56 3
34751 1311.000000 2662.500000 ,87 4
47804 1287.000000 2661.000000 ,96 4 ,83 2 ,13 2 ,26 1 ,14 1
48990 1269.000000 2670.000000 ,81 3 ,66 3 ,28 3
51628 1296.000000 2662.500000 ,59 2 ,10 3 ,81 5
52633 1272.000000 2712.000000 ,82 2
52923 1275.000000 2709.000000 ,22 3 ,34 3 ,43 2 ,32 3 ,89 5
56717 1255.500000 2697.000000 ,30 4
58054 1251.000000 2695.500000 ,25 1 ,42 4
59250 1273.500000 2668.500000 ,77 2
60962 1303.500000 2719.500000 ,41 3 ,55 5
62869 1282.500000 2676.000000 ,74 1 ,85 5 ,14 2
62931 1287.000000 2703.000000 ,80 2 ,99 3 ,47 3 ,27 1 ,12 2
63303 1276.500000 2661.000000 ,44 4 ,68 2 ,25 4 ,6 5 ,48 1
63378 1263.000000 2709.000000 ,73 4 ,29 3 ,64 3 ,49 2
69048 1284.000000 2704.500000 ,96 4 ,99 1 ,47 4 ,64 3 ,77 4
72133 1282.500000 2685.000000 ,59 3
80868 1248.000000 2722.500000 ,70 1
