850 1932.000000 1542.000000 ,66 1 ,11 1
7402 1884.000000 1497.000000 ,34 3 ,39 4 ,27 4 ,90 2 ,49 2
10200 1881.000000 1533.000000 ,98 3 ,35 1 ,13 2 ,85 3 ,66 2 ,68 2
11885 1969.500000 1542.000000 ,39 2 ,99 4 ,58 4 ,30 1
12597 1951.500000 1548.000000 ,3 4
12775 1908.000000 1543.500000 ,79 1 ,15 4 ,36 3 ,40 2
14282 1917.000000 1549.500000 ,89 1 ,10 3
14896 1893.000000 1558.500000 ,76 5 ,6 5 ,51 4
16646 1927.500000 1534.500000 ,64 1 ,57 1 ,58 4 ,65 3 ,5 3
21689 1936.500000 1492.500000 ,35 2 ,17 5 ,58 1 ,87 2
21722 1914.000000 1546.500000 ,7 4 ,85 3 ,81 4 ,11 5 ,95 3
23342 1968.000000 1480.500000 ,1 5 ,53 2 ,49 4 ,83 5 ,24 2 ,87 5
23941 1864.500000 1510.500000 ,18 5 ,52 5 ,21 1 ,36 4 ,74 2
24154 1983.000000 1546.500000 ,35 1 ,58 2
26427 1930.500000 1482.000000 ,26 1 ,38 2 ,63 1 ,32 1
27619 1884.000000 1528.500000 ,25 5
29059 1980.000000 1498.500000 ,83 1 ,87 3 ,69 1 ,71 4
31115 1885.500000 1498.500000 ,21 4 ,97 1 ,37 3
33558 1969.500000 1488.000000 ,30 3 ,70 1
38580 1917.000000 1557.000000 ,96 3 ,72 4
39331 1852.500000 1548.000000 ,77 1 ,46 5 ,25 2 ,34 5 ,88 2 ,86 2
47575 1933.500000 1525.500000 ,49 3 ,58 3
50603 1873.500000 1543.500000 ,98 5 ,48 2 ,57 1 ,63 2 ,73 3
51838 1884.000000 1542.000000 ,59 5 ,95 3
54211 1953.000000 1528.500000 ,29 2 ,89 3 ,33 1
66229 1945.500000 1530.000000 ,90 1 ,47 2
66875 1885.500000 1554.000000 ,95 1 ,61 1 ,49 3 ,13 5 ,41 5
67076 1980.000000 1530.000000 ,42 2 ,63 4 ,56 2 ,74 3 ,89 1
67400 1944.000000 1530.000000 ,98 5 ,26 1
68756 1909.500000 1546.500000 ,62 1
71322 1897.500000 1557.000000 ,86 2 ,65 4 ,54 4
73999 1929.000000 1537.500000 ,59 4 ,36 1
87158 1951.500000 1540.500000 ,17 5 ,8 2 ,41 3
90937 1884.000000 1527.000000 ,30 2 ,9 2 ,39 3
95566 1968.000000 1549.500000 ,17 5 ,73 2
