2612 4137.000000 249.000000 ,17 5 ,13 4 ,23 5 ,88 1 ,87 1
2650 4126.500000 247.500000 ,52 3 ,7 3
3039 4164.000000 241.500000 ,65 5 ,98 3 ,80 5 ,24 2
4725 4122.000000 228.000000 ,44 1 ,77 1 ,93 4 ,32 1
5855 4158.000000 231.000000 ,84 1 ,93 4 ,57 5
9526 4159.500000 292.500000 ,98 1 ,70 3 ,35 2 ,92 1 ,65 1 ,36 2
12243 4161.000000 240.000000 ,66 3 ,24 5
15576 4147.500000 237.000000 ,36 4 ,16 4
17076 4122.000000 306.000000 ,97 3 ,2 1 ,90 4 ,20 1 ,34 4
18209 4147.500000 280.500000 ,19 3 ,17 1 ,90 4 ,95 5 ,56 1 ,69 5
19442 4126.500000 262.500000 ,37 4 ,67 5
20288 4146.000000 249.000000 ,13 5
20303 4165.500000 285.000000 ,77 4 ,12 1
27294 4170.000000 228.000000 ,47 4 ,60 2 ,44 1 ,14 5 ,76 4
39443 4141.500000 238.500000 ,96 3 ,16 3 ,59 5
41439 4132.500000 298.500000 ,17 5 ,67 2 ,62 5 ,38 4 ,94 1
42521 4170.000000 285.000000 ,79 1 ,27 1 ,4 1
43121 4155.000000 253.500000 ,60 4
44387 4147.500000 243.000000 ,61 4 ,94 5 ,59 4
44448 4162.500000 271.500000 ,49 2 ,45 3 ,57 4 ,27 2
44534 4132.500000 246.000000 ,76 4
47025 4153.500000 303.000000 ,2 2 ,29 3 ,8 2 ,60 3 ,52 4
48870 4150.500000 259.500000 ,78 4 ,34 3 ,21 1
50326 4138.500000 250.500000 ,44 3 ,70 1 ,1 4
52995 4167.000000 252.000000 ,10 3 ,78 3
54433 4137.000000 240.000000 ,90 1
58930 4147.500000 238.500000 ,31 2 ,68 2 ,13 5 ,16 1 ,73 4
71122 4125.000000 301.500000 ,4 4 ,87 3 ,68 2 ,8 2 ,27 3 ,7 3
72814 4140.000000 309.000000 ,11 5 ,98 5 ,46 1 ,44 2
75668 4164.000000 303.000000 ,29 1 ,93 3 ,89 3 ,85 1 ,80 5
77460 4141.500000 237.000000 ,95 1 ,77 1 ,1 4
83357 4138.500000 256.500000 ,17 3 ,45 1 ,48 3 ,57 2
85342 4156.500000 243.000000 ,78 1 ,74 3
91460 4120.500000 303.000000 ,5 4 ,30 5 ,75 1 ,15 1 ,69 4
98591 4170.000000 235.500000 ,37 5
98989 4144.500000 306.000000 ,63 3 ,62 3 ,87 5 ,77 4 ,95 4
