5310 2415.000000 909.000000 ,95 4 ,69 4
5456 2424.000000 870.000000 ,23 1 ,73 1
6999 2437.500000 888.000000 ,52 1 ,59 3 ,9 3 ,72 2 ,47 2
10501 2421.000000 897.000000 ,18 1 ,3 1 ,32 5
15529 2416.500000 885.000000 ,16 3 ,87 3 ,66 4
15999 2427.000000 898.500000 ,1 1 ,2 4
17071 2422.500000 865.500000 ,98 3 ,49 4 ,70 2 ,68 5 ,11 4
26393 2433.000000 888.000000 ,89 4 ,33 4
30682 2425.500000 864.000000 ,59 2 ,42 3
31405 2416.500000 873.000000 ,59 2 ,66 2 ,46 5 ,90 3 ,42 4
39670 2401.500000 904.500000 ,68 3
40258 2401.500000 883.500000 ,46 2 ,62 5
40443 2422.500000 901.500000 ,25 4 ,49 4
42255 2400.000000 864.000000 ,70 3 ,25 3 ,61 2
43242 2404.500000 871.500000 ,37 4 ,9 1 ,24 4 ,23 3 ,45 2 ,41 3
43748 2428.500000 895.500000 ,27 2 ,35 1 ,21 4 ,99 1 ,11 1
44330 2394.000000 871.500000 ,48 2 ,37 5
45028 2389.500000 871.500000 ,2 2
53543 2394.000000 901.500000 ,38 1 ,12 5 ,97 2 ,44 5 ,26 2 ,1 1
56251 2407.500000 877.500000 ,62 5 ,23 5 ,6 2 ,93 5 ,43 1 ,2 3
57832 2395.500000 867.000000 ,25 5 ,71 1
59417 2436.000000 901.500000 ,0 2 ,18 5 ,66 3 ,51 5 ,74 3 ,94 5
61659 2418.000000 886.500000 ,2 5 ,24 5
62370 2413.500000 864.000000 ,2 3 ,96 1 ,92 5 ,94 1
64262 2401.500000 877.500000 ,52 2 ,81 5 ,25 4 ,12 3 ,13 4 ,32 1
65905 2398.500000 873.000000 ,29 3 ,5 1
67030 2392.500000 904.500000 ,48 3 ,74 4
69619 2431.500000 868.500000 ,50 4 ,67 1 ,3 4 ,14 4
72295 2437.500000 888.000000 ,27 4 ,25 4 ,17 1 ,96 1 ,55 5
75133 2391.000000 894.000000 ,63 3 ,23 2
80211 2406.000000 871.500000 ,46 1 ,79 1 ,22 4 ,34 1 ,58 2
80685 2400.000000 883.500000 ,24 2
83944 2421.000000 867.000000 ,26 1 ,46 2 ,36 1 ,29 1 ,10 3
87654 2412.000000 910.500000 ,38 5 ,8 3 ,57 3 ,1 5 ,62 5
96737 2433.000000 865.500000 ,69 4 ,93 2
97523 2409.000000 892.500000 ,9 4
