261 633.000000 648.000000 ,4 5 ,30 3 ,74 3 ,57 1
2483 658.500000 651.000000 ,82 3 ,80 2 ,93 1 ,66 5
2498 672.000000 636.000000 ,49 4 ,21 1 ,58 4 ,17 1 ,9 1 ,35 2
3096 675.000000 634.500000 ,58 3 ,68 5 ,43 5 ,9 3
5094 640.500000 663.000000 ,60 3 ,64 5 ,47 3 ,15 2 ,6 4 ,92 4
7460 607.500000 658.500000 ,11 2 ,77 1
8713 642.000000 672.000000 ,38 1
11098 634.500000 657.000000 ,9 4 ,21 2 ,2 5
13252 606.000000 640.500000 ,91 2 ,82 3 ,15 3 ,22 2
14354 616.500000 649.500000 ,89 4 ,28 2 ,19 3 ,30 5 ,51 3
20470 585.000000 651.000000 ,86 5 ,22 4 ,59 3
23375 607.500000 634.500000 ,34 3 ,24 5 ,78 3 ,23 4
25775 582.000000 654.000000 ,89 2
28820 672.000000 655.500000 ,62 5 ,85 1 ,22 4 ,34 2 ,59 4
33504 606.000000 634.500000 ,40 1
33834 649.500000 661.500000 ,98 5 ,77 5 ,76 4 ,8 1 ,0 3
37310 652.500000 673.500000 ,79 1 ,4 4 ,62 1 ,88 2 ,70 1
38433 655.500000 649.500000 ,84 3 ,43 5 ,20 4
38812 687.000000 639.000000 ,39 3 ,64 1
40716 636.000000 640.500000 ,64 3
45676 583.500000 675.000000 ,56 5 ,24 5 ,18 3
47148 642.000000 658.500000 ,43 3
48656 600.000000 661.500000 ,13 2 ,77 4 ,25 1 ,46 5 ,99 5 ,1 4
50586 690.000000 664.500000 ,26 2 ,5 3 ,40 4
64376 597.000000 673.500000 ,91 4 ,43 1 ,13 4 ,48 4 ,70 5
67558 616.500000 673.500000 ,63 1 ,66 4
68683 625.500000 654.000000 ,87 5 ,16 2 ,67 5
69912 643.500000 646.500000 ,88 2 ,96 5 ,37 3 ,24 3 ,44 3 ,5 4
72226 655.500000 675.000000 ,34 1 ,12 4
75376 651.000000 649.500000 ,22 3 ,9 4 ,57 1 ,40 4
78090 643.500000 663.000000 ,11 5 ,41 5 ,2 3 ,85 5 ,96 2
79585 592.500000 660.000000 ,7 1 ,19 1 ,94 2 ,48 3 ,54 2
81251 610.500000 673.500000 ,15 4 ,13 3 ,58 3
89762 682.500000 640.500000 ,58 1 ,38 3 ,16 3 ,95 5
98712 603.000000 639.000000 ,39 5 ,41 1
