1850 2508.000000 1878.000000 ,28 5 ,25 5 ,98 1 ,82 4 ,88 3 ,45 5
1924 2479.500000 1888.500000 ,2 3
2465 2478.000000 1890.000000 ,8 3 ,41 3 ,11 4 ,73 5
2744 2458.500000 1897.500000 ,33 1
14189 2446.500000 1900.500000 ,54 5 ,37 3
23581 2493.000000 1879.500000 ,50 1 ,32 5 ,2 2
30888 2455.500000 1893.000000 ,9 4 ,88 1 ,82 5 ,51 4
34551 2437.500000 1884.000000 ,6 4 ,67 4 ,24 4 ,23 3
35533 2460.000000 1899.000000 ,80 5 ,5 4 ,57 2 ,68 4
35956 2490.000000 1891.500000 ,65 4 ,94 3 ,3 4 ,58 3
35961 2475.000000 1882.500000 ,0 2
39131 2439.000000 1894.500000 ,71 5
40768 2470.500000 1893.000000 ,35 4 ,59 1 ,3 3 ,18 2 ,9 5 ,70 4
41509 2446.500000 1876.500000 ,17 4 ,40 2
44633 2442.000000 1894.500000 ,20 4 ,48 1 ,82 2 ,97 1 ,77 5 ,50 3
44907 2500.500000 1894.500000 ,76 4
46504 2460.000000 1888.500000 ,5 5 ,69 5 ,27 3
49481 2508.000000 1897.500000 ,98 5 ,63 2 ,76 5 ,42 4 ,47 2 ,39 2
49958 2496.000000 1875.000000 ,35 4 ,81 2 ,46 2
72800 2494.500000 1899.000000 ,4 2
83429 2509.500000 1875.000000 ,7 2 ,41 1 ,10 5
92358 2451.000000 1879.500000 ,69 4 ,14 1
