35 625.500000 1210.500000 ,62 5 ,24 1
620 559.500000 1206.000000 ,3 3 ,51 3 ,36 2 ,86 5
1163 550.500000 1218.000000 ,84 2 ,38 2 ,27 1 ,82 3 ,39 5
1327 574.500000 1195.500000 ,14 5
4621 637.500000 1207.500000 ,2 5 ,91 2 ,58 3 ,61 5 ,24 3
4962 609.000000 1188.000000 ,19 3 ,55 2 ,15 3
5839 577.500000 1186.500000 ,96 5 ,0 2
6516 549.000000 1194.000000 ,66 5 ,7 4 ,26 3 ,67 5 ,85 1
9701 583.500000 1194.000000 ,85 3 ,43 4 ,81 4
11566 616.500000 1165.500000 ,30 2 ,93 5
12090 598.500000 1218.000000 ,47 3 ,60 4 ,43 4 ,85 5 ,77 3
12328 573.000000 1168.500000 ,71 4 ,53 5 ,52 2
13844 568.500000 1207.500000 ,32 2 ,82 4 ,25 3 ,91 5
16199 601.500000 1201.500000 ,98 5 ,41 5 ,29 2 ,93 1 ,95 2
16596 598.500000 1221.000000 ,30 3 ,11 5 ,25 3 ,76 1
37172 561.000000 1203.000000 ,78 4
43385 565.500000 1180.500000 ,16 2 ,17 4 ,26 4 ,84 4 ,69 4 ,18 2
46745 547.500000 1191.000000 ,10 4 ,58 4 ,31 2 ,80 1 ,97 3 ,49 4
48290 627.000000 1213.500000 ,39 3 ,6 4 ,53 2 ,97 3 ,28 4
48496 559.500000 1197.000000 ,48 2 ,77 3
51982 634.500000 1204.500000 ,99 4 ,44 2 ,51 2 ,23 5 ,9 5 ,52 4
53235 612.000000 1206.000000 ,97 4 ,75 2 ,95 2 ,55 3 ,24 2 ,42 4
54470 553.500000 1171.500000 ,77 2 ,21 3 ,93 4 ,36 3
55115 640.500000 1192.500000 ,92 3 ,10 1 ,23 4
58340 600.000000 1167.000000 ,83 4 ,86 5 ,43 4 ,17 1 ,18 3
58877 559.500000 1171.500000 ,43 3
63706 636.000000 1191.000000 ,19 3 ,72 5 ,94 2 ,70 4 ,74 1
63843 630.000000 1171.500000 ,1 4
66891 606.000000 1189.500000 ,69 1 ,8 2 ,63 4 ,5 3 ,55 2 ,34 1
73318 568.500000 1207.500000 ,8 2 ,47 3 ,91 3 ,48 4 ,20 3 ,22 3
80777 633.000000 1173.000000 ,82 4 ,26 4 ,2 1 ,9 2 ,57 2
82364 544.500000 1213.500000 ,28 1 ,48 5 ,16 5 ,57 3
82750 606.000000 1206.000000 ,12 1 ,64 3
87031 547.500000 1221.000000 ,31 1 ,7 4 ,92 3 ,21 5 ,43 3
89168 580.500000 1222.500000 ,60 1 ,93 1 ,1 3 ,39 3 ,97 1 ,22 1
90664 586.500000 1207.500000 ,37 1
94949 610.500000 1221.000000 ,43 3 ,17 4
98011 616.500000 1213.500000 ,53 5 ,95 5
98723 592.500000 1200.000000 ,64 3 ,91 2 ,83 1
