3565 1485.000000 1869.000000 ,97 2
4364 1510.500000 1921.500000 ,15 1 ,62 3 ,97 5 ,43 2 ,39 1 ,46 2
4907 1500.000000 1869.000000 ,35 1 ,32 1 ,87 5 ,42 3 ,1 5
6407 1488.000000 1881.000000 ,43 2 ,31 1 ,42 3 ,46 3
14593 1459.500000 1866.000000 ,57 2 ,82 3 ,9 3
19679 1479.000000 1908.000000 ,94 1 ,44 5 ,61 5 ,40 1 ,9 5
44278 1479.000000 1926.000000 ,81 4 ,97 1
54414 1494.000000 1867.500000 ,52 4 ,12 3 ,42 5 ,77 1
55675 1462.500000 1897.500000 ,91 3 ,34 5 ,50 1 ,28 3
57674 1480.500000 1914.000000 ,5 3 ,74 5 ,19 4 ,17 3 ,13 4 ,4 5
63818 1500.000000 1908.000000 ,99 2 ,51 3 ,48 3 ,95 3
72902 1497.000000 1908.000000 ,27 3 ,59 5 ,84 1 ,46 5 ,11 5
73352 1473.000000 1912.500000 ,20 4 ,42 2 ,63 1 ,67 3
74989 1501.500000 1894.500000 ,79 5 ,30 4
76013 1501.500000 1875.000000 ,74 4 ,16 1 ,14 1
76222 1464.000000 1876.500000 ,67 5 ,38 4 ,46 5 ,73 1
76786 1503.000000 1891.500000 ,76 5 ,56 3 ,15 2 ,52 2 ,70 4 ,59 2
79791 1488.000000 1912.500000 ,64 4 ,56 5 ,72 3 ,74 5 ,84 1 ,14 2
85359 1476.000000 1903.500000 ,76 3 ,55 3 ,36 5 ,24 3 ,39 2
87236 1488.000000 1911.000000 ,45 2 ,8 2 ,6 1 ,77 5 ,98 4
92431 1462.500000 1902.000000 ,58 4 ,36 2
94223 1465.500000 1894.500000 ,26 1 ,90 4
94791 1476.000000 1881.000000 ,22 2 ,65 4
98556 1482.000000 1881.000000 ,13 2 ,12 3 ,46 1 ,57 1 ,33 1 ,22 2
