7868 4401.000000 1120.500000 ,30 1 ,52 4 ,57 5 ,89 3 ,76 2 ,87 3
8344 4401.000000 1075.500000 ,64 1 ,66 1 ,2 1 ,20 5
9510 4369.500000 1093.500000 ,36 4 ,35 4 ,53 3 ,27 2
9811 4395.000000 1105.500000 ,41 1 ,36 4 ,35 5 ,16 5
10609 4408.500000 1071.000000 ,42 2 ,66 4 ,81 2 ,61 1 ,98 5 ,27 3
13063 4422.000000 1077.000000 ,91 4 ,44 5 ,58 1 ,92 1 ,71 1 ,84 5
13753 4396.500000 1125.000000 ,10 1 ,89 5 ,95 5 ,28 3
15224 4390.500000 1114.500000 ,55 3 ,20 1 ,60 4
17532 4405.500000 1071.000000 ,46 3 ,76 2 ,58 5 ,98 2
18641 4359.000000 1069.500000 ,22 5 ,23 5 ,79 3 ,34 2 ,70 5
22206 4384.500000 1093.500000 ,18 4
29575 4351.500000 1101.000000 ,9 3 ,80 1 ,76 4
34228 4377.000000 1068.000000 ,56 3
35932 4392.000000 1122.000000 ,95 2 ,29 4
38441 4354.500000 1101.000000 ,26 5 ,21 5 ,66 4 ,5 3 ,30 2 ,55 4
38557 4416.000000 1074.000000 ,34 3
42641 4422.000000 1105.500000 ,29 3
42821 4368.000000 1119.000000 ,62 4 ,98 1 ,27 5 ,31 4 ,66 2 ,70 5
44332 4357.500000 1107.000000 ,76 5
56142 4345.500000 1101.000000 ,91 4 ,14 3 ,66 5 ,26 1
58453 4369.500000 1099.500000 ,20 3 ,91 5
60878 4410.000000 1086.000000 ,54 4 ,37 3 ,74 1 ,87 5 ,23 5 ,80 2
61104 4419.000000 1080.000000 ,10 5 ,67 2 ,87 4 ,56 3
62239 4422.000000 1110.000000 ,19 5 ,8 1 ,66 3 ,52 4 ,56 3
71541 4375.500000 1068.000000 ,59 5 ,11 3 ,39 5
71610 4414.500000 1071.000000 ,87 4 ,78 3 ,94 5 ,91 3 ,23 2
73907 4396.500000 1107.000000 ,54 1 ,11 1 ,84 5 ,64 3 ,34 4 ,74 4
78632 4404.000000 1077.000000 ,19 3 ,84 5 ,69 1
82853 4402.500000 1122.000000 ,3 4 ,45 1 ,18 4
85233 4416.000000 1072.500000 ,42 4 ,67 4 ,31 1 ,47 3 ,74 4 ,62 4
85250 4411.500000 1104.000000 ,57 2
86721 4389.000000 1090.500000 ,37 4 ,30 1 ,68 4 ,53 1
87284 4384.500000 1083.000000 ,22 2 ,91 1 ,21 2 ,63 3 ,25 5
88597 4402.500000 1111.500000 ,12 3 ,53 3
94657 4381.500000 1122.000000 ,37 3 ,38 1 ,7 4 ,74 3
95292 4348.500000 1087.500000 ,95 3
95934 4344.000000 1086.000000 ,38 1 ,26 2 ,74 3
97468 4419.000000 1087.500000 ,39 1 ,24 4
99684 4411.500000 1069.500000 ,1 5 ,28 3 ,62 2 ,35 5 ,89 3
