5785 661.500000 2502.000000 ,24 2 ,8 1 ,48 1 ,4 5
8765 640.500000 2488.500000 ,38 4 ,27 4 ,69 3 ,86 2 ,46 2 ,63 3
10765 672.000000 2479.500000 ,95 3 ,48 4 ,30 4 ,55 2 ,34 1 ,83 2
13051 676.500000 2491.500000 ,14 5
16702 658.500000 2523.000000 ,46 2 ,10 5 ,69 2 ,99 4 ,31 2 ,77 3
20240 639.000000 2532.000000 ,62 5 ,24 1 ,81 2 ,25 4 ,80 4
27208 624.000000 2496.000000 ,56 3 ,46 5 ,7 3 ,33 5
29085 675.000000 2493.000000 ,52 4
29525 670.500000 2551.500000 ,51 2 ,94 5 ,38 2 ,77 3 ,54 4 ,59 3
34477 639.000000 2490.000000 ,53 5 ,51 4 ,38 4 ,46 3 ,1 1 ,6 3
35125 652.500000 2544.000000 ,32 1
36265 634.500000 2481.000000 ,5 3 ,81 5 ,56 3 ,37 4
38502 625.500000 2563.500000 ,70 2 ,47 1
41188 670.500000 2569.500000 ,74 1 ,40 5 ,75 4 ,7 5 ,37 3 ,28 3
45281 678.000000 2524.500000 ,63 2 ,93 2 ,61 1 ,34 4
46715 624.000000 2488.500000 ,81 3 ,20 4 ,15 4 ,64 1
47131 661.500000 2479.500000 ,14 2 ,4 2 ,35 3 ,17 3
52349 621.000000 2568.000000 ,72 5 ,86 5 ,88 2
52829 633.000000 2502.000000 ,31 4 ,79 5 ,17 4 ,15 5 ,37 5
60770 652.500000 2527.500000 ,23 3 ,79 4 ,71 5
64881 651.000000 2515.500000 ,70 4
65548 625.500000 2562.000000 ,45 2
68330 657.000000 2487.000000 ,88 5 ,34 4
70603 651.000000 2527.500000 ,86 1 ,59 5 ,60 4 ,91 5 ,99 3 ,17 1
76128 667.500000 2520.000000 ,50 2 ,42 1 ,82 2
77082 676.500000 2478.000000 ,90 3 ,68 2 ,65 2 ,59 1 ,61 1
81165 649.500000 2482.500000 ,66 2 ,23 5
81514 658.500000 2514.000000 ,95 1 ,17 1 ,15 1 ,27 4 ,6 5
84288 628.500000 2502.000000 ,23 1 ,63 2 ,51 2 ,27 2 ,95 3
89664 618.000000 2520.000000 ,92 1 ,61 3 ,25 1
92959 625.500000 2500.500000 ,54 4 ,31 2 ,18 2 ,6 5 ,8 1
96441 664.500000 2563.500000 ,4 3 ,36 1 ,86 3 ,93 4
96456 640.500000 2569.500000 ,19 5 ,60 1 ,92 5 ,49 5
