2199 3562.500000 1129.500000 ,74 3 ,14 4 ,39 5 ,21 3 ,55 4
4399 3591.000000 1120.500000 ,33 3 ,65 3 ,50 1 ,75 4 ,59 4
4810 3555.000000 1132.500000 ,1 1 ,56 4 ,85 4 ,72 3 ,18 4 ,12 2
5482 3582.000000 1123.500000 ,57 2 ,74 2 ,98 1 ,59 2 ,5 2
8774 3561.000000 1137.000000 ,11 4
9394 3544.500000 1128.000000 ,75 1 ,82 2
11367 3589.500000 1110.000000 ,4 4 ,61 2
13151 3598.500000 1102.500000 ,63 2 ,28 4 ,70 2 ,42 5 ,30 4
19727 3549.000000 1120.500000 ,35 5
20741 3543.000000 1116.000000 ,32 1 ,31 2 ,37 4 ,6 1
25891 3595.500000 1099.500000 ,80 5 ,57 5 ,59 3
31162 3541.500000 1135.500000 ,25 1 ,7 4 ,18 2 ,14 4 ,19 4 ,32 4
44623 3592.500000 1129.500000 ,25 4 ,88 2 ,29 2 ,9 4 ,83 1 ,82 2
55752 3552.000000 1114.500000 ,83 4 ,25 5
58284 3582.000000 1114.500000 ,33 5 ,27 1 ,78 1 ,4 5 ,8 5
66333 3579.000000 1128.000000 ,29 4 ,57 1
68485 3600.000000 1110.000000 ,0 3 ,71 5
74141 3540.000000 1102.500000 ,32 3
77154 3583.500000 1108.500000 ,34 1 ,60 2 ,57 1 ,55 3 ,26 5 ,8 1
79508 3562.500000 1108.500000 ,0 3 ,16 5 ,71 4
80838 3549.000000 1134.000000 ,78 1 ,94 1 ,37 1 ,58 4 ,84 2
98302 3573.000000 1113.000000 ,9 4 ,79 3
99649 3582.000000 1116.000000 ,11 1 ,39 5 ,27 4 ,14 1 ,59 5 ,85 2
