625 3382.500000 2545.500000 ,11 2
685 3382.500000 2577.000000 ,31 1 ,69 3 ,56 1 ,36 3 ,37 3 ,74 1
2523 3396.000000 2539.500000 ,63 3 ,36 5 ,37 3
3679 3385.500000 2554.500000 ,68 1 ,7 4 ,10 2 ,36 5 ,69 3 ,53 1
3961 3400.500000 2616.000000 ,55 2 ,18 4 ,49 1 ,26 3 ,89 3 ,20 5
5058 3381.000000 2595.000000 ,49 5 ,52 1 ,68 2 ,95 4 ,47 2
14791 3393.000000 2584.500000 ,10 2 ,85 1 ,98 1 ,13 1 ,64 3
20071 3397.500000 2577.000000 ,59 2 ,74 2 ,31 5 ,1 1 ,14 3 ,52 5
25649 3385.500000 2584.500000 ,13 2 ,36 2 ,38 1 ,32 5 ,24 1
25763 3393.000000 2539.500000 ,39 3
28458 3382.500000 2613.000000 ,77 3
28516 3382.500000 2530.500000 ,82 1 ,56 1 ,36 1
31253 3372.000000 2613.000000 ,42 3 ,52 2 ,30 1 ,51 5 ,1 4
32623 3384.000000 2541.000000 ,2 1 ,23 1 ,71 4 ,85 4
33948 3354.000000 2586.000000 ,38 4 ,20 2 ,60 2 ,93 3
34293 3372.000000 2610.000000 ,26 4 ,38 2 ,78 4 ,32 1 ,70 1 ,60 4
36149 3354.000000 2610.000000 ,90 3 ,3 1 ,63 4 ,38 5
46248 3373.500000 2518.500000 ,68 3
52115 3354.000000 2581.500000 ,31 5 ,20 3 ,70 2 ,18 2 ,68 3
52586 3381.000000 2554.500000 ,27 2 ,7 1 ,18 1 ,76 3
53473 3367.500000 2610.000000 ,54 4 ,93 3 ,88 4 ,59 4 ,37 3
61077 3373.500000 2599.500000 ,59 1 ,77 2
62320 3379.500000 2563.500000 ,11 5 ,75 3 ,7 2 ,99 2 ,19 4 ,44 3
62643 3394.500000 2521.500000 ,77 4 ,46 5 ,41 3 ,32 3 ,67 4
70129 3364.500000 2583.000000 ,80 4 ,17 2 ,39 1
72431 3369.000000 2532.000000 ,24 1 ,7 1 ,68 5
73504 3358.500000 2538.000000 ,81 5 ,21 4
73724 3385.500000 2577.000000 ,16 2 ,92 4 ,59 2
75202 3351.000000 2545.500000 ,57 2
79462 3403.500000 2518.500000 ,83 5 ,88 2
87153 3346.500000 2610.000000 ,15 2
87629 3366.000000 2608.500000 ,77 4
94916 3360.000000 2535.000000 ,82 4 ,79 4 ,83 1
