1000 2424.000000 1263.000000 ,46 2
5706 2440.500000 1291.500000 ,87 1 ,48 4 ,79 2 ,50 4
6950 2436.000000 1224.000000 ,65 4 ,3 4 ,37 1 ,36 1 ,53 2
9959 2415.000000 1251.000000 ,14 2 ,41 3 ,39 5
13340 2418.000000 1218.000000 ,36 5 ,30 3 ,33 1
14919 2427.000000 1278.000000 ,13 3 ,57 5
18406 2395.500000 1294.500000 ,7 3 ,50 2 ,68 2
21570 2434.500000 1252.500000 ,15 3 ,4 5 ,59 3 ,80 2 ,43 3
24526 2407.500000 1285.500000 ,97 2 ,98 5 ,93 4 ,79 5 ,34 2 ,75 3
26482 2446.500000 1216.500000 ,54 1 ,35 5 ,4 3
28398 2395.500000 1239.000000 ,22 1 ,71 1 ,54 2 ,4 1
29125 2406.000000 1260.000000 ,85 1
29442 2430.000000 1264.500000 ,17 1 ,50 1 ,1 4 ,30 2
35505 2430.000000 1219.500000 ,78 3 ,19 2 ,93 5 ,56 2 ,79 1 ,43 1
35735 2397.000000 1276.500000 ,9 5 ,26 3
43824 2446.500000 1257.000000 ,16 1
45149 2431.500000 1287.000000 ,96 4 ,91 4 ,6 2
47633 2425.500000 1222.500000 ,16 4 ,86 2 ,74 2
50205 2439.000000 1285.500000 ,59 1 ,22 5
56618 2425.500000 1296.000000 ,49 5
57739 2442.000000 1270.500000 ,45 4 ,7 4 ,13 4 ,72 5 ,25 2 ,5 4
64007 2449.500000 1273.500000 ,30 1 ,61 3 ,67 1
66740 2428.500000 1237.500000 ,60 5 ,96 2 ,82 4 ,17 1 ,20 3
67818 2451.000000 1282.500000 ,86 4 ,34 3 ,4 2
72475 2425.500000 1251.000000 ,37 4 ,87 5
78819 2394.000000 1242.000000 ,25 4 ,23 1 ,28 1 ,98 2 ,74 4
81733 2395.500000 1240.500000 ,93 2
86143 2446.500000 1263.000000 ,17 1 ,67 3 ,3 1 ,98 3
89611 2427.000000 1282.500000 ,46 4
