668 2506.500000 1630.500000 ,84 1 ,9 1 ,43 2 ,11 4 ,15 2
2088 2530.500000 1603.500000 ,76 3 ,28 5 ,46 4
4041 2509.500000 1630.500000 ,88 4 ,31 5 ,87 1 ,14 3 ,59 1 ,65 3
4102 2539.500000 1639.500000 ,64 1 ,3 2 ,90 3 ,91 3 ,6 4 ,52 2
4631 2520.000000 1654.500000 ,32 3
6206 2518.500000 1615.500000 ,95 1 ,84 1 ,10 5 ,42 1 ,56 4 ,54 3
18619 2517.000000 1666.500000 ,73 1 ,68 1 ,61 1
19691 2553.000000 1618.500000 ,33 5
32616 2530.500000 1627.500000 ,0 4 ,77 5 ,51 5 ,80 5
36724 2526.000000 1651.500000 ,12 3 ,9 3 ,28 2 ,79 2 ,73 5
38448 2515.500000 1668.000000 ,79 1 ,66 4 ,25 4 ,76 2 ,17 4
38806 2527.500000 1666.500000 ,65 2 ,58 4 ,5 3
48160 2550.000000 1666.500000 ,52 2 ,83 3 ,27 3 ,54 5
51169 2539.500000 1668.000000 ,23 4 ,61 2 ,90 2
51382 2538.000000 1623.000000 ,33 2 ,99 3
51846 2542.500000 1666.500000 ,36 3 ,75 4 ,68 1
52164 2512.500000 1618.500000 ,88 1
62352 2527.500000 1600.500000 ,96 2 ,67 3 ,35 3 ,42 2
62925 2545.500000 1623.000000 ,10 5 ,45 2 ,32 1
65658 2514.000000 1650.000000 ,26 2 ,61 5 ,62 4 ,55 5
74058 2547.000000 1659.000000 ,55 4 ,70 2 ,80 1 ,84 2 ,76 2 ,4 2
81194 2554.500000 1648.500000 ,21 3 ,2 2
82727 2553.000000 1671.000000 ,38 2
83497 2524.500000 1626.000000 ,37 5 ,15 3 ,74 1
84916 2550.000000 1653.000000 ,52 5 ,12 4 ,88 4 ,44 4
88753 2545.500000 1669.500000 ,85 3 ,40 1 ,51 1 ,68 4 ,94 4
91955 2529.000000 1602.000000 ,74 3 ,21 3 ,33 2
91997 2506.500000 1656.000000 ,79 5 ,17 1
92141 2524.500000 1650.000000 ,26 5 ,86 1 ,13 4 ,72 4 ,59 3 ,21 5
92592 2547.000000 1618.500000 ,0 4 ,7 3 ,60 2 ,52 1
96000 2548.500000 1600.500000 ,88 4 ,0 2 ,25 4 ,16 1 ,21 2
