7343 2766.000000 1581.000000 ,96 3
7863 2778.000000 1585.500000 ,33 4 ,36 1
8114 2772.000000 1557.000000 ,14 4 ,49 3
9113 2770.500000 1551.000000 ,19 3
14131 2761.500000 1585.500000 ,73 3
29103 2806.500000 1572.000000 ,25 1 ,67 3 ,18 2 ,70 5 ,97 4
33827 2802.000000 1555.500000 ,79 1 ,40 5 ,72 4 ,17 2 ,86 5
36917 2806.500000 1572.000000 ,75 1 ,0 4
46239 2799.000000 1579.500000 ,67 2
50096 2752.500000 1573.500000 ,99 1 ,23 5 ,20 3 ,43 4 ,57 1
55350 2806.500000 1582.500000 ,93 5 ,58 5 ,99 5 ,68 4 ,15 2
65960 2755.500000 1563.000000 ,59 4 ,84 3 ,68 2 ,25 4
69593 2752.500000 1582.500000 ,52 4 ,14 1 ,59 4 ,92 4 ,33 1 ,20 5
89999 2766.000000 1581.000000 ,61 4 ,86 4 ,58 5 ,2 1
92323 2755.500000 1564.500000 ,37 4 ,6 1
94683 2770.500000 1558.500000 ,32 2 ,86 2 ,7 2
98417 2800.500000 1570.500000 ,37 3 ,65 3 ,35 4
99317 2800.500000 1579.500000 ,43 3 ,1 5 ,73 3
