2431 3261.000000 1098.000000 ,17 4 ,44 2 ,0 2 ,82 4
3540 3267.000000 1095.000000 ,35 5 ,29 2 ,84 2 ,60 3
4078 3267.000000 1113.000000 ,20 2 ,25 3
6549 3255.000000 1083.000000 ,25 2 ,42 5 ,27 3 ,34 5
12281 3276.000000 1081.500000 ,68 4 ,36 4 ,83 2 ,5 1 ,40 2 ,27 2
19547 3283.500000 1068.000000 ,43 5
22687 3289.500000 1069.500000 ,45 4
33082 3265.500000 1110.000000 ,41 5 ,59 5 ,37 1
34289 3289.500000 1083.000000 ,40 3
34377 3268.500000 1123.500000 ,3 5 ,88 4
38504 3262.500000 1071.000000 ,83 3 ,85 4 ,24 4 ,80 3
42120 3262.500000 1060.500000 ,71 3 ,43 3 ,46 3
45763 3268.500000 1102.500000 ,83 2 ,27 1 ,4 1 ,64 2 ,41 1
48289 3250.500000 1086.000000 ,74 4 ,53 4 ,67 5
53621 3279.000000 1078.500000 ,5 1 ,56 1 ,27 5 ,45 5
53780 3289.500000 1069.500000 ,3 1 ,19 2 ,23 4 ,48 4 ,45 5 ,91 1
58355 3286.500000 1077.000000 ,92 2
65127 3259.500000 1095.000000 ,7 3 ,73 1 ,76 2 ,24 2
72172 3253.500000 1111.500000 ,28 5 ,54 2 ,55 4 ,24 3 ,30 3
79067 3270.000000 1072.500000 ,79 3 ,23 3 ,14 1
80610 3280.500000 1086.000000 ,58 1 ,7 5 ,60 2
94321 3274.500000 1096.500000 ,66 1 ,68 5
