2826 613.500000 391.500000 ,53 2 ,65 1
5660 639.000000 453.000000 ,82 5
5957 591.000000 438.000000 ,24 4 ,3 2 ,28 4 ,85 2
18478 618.000000 448.500000 ,13 5
24729 621.000000 453.000000 ,85 1 ,77 3 ,69 3 ,15 5 ,17 1
26146 637.500000 457.500000 ,4 5 ,34 3 ,3 2 ,9 3 ,58 3 ,98 3
26289 627.000000 429.000000 ,33 1 ,56 3 ,20 3 ,87 4 ,52 1 ,23 1
29091 604.500000 433.500000 ,69 3
32433 582.000000 457.500000 ,28 5 ,50 2 ,17 2
36049 639.000000 424.500000 ,66 4 ,62 5 ,89 5
38085 624.000000 442.500000 ,88 4 ,7 2 ,71 1
45964 619.500000 409.500000 ,2 1 ,28 1 ,5 3
46317 577.500000 450.000000 ,36 3 ,10 5 ,85 4 ,92 3
46364 607.500000 457.500000 ,86 1 ,66 5 ,74 1 ,91 4 ,48 5
49108 589.500000 432.000000 ,51 2 ,67 4 ,30 3 ,33 1 ,4 5
50844 586.500000 423.000000 ,36 4 ,67 4 ,2 1 ,82 4 ,73 5
51197 583.500000 388.500000 ,61 1
52885 580.500000 436.500000 ,42 1
55431 598.500000 441.000000 ,51 1 ,83 3 ,8 5 ,29 1 ,11 5 ,98 2
55845 597.000000 453.000000 ,83 5 ,31 2 ,51 4 ,85 1 ,64 1
59655 633.000000 385.500000 ,91 4 ,19 3 ,80 5 ,38 3
64499 600.000000 450.000000 ,67 1 ,63 1 ,32 1
70485 637.500000 399.000000 ,94 4 ,54 5 ,82 2 ,51 2 ,93 2
71187 598.500000 424.500000 ,73 4 ,42 2 ,58 4 ,57 4
72831 580.500000 432.000000 ,19 2 ,42 2 ,80 3
74515 606.000000 456.000000 ,63 5 ,46 2 ,47 4 ,16 5 ,75 2
74833 619.500000 445.500000 ,91 3 ,34 4 ,10 5 ,88 3
75236 622.500000 405.000000 ,35 2 ,57 5 ,53 4 ,39 5 ,3 1
75256 585.000000 436.500000 ,9 5 ,40 4 ,61 4 ,12 5
75628 609.000000 427.500000 ,48 2 ,59 5 ,43 1
78268 618.000000 406.500000 ,86 1 ,33 3 ,7 2 ,29 2
81993 588.000000 453.000000 ,54 2 ,11 4 ,95 2 ,90 4 ,84 1
85473 577.500000 456.000000 ,88 3 ,99 1 ,39 3 ,4 4 ,18 2 ,10 2
88490 637.500000 460.500000 ,81 3
88663 636.000000 436.500000 ,18 3 ,4 2 ,31 4
90557 597.000000 439.500000 ,81 2 ,72 4
91754 597.000000 426.000000 ,25 4 ,10 4 ,90 3 ,70 3 ,34 2 ,13 3
94974 589.500000 441.000000 ,47 5 ,40 4
