1831 3322.500000 3.000000 ,68 4
11300 3274.500000 28.500000 ,17 4 ,44 4 ,8 2
11920 3306.000000 37.500000 ,9 5 ,82 3 ,67 5 ,40 3
12672 3291.000000 25.500000 ,79 4 ,10 1 ,42 5 ,26 5 ,35 1 ,44 5
16762 3267.000000 0.000000 ,69 5 ,25 3 ,51 1 ,64 4
16905 3327.000000 1.500000 ,50 1 ,0 1 ,91 3 ,94 5 ,41 4 ,54 5
18253 3300.000000 0.000000 ,68 4 ,30 3
19066 3327.000000 19.500000 ,40 2 ,72 4
19285 3267.000000 18.000000 ,61 5
22486 3303.000000 19.500000 ,16 5 ,66 4 ,6 1
24888 3268.500000 9.000000 ,63 4 ,88 1 ,55 2 ,66 5
26897 3292.500000 10.500000 ,78 5 ,67 5
35989 3258.000000 27.000000 ,56 5 ,24 1 ,92 1 ,50 1 ,33 4 ,31 3
36022 3279.000000 19.500000 ,19 4
36574 3271.500000 30.000000 ,84 2 ,35 4 ,25 2 ,96 2 ,18 2
37068 3280.500000 4.500000 ,35 3 ,49 4 ,87 1 ,82 5
54204 3280.500000 36.000000 ,45 3 ,19 3 ,84 1 ,50 1 ,2 2 ,52 1
60505 3328.500000 33.000000 ,99 1 ,10 4
63439 3259.500000 37.500000 ,26 4 ,50 2 ,71 1
66830 3273.000000 36.000000 ,43 5
67118 3307.500000 10.500000 ,24 2 ,4 4 ,50 3
72900 3264.000000 6.000000 ,68 5 ,69 4 ,26 3
72942 3262.500000 18.000000 ,92 5 ,99 4 ,45 3 ,16 3 ,19 1
73269 3255.000000 25.500000 ,15 2 ,64 5 ,0 3 ,60 2
87290 3264.000000 34.500000 ,92 2 ,98 5
87818 3273.000000 21.000000 ,34 2 ,79 1 ,89 4
89511 3313.500000 36.000000 ,67 2 ,62 3 ,75 5 ,19 5 ,54 4
90998 3259.500000 27.000000 ,17 3
93347 3271.500000 27.000000 ,6 4 ,36 3 ,66 5 ,32 5 ,97 4 ,49 2
94463 3277.500000 0.000000 ,51 3 ,44 2
95739 3246.000000 30.000000 ,23 3 ,18 2 ,37 2 ,78 2
97405 3327.000000 16.500000 ,61 4 ,81 5 ,24 1
