5609 1336.500000 630.000000 ,77 4 ,15 4 ,9 5 ,4 2 ,46 3 ,58 5
7962 1371.000000 598.500000 ,61 1
13895 1357.500000 601.500000 ,11 2 ,94 1 ,40 4 ,62 5 ,56 5
16492 1350.000000 627.000000 ,87 3
26159 1359.000000 609.000000 ,0 5 ,80 2 ,24 5
27351 1350.000000 652.500000 ,66 5 ,25 1
31143 1336.500000 634.500000 ,57 5 ,80 4 ,33 1 ,60 1 ,77 4
34058 1350.000000 642.000000 ,37 3 ,96 2 ,99 5
34709 1368.000000 631.500000 ,16 2 ,53 2 ,38 4 ,4 2 ,89 1
44732 1372.500000 633.000000 ,86 4 ,61 1 ,77 2 ,59 2 ,94 3 ,1 2
56870 1339.500000 661.500000 ,40 1 ,74 2 ,91 5
58897 1336.500000 649.500000 ,39 3 ,66 4 ,94 4 ,79 2 ,76 1 ,8 3
59640 1339.500000 606.000000 ,80 4
59816 1368.000000 639.000000 ,1 4 ,27 5 ,59 5 ,17 2 ,33 1 ,79 2
77321 1360.500000 594.000000 ,87 1 ,2 3 ,80 2
78550 1353.000000 642.000000 ,9 5
82504 1348.500000 640.500000 ,93 1 ,55 5
83990 1374.000000 628.500000 ,99 5
91338 1363.500000 594.000000 ,96 4 ,78 4 ,90 1 ,6 3
