8103 3757.500000 2083.500000 ,36 1
11489 3771.000000 2103.000000 ,48 2 ,95 4 ,25 2
11969 3781.500000 2071.500000 ,43 1 ,20 1 ,40 5 ,52 2 ,78 5 ,98 2
14886 3733.500000 2083.500000 ,53 1 ,64 3 ,26 1 ,31 5
18452 3771.000000 2052.000000 ,46 5 ,66 2
22933 3745.500000 2089.500000 ,55 1 ,49 4 ,64 5
25722 3736.500000 2103.000000 ,6 2 ,2 2
27373 3756.000000 2124.000000 ,67 2 ,68 5 ,45 3 ,36 5 ,91 5
35099 3771.000000 2035.500000 ,97 3 ,5 3 ,87 1 ,62 4 ,1 4 ,50 1
38553 3783.000000 2086.500000 ,50 1 ,14 5 ,12 4 ,41 1 ,44 4
44766 3738.000000 2050.500000 ,31 1
48655 3780.000000 2077.500000 ,42 4
51323 3745.500000 2056.500000 ,81 1 ,30 3
53629 3736.500000 2092.500000 ,62 4 ,4 1 ,85 4
53827 3739.500000 2056.500000 ,66 1
57112 3748.500000 2049.000000 ,10 4 ,97 2
57411 3763.500000 2061.000000 ,8 1 ,67 3 ,49 1 ,37 4 ,39 5
57926 3736.500000 2028.000000 ,82 5 ,65 2
57987 3774.000000 2109.000000 ,58 5 ,19 5 ,67 4 ,16 4 ,29 5 ,62 5
60860 3754.500000 2040.000000 ,4 1 ,69 3 ,42 2
64311 3777.000000 2115.000000 ,88 5 ,41 5 ,76 1 ,64 3 ,45 4 ,50 4
65152 3732.000000 2112.000000 ,43 3 ,1 2 ,37 5 ,75 3 ,3 4 ,10 4
69775 3751.500000 2079.000000 ,25 3 ,76 4 ,6 2 ,68 1 ,77 1
81513 3738.000000 2091.000000 ,15 5
83106 3774.000000 2103.000000 ,78 4 ,45 2 ,81 4 ,63 3
86528 3754.500000 2113.500000 ,6 5 ,49 2 ,86 3 ,28 3
88914 3783.000000 2089.500000 ,88 2 ,71 2 ,79 1 ,38 1
91621 3730.500000 2124.000000 ,46 4 ,67 3 ,50 1 ,12 3 ,17 2 ,76 4
91935 3781.500000 2113.500000 ,23 2 ,72 3 ,17 2 ,20 4 ,83 5 ,49 1
92642 3753.000000 2083.500000 ,99 5 ,30 2
96204 3768.000000 2028.000000 ,65 2 ,88 2 ,43 1 ,92 4 ,5 2
96466 3735.000000 2049.000000 ,44 2 ,77 5 ,47 3
98391 3765.000000 2070.000000 ,23 5 ,17 2
