3085 4078.500000 163.500000 ,52 1
3233 4071.000000 121.500000 ,9 5 ,12 1 ,93 5 ,18 5
4208 4069.500000 171.000000 ,63 4 ,7 2 ,99 3 ,55 3 ,64 1 ,56 2
12977 4060.500000 162.000000 ,14 5
15341 4056.000000 151.500000 ,91 3 ,15 1 ,12 1
19590 4068.000000 145.500000 ,29 5 ,4 1 ,89 3 ,91 3 ,60 4 ,95 5
20576 4072.500000 120.000000 ,15 5 ,60 5
27555 4044.000000 138.000000 ,81 2 ,1 3 ,41 4
29786 4060.500000 120.000000 ,13 1 ,51 4
37225 4050.000000 153.000000 ,85 1
39824 4038.000000 135.000000 ,1 1 ,72 2 ,63 3
40118 4078.500000 159.000000 ,85 5
42914 4072.500000 126.000000 ,8 4 ,84 4
43239 4060.500000 160.500000 ,72 4 ,23 2 ,55 3 ,63 4 ,77 4 ,41 5
54440 4015.500000 163.500000 ,63 1 ,27 4 ,8 4 ,3 1 ,54 1
59740 4017.000000 171.000000 ,85 4 ,11 5 ,39 1 ,5 4
61746 4075.500000 127.500000 ,66 1 ,99 5
62349 4018.500000 160.500000 ,48 1 ,88 3 ,71 2
63844 4029.000000 163.500000 ,51 3
71865 4042.500000 124.500000 ,93 4 ,98 2 ,84 3 ,72 4
74425 4068.000000 150.000000 ,75 4 ,7 1 ,53 1
74457 4032.000000 144.000000 ,76 5 ,78 2 ,25 5
74852 4054.500000 141.000000 ,79 1 ,29 2 ,63 5 ,33 1 ,88 1
75838 4033.500000 147.000000 ,68 1
79460 4066.500000 160.500000 ,77 3 ,26 4
80480 4057.500000 151.500000 ,77 3 ,59 2 ,75 1
81109 4071.000000 133.500000 ,29 1 ,0 5
82995 4048.500000 145.500000 ,0 1 ,12 4 ,61 5 ,59 4 ,15 5 ,33 4
86310 4057.500000 172.500000 ,77 3 ,66 1
