13001 852.000000 1440.000000 ,44 4 ,90 5 ,54 2 ,74 2 ,13 1
14445 843.000000 1428.000000 ,47 4 ,3 4 ,75 3 ,64 5 ,97 1 ,54 2
14885 853.500000 1522.500000 ,99 5
18506 834.000000 1506.000000 ,61 2
19333 847.500000 1411.500000 ,44 5 ,38 3
22275 834.000000 1521.000000 ,51 1 ,64 5 ,98 2 ,97 4 ,20 1 ,43 2
22609 840.000000 1410.000000 ,68 2 ,66 5 ,19 5
26912 832.500000 1411.500000 ,82 4 ,38 5 ,77 3
28592 847.500000 1453.500000 ,51 4 ,3 3 ,56 4 ,55 5 ,50 1 ,2 5
30096 847.500000 1521.000000 ,11 4
30506 837.000000 1518.000000 ,4 1
30660 846.000000 1489.500000 ,69 5
40861 856.500000 1492.500000 ,76 3
55553 835.500000 1507.500000 ,96 1 ,34 1 ,14 3
62251 853.500000 1494.000000 ,40 2 ,50 2 ,33 5
62428 841.500000 1491.000000 ,14 3
63024 837.000000 1509.000000 ,60 5 ,82 3 ,32 3 ,79 4 ,65 1
64509 852.000000 1509.000000 ,41 2 ,75 4 ,71 4
68626 856.500000 1438.500000 ,73 4 ,70 4 ,62 1 ,76 5 ,52 2 ,41 3
68942 835.500000 1434.000000 ,79 3
70182 850.500000 1464.000000 ,90 5 ,11 4 ,24 1 ,3 2 ,6 5
71317 837.000000 1512.000000 ,79 5 ,98 2 ,70 1 ,53 5 ,10 1
71699 858.000000 1476.000000 ,61 2 ,80 5 ,6 2
73008 855.000000 1501.500000 ,76 1 ,41 1 ,64 1 ,90 3 ,14 5
73139 858.000000 1417.500000 ,65 2 ,68 5
73942 843.000000 1473.000000 ,12 5 ,95 4 ,9 2
74295 855.000000 1449.000000 ,23 5 ,54 3
77320 859.500000 1509.000000 ,17 5
80802 843.000000 1419.000000 ,59 4 ,88 4 ,66 5
81547 850.500000 1521.000000 ,49 2 ,60 2
87209 841.500000 1512.000000 ,20 4 ,99 2 ,5 5 ,80 4
89904 841.500000 1408.500000 ,42 5 ,95 5 ,68 5 ,82 4
