2295 3133.500000 706.500000 ,84 3 ,74 1 ,71 5 ,83 2
5580 3124.500000 721.500000 ,29 1 ,75 3 ,57 5 ,38 5 ,12 2 ,55 5
9438 3120.000000 733.500000 ,34 4 ,67 5 ,61 5 ,76 1
14521 3136.500000 703.500000 ,34 1 ,89 4 ,61 3 ,80 3 ,69 5
17112 3090.000000 705.000000 ,31 4
17511 3082.500000 718.500000 ,59 3
21014 3135.000000 732.000000 ,17 1 ,18 2 ,77 1 ,50 3 ,78 1
23767 3099.000000 705.000000 ,0 4 ,18 5 ,62 2 ,48 4
25598 3084.000000 706.500000 ,60 5 ,57 4 ,29 2 ,47 1 ,50 5 ,26 3
26723 3093.000000 714.000000 ,67 3 ,53 2 ,72 5 ,21 2 ,17 2
35552 3138.000000 729.000000 ,2 5 ,70 2
39712 3093.000000 727.500000 ,15 4 ,35 4 ,44 3
41205 3124.500000 717.000000 ,72 5 ,12 3 ,59 4 ,46 4 ,73 2
43916 3109.500000 718.500000 ,29 4 ,11 1 ,80 5 ,19 3 ,42 2
44574 3103.500000 729.000000 ,78 3
46418 3085.500000 727.500000 ,23 3 ,71 5 ,48 3 ,28 1 ,90 1
50559 3118.500000 720.000000 ,48 4 ,30 1
54968 3094.500000 717.000000 ,37 4 ,75 4 ,89 3 ,73 5
56121 3091.500000 727.500000 ,44 5 ,99 4 ,20 4 ,18 2 ,43 4
62249 3120.000000 727.500000 ,3 4 ,7 5
72081 3123.000000 709.500000 ,8 1 ,14 1 ,9 5 ,86 5
77886 3084.000000 717.000000 ,74 2 ,73 4 ,15 4
80443 3087.000000 724.500000 ,43 3 ,38 2
80757 3129.000000 700.500000 ,45 3 ,87 1 ,3 1 ,60 3 ,77 3
87279 3132.000000 726.000000 ,30 4 ,79 1 ,75 2 ,53 3 ,63 4 ,21 4
93421 3087.000000 736.500000 ,64 5 ,58 2 ,6 1 ,77 4 ,89 1 ,40 4
99337 3079.500000 727.500000 ,85 4 ,78 5 ,6 3 ,52 2 ,7 3 ,45 3
