1560 3108.000000 184.500000 ,91 1 ,87 4 ,24 3 ,82 5 ,43 5
4295 3094.500000 187.500000 ,51 1 ,43 3 ,98 5 ,18 4 ,61 5 ,68 3
6835 3099.000000 162.000000 ,97 2 ,33 3 ,27 5 ,69 3 ,86 2 ,31 3
10254 3127.500000 186.000000 ,87 3 ,35 5
17786 3130.500000 181.500000 ,32 5 ,65 1 ,92 4 ,94 1 ,12 3
21343 3114.000000 181.500000 ,33 5 ,91 1 ,27 4
23532 3136.500000 154.500000 ,32 2 ,61 4 ,78 5 ,82 4 ,81 5
29169 3111.000000 129.000000 ,80 3
31287 3121.500000 186.000000 ,42 2 ,72 4 ,31 2
33068 3133.500000 160.500000 ,84 5
33209 3102.000000 133.500000 ,38 4 ,7 5 ,88 2
36766 3115.500000 181.500000 ,39 1 ,78 5 ,19 2 ,55 1 ,76 1
37067 3124.500000 126.000000 ,70 2 ,39 3 ,10 5
38472 3096.000000 177.000000 ,16 2 ,71 1 ,77 5 ,84 1
39175 3111.000000 186.000000 ,70 2
42824 3103.500000 148.500000 ,34 4 ,27 1 ,13 1 ,43 1
42918 3121.500000 160.500000 ,95 2 ,13 4 ,57 4
46369 3126.000000 157.500000 ,27 5 ,83 4 ,67 1 ,20 5 ,82 5 ,29 1
47276 3093.000000 138.000000 ,43 5 ,20 4 ,68 2
49170 3093.000000 169.500000 ,61 4 ,80 3 ,86 5 ,58 5 ,50 5
49889 3126.000000 174.000000 ,84 1 ,88 5 ,3 3 ,11 3
58737 3130.500000 139.500000 ,19 2 ,92 1 ,0 5
63529 3106.500000 160.500000 ,4 3 ,63 1 ,3 4 ,41 1 ,26 1 ,33 3
69124 3121.500000 180.000000 ,78 5 ,14 5 ,98 1 ,97 3 ,55 1 ,19 5
71049 3127.500000 172.500000 ,30 2
75195 3123.000000 130.500000 ,38 5 ,95 4 ,34 5 ,51 1 ,39 2
84423 3132.000000 142.500000 ,57 1 ,24 5
90196 3096.000000 144.000000 ,57 5 ,50 3 ,47 4 ,85 2 ,55 2
95856 3135.000000 156.000000 ,18 3
96449 3135.000000 127.500000 ,81 3 ,84 3
97504 3121.500000 145.500000 ,23 3 ,75 2 ,67 1
98312 3129.000000 178.500000 ,93 1 ,57 3 ,69 2 ,68 4
