3104 4393.500000 1380.000000 ,19 2 ,53 3
3243 4432.500000 1372.500000 ,99 3 ,35 3
4471 4413.000000 1452.000000 ,4 3 ,19 3 ,63 5 ,65 1 ,70 1 ,76 5
4573 4387.500000 1411.500000 ,63 1 ,25 5 ,11 3 ,97 4 ,92 2 ,84 5
8307 4399.500000 1447.500000 ,84 2 ,16 2
10915 4432.500000 1420.500000 ,2 1
14522 4387.500000 1404.000000 ,1 3
15167 4390.500000 1426.500000 ,75 4 ,21 1 ,45 1 ,91 3 ,59 2
23333 4428.000000 1416.000000 ,20 3 ,79 5
30134 4398.000000 1426.500000 ,67 2 ,38 2 ,16 3 ,79 2
30312 4435.500000 1368.000000 ,98 2 ,90 3
34851 4420.500000 1384.500000 ,68 1
34853 4431.000000 1413.000000 ,27 4
35784 4402.500000 1387.500000 ,51 2
37199 4396.500000 1437.000000 ,72 3 ,24 2 ,45 5 ,80 2 ,41 5 ,18 4
37364 4438.500000 1389.000000 ,59 1 ,60 4 ,95 4
37589 4405.500000 1362.000000 ,13 1
38996 4431.000000 1413.000000 ,61 5
39590 4408.500000 1437.000000 ,91 2
40022 4408.500000 1425.000000 ,66 2
47891 4404.000000 1396.500000 ,65 1
49068 4431.000000 1440.000000 ,3 4 ,22 2 ,96 3
50977 4438.500000 1428.000000 ,95 4 ,83 2 ,85 3 ,72 1 ,94 4
51039 4396.500000 1372.500000 ,43 5
53016 4434.000000 1410.000000 ,14 3 ,58 1 ,10 4 ,68 3
54574 4399.500000 1452.000000 ,20 3 ,17 2 ,27 2
56915 4422.000000 1369.500000 ,17 3 ,5 1 ,69 5 ,84 1
57914 4411.500000 1441.500000 ,74 2 ,69 4 ,10 5 ,98 1 ,42 5
65294 4429.500000 1390.500000 ,79 3 ,37 1 ,24 5
66542 4390.500000 1395.000000 ,61 5
66559 4408.500000 1396.500000 ,66 3 ,93 2 ,32 5 ,25 4 ,92 2
66886 4420.500000 1404.000000 ,10 1 ,47 4 ,61 5 ,43 4
69234 4423.500000 1443.000000 ,3 1 ,31 3
70430 4398.000000 1389.000000 ,9 2 ,75 4 ,62 5 ,81 4 ,25 4
72164 4387.500000 1423.500000 ,72 4 ,56 2 ,4 3 ,70 1 ,18 4
73988 4408.500000 1405.500000 ,73 3 ,81 1 ,36 5 ,71 2 ,46 5
76496 4393.500000 1354.500000 ,41 4 ,51 3 ,3 5 ,20 4 ,52 1 ,16 4
81580 4414.500000 1444.500000 ,85 3 ,23 5 ,36 3 ,22 4 ,12 1 ,21 2
84962 4387.500000 1389.000000 ,0 3 ,68 3 ,49 5 ,31 4 ,79 1 ,76 1
90584 4393.500000 1366.500000 ,95 1
