3933 2500.500000 2379.000000 ,55 4 ,65 3
14143 2523.000000 2406.000000 ,25 2 ,79 1 ,6 4 ,48 3 ,71 4
19713 2551.500000 2404.500000 ,96 1
26800 2553.000000 2413.500000 ,27 1 ,49 3
28535 2523.000000 2365.500000 ,34 2 ,88 1
28837 2539.500000 2394.000000 ,40 3 ,49 5 ,88 1 ,51 1
30455 2559.000000 2415.000000 ,27 4 ,23 3 ,25 1 ,45 1
32422 2550.000000 2416.500000 ,46 5 ,68 2 ,96 1 ,16 1 ,90 2 ,55 3
34026 2548.500000 2374.500000 ,32 3
36802 2551.500000 2368.500000 ,69 1 ,0 1 ,99 4 ,39 4
38701 2514.000000 2362.500000 ,41 5 ,32 3 ,9 2 ,61 4 ,92 2 ,83 1
39648 2508.000000 2377.500000 ,27 2 ,17 3 ,13 2 ,95 2 ,22 3
41031 2509.500000 2395.500000 ,91 2 ,14 1 ,32 1 ,59 2
41426 2506.500000 2368.500000 ,50 5 ,60 4 ,95 1
43063 2524.500000 2386.500000 ,47 3 ,32 5 ,13 2 ,72 1
46681 2514.000000 2361.000000 ,85 5
49928 2536.500000 2367.000000 ,36 4 ,87 4 ,94 3
52395 2559.000000 2403.000000 ,78 1 ,66 1 ,16 2 ,30 4
65675 2533.500000 2385.000000 ,24 2 ,62 3 ,56 3
66565 2515.500000 2391.000000 ,3 5 ,54 1 ,1 4 ,47 4 ,79 4
67933 2547.000000 2412.000000 ,22 3 ,16 1 ,94 5 ,55 5 ,93 3
68274 2512.500000 2403.000000 ,80 5 ,13 4 ,60 1 ,49 1 ,54 4
69873 2533.500000 2359.500000 ,3 5 ,22 1
71274 2554.500000 2395.500000 ,24 1 ,40 3 ,48 5 ,59 4
77305 2497.500000 2416.500000 ,70 2 ,37 3 ,81 3 ,84 1
77648 2559.000000 2389.500000 ,24 4 ,27 3 ,96 3 ,6 2
89487 2527.500000 2371.500000 ,40 2 ,10 5 ,16 5
90169 2551.500000 2389.500000 ,68 5 ,18 2 ,27 5 ,95 4
96034 2524.500000 2388.000000 ,88 2 ,68 4
97673 2556.000000 2383.500000 ,35 5 ,32 1
