5008 2904.000000 949.500000 ,25 4
14170 2920.500000 936.000000 ,54 2 ,71 3 ,52 1 ,8 3
23659 2905.500000 904.500000 ,33 3 ,71 2 ,40 3 ,87 4 ,21 2 ,65 5
24866 2919.000000 906.000000 ,33 1 ,4 1 ,85 2 ,49 5
26746 2904.000000 927.000000 ,7 4
29259 2902.500000 897.000000 ,39 5
31324 2895.000000 952.500000 ,37 5 ,84 4
31547 2925.000000 927.000000 ,62 5 ,75 2 ,84 2 ,59 4 ,15 3 ,92 1
36130 2904.000000 952.500000 ,10 5 ,24 4 ,36 5 ,88 3
38169 2932.500000 912.000000 ,5 4 ,23 4 ,76 4 ,54 1 ,40 1
40629 2919.000000 907.500000 ,81 2 ,10 5 ,35 1 ,67 1 ,59 1 ,51 1
44227 2932.500000 888.000000 ,20 3 ,97 3 ,80 1 ,48 5 ,77 4
50320 2928.000000 939.000000 ,10 3 ,38 4 ,24 1 ,65 2 ,30 5 ,55 5
50926 2926.500000 952.500000 ,23 4 ,53 4 ,26 1 ,8 2
53907 2913.000000 892.500000 ,30 4 ,41 5 ,8 4
64178 2899.500000 888.000000 ,73 2 ,48 5
67533 2904.000000 897.000000 ,70 2
73466 2910.000000 901.500000 ,20 2
80052 2931.000000 937.500000 ,16 4 ,5 2 ,36 5 ,45 4 ,70 4 ,76 1
84274 2907.000000 930.000000 ,52 3 ,14 2 ,72 5 ,92 3 ,80 4
86098 2929.500000 912.000000 ,38 3 ,89 2 ,42 5 ,69 2
86344 2895.000000 894.000000 ,23 2 ,55 4 ,92 1 ,85 2
87191 2904.000000 939.000000 ,96 5
92229 2890.500000 892.500000 ,24 2 ,15 3 ,38 2 ,39 2
93258 2905.500000 904.500000 ,79 2 ,21 3 ,27 2 ,61 2 ,64 1 ,82 1
99661 2911.500000 891.000000 ,52 1 ,56 5 ,78 4 ,73 3
