11252 4006.500000 1390.500000 ,94 4
15085 4029.000000 1396.500000 ,19 3 ,17 1 ,5 1 ,38 4
19627 4018.500000 1429.500000 ,77 4 ,27 1 ,58 4 ,41 2
25242 3999.000000 1396.500000 ,22 2 ,40 4 ,45 2 ,3 2 ,28 3
26180 4009.500000 1375.500000 ,69 2 ,4 3 ,6 1 ,45 3 ,11 3
29805 4003.500000 1416.000000 ,32 2 ,75 3 ,89 2 ,82 2 ,56 4 ,41 2
30161 3997.500000 1419.000000 ,67 1 ,66 5
30231 4026.000000 1396.500000 ,23 5 ,88 4 ,42 3
42093 3994.500000 1419.000000 ,80 2 ,50 5
42602 3997.500000 1395.000000 ,40 5 ,48 1 ,52 5 ,24 3 ,22 5
44383 4023.000000 1363.500000 ,39 5 ,59 3 ,74 4
48895 4020.000000 1371.000000 ,50 4 ,80 4 ,10 3 ,83 5
52561 4002.000000 1368.000000 ,18 3 ,65 5 ,81 3 ,91 4 ,32 2 ,1 2
54584 3996.000000 1435.500000 ,38 1 ,43 1 ,95 4 ,16 2
55268 3993.000000 1362.000000 ,82 3
60199 4008.000000 1383.000000 ,53 2
66784 4029.000000 1399.500000 ,80 1
66800 4023.000000 1384.500000 ,99 3 ,30 2 ,12 5 ,66 2 ,57 4
67053 3997.500000 1420.500000 ,30 2
68800 4009.500000 1408.500000 ,45 3 ,27 5 ,48 3 ,79 2 ,54 4
69204 3994.500000 1429.500000 ,46 5 ,42 2 ,54 3 ,66 3 ,5 4 ,22 2
69941 4020.000000 1395.000000 ,16 4 ,47 5 ,62 2 ,44 5
75119 3990.000000 1428.000000 ,84 1 ,19 2
80029 3990.000000 1354.500000 ,30 1 ,76 5 ,43 5 ,86 3
83786 3999.000000 1374.000000 ,72 5
84538 4023.000000 1359.000000 ,9 1 ,29 1 ,88 5 ,4 2 ,78 1
84627 3999.000000 1377.000000 ,34 3 ,98 5
84825 4006.500000 1387.500000 ,82 3 ,77 4 ,43 2 ,30 4 ,13 4 ,62 4
90101 4009.500000 1366.500000 ,16 1 ,81 3 ,95 3 ,23 1 ,26 5 ,90 4
97948 4005.000000 1428.000000 ,35 4 ,93 5 ,41 4
99774 3991.500000 1380.000000 ,65 1 ,88 4 ,89 4
