929 2931.000000 2896.500000 ,10 5 ,6 5 ,22 5
2170 2961.000000 2905.500000 ,50 5 ,95 2 ,35 1 ,89 5 ,29 4 ,68 1
4432 2950.500000 2899.500000 ,78 4 ,94 2
16232 2931.000000 2895.000000 ,18 2 ,19 4 ,87 1 ,88 2 ,41 4 ,22 1
17473 2947.500000 2892.000000 ,17 2 ,61 1 ,35 2 ,6 3 ,4 3 ,37 5
27718 2917.500000 2893.500000 ,81 2 ,15 1 ,48 5
31695 2919.000000 2889.000000 ,58 2 ,30 1 ,83 3 ,60 4 ,1 3
32890 2959.500000 2902.500000 ,57 2 ,37 2
42213 2931.000000 2863.500000 ,60 3 ,30 1 ,1 1 ,79 5 ,40 1
46187 2970.000000 2907.000000 ,5 4 ,62 4 ,98 1
56916 2940.000000 2898.000000 ,7 2 ,64 5 ,72 3 ,3 3 ,47 5
58909 2932.500000 2865.000000 ,99 3 ,12 4 ,94 3 ,22 2
67683 2967.000000 2866.500000 ,62 2 ,33 1 ,17 5 ,46 4
70512 2943.000000 2895.000000 ,0 4 ,27 1 ,85 5 ,45 1 ,26 3 ,6 4
85788 2926.500000 2881.500000 ,27 5
86976 2965.500000 2869.500000 ,24 2 ,71 4 ,93 1 ,41 2 ,37 1
87252 2976.000000 2884.500000 ,32 4 ,94 1 ,43 4
88028 2934.000000 2889.000000 ,93 3 ,23 3 ,50 5
89654 2914.500000 2895.000000 ,10 3
97709 2928.000000 2907.000000 ,25 4 ,40 3 ,41 4 ,3 1
