2886 2446.500000 328.500000 ,20 4 ,60 3 ,75 3 ,40 4 ,93 3 ,56 3
6375 2491.500000 328.500000 ,17 1 ,40 3 ,4 2
7544 2442.000000 340.500000 ,0 2 ,40 5 ,55 1
7849 2445.000000 325.500000 ,25 4 ,91 1 ,77 3 ,99 5 ,96 1
7883 2422.500000 334.500000 ,46 5
9887 2484.000000 325.500000 ,55 4 ,28 2 ,13 3 ,23 3
10227 2458.500000 334.500000 ,49 4 ,66 3
18068 2490.000000 301.500000 ,83 5
18926 2472.000000 324.000000 ,68 4
19769 2479.500000 340.500000 ,27 2
20046 2424.000000 304.500000 ,93 1 ,32 5
21320 2442.000000 307.500000 ,9 5 ,52 4 ,51 2 ,32 4
22617 2487.000000 312.000000 ,20 1
26325 2452.500000 309.000000 ,22 2
38946 2439.000000 331.500000 ,4 1 ,95 1 ,45 1
40370 2451.000000 345.000000 ,66 2 ,41 3 ,0 1
41483 2452.500000 315.000000 ,22 3 ,88 3 ,61 5
44636 2460.000000 304.500000 ,81 2
46786 2475.000000 345.000000 ,52 5
48771 2469.000000 307.500000 ,83 4 ,79 3 ,56 5
49585 2422.500000 319.500000 ,20 2 ,75 3 ,74 5 ,31 4 ,77 1
51035 2458.500000 297.000000 ,41 4 ,63 1 ,27 4 ,59 2 ,82 5 ,66 1
51239 2497.500000 301.500000 ,72 4 ,60 5 ,70 1
52465 2475.000000 336.000000 ,65 3 ,22 1 ,44 5 ,29 5
54522 2461.500000 309.000000 ,47 3
56195 2476.500000 346.500000 ,65 4 ,23 1 ,30 5 ,17 3 ,95 1 ,70 5
58685 2455.500000 327.000000 ,99 2 ,63 1 ,77 5 ,43 1 ,2 5
58839 2496.000000 306.000000 ,93 3
65697 2454.000000 333.000000 ,56 5 ,52 1 ,72 2 ,93 4 ,95 1
75673 2419.500000 330.000000 ,85 1
76139 2499.000000 307.500000 ,17 2 ,20 3 ,76 5 ,61 3
76444 2416.500000 303.000000 ,22 1 ,59 2 ,58 1 ,66 5
85302 2427.000000 322.500000 ,86 5 ,7 3 ,43 1 ,9 5 ,6 1 ,78 4
87980 2470.500000 339.000000 ,35 1 ,37 4 ,10 3
89888 2484.000000 313.500000 ,25 3 ,97 3 ,59 3
