1881 360.000000 783.000000 ,48 4 ,62 3 ,11 1 ,0 3 ,29 3
14574 369.000000 771.000000 ,48 5 ,57 5
22384 360.000000 780.000000 ,78 4 ,18 5
27546 346.500000 771.000000 ,33 2 ,66 4 ,22 5 ,94 2 ,50 5
29875 379.500000 778.500000 ,9 5 ,52 3 ,37 5
33759 367.500000 766.500000 ,85 4
33926 352.500000 721.500000 ,66 1 ,37 2 ,35 5
34062 360.000000 772.500000 ,23 3
50243 343.500000 781.500000 ,3 3 ,20 5 ,69 1 ,0 1
58237 336.000000 778.500000 ,2 4 ,95 3
64179 336.000000 747.000000 ,29 2 ,7 3 ,99 2 ,35 4
68530 351.000000 745.500000 ,62 5 ,12 5 ,79 2 ,81 3 ,3 3 ,6 5
70435 355.500000 763.500000 ,73 2 ,24 5 ,44 1 ,79 3 ,84 3
75398 342.000000 747.000000 ,13 1 ,0 5 ,60 4
79558 313.500000 751.500000 ,73 4 ,42 3 ,8 1 ,7 5 ,2 3 ,0 2
82258 324.000000 720.000000 ,88 3
92679 321.000000 720.000000 ,56 3 ,30 2 ,96 4 ,65 3 ,62 1 ,87 5
98436 375.000000 748.500000 ,45 3 ,64 5 ,11 1 ,74 5 ,14 5 ,25 1
