6355 2341.500000 2521.500000 ,7 5 ,38 5 ,66 3 ,94 2 ,91 3
12633 2337.000000 2565.000000 ,11 3 ,28 4 ,2 3 ,45 3 ,8 2
12810 2341.500000 2478.000000 ,41 3 ,78 2 ,51 1
17141 2337.000000 2484.000000 ,81 5 ,36 3 ,32 3 ,58 1 ,90 4
25501 2329.500000 2482.500000 ,82 5 ,6 2 ,92 5
26758 2334.000000 2569.500000 ,1 4 ,74 3 ,81 4 ,53 3 ,73 4 ,61 1
28111 2325.000000 2541.000000 ,86 3 ,6 2 ,1 2 ,10 2
31561 2337.000000 2496.000000 ,68 1
38995 2328.000000 2484.000000 ,84 4
41941 2271.000000 2535.000000 ,73 2 ,13 4 ,27 1
45456 2310.000000 2521.500000 ,30 4 ,31 1
49364 2274.000000 2566.500000 ,8 3 ,65 3 ,70 1
49937 2292.000000 2499.000000 ,50 3
55250 2271.000000 2478.000000 ,98 1
56819 2322.000000 2494.500000 ,99 3 ,64 4 ,25 1 ,45 2
57883 2343.000000 2565.000000 ,1 4 ,67 4
58388 2329.500000 2560.500000 ,97 1
60213 2335.500000 2503.500000 ,46 5 ,38 1 ,86 2 ,42 4 ,34 4 ,16 2
63208 2329.500000 2569.500000 ,65 5 ,12 1 ,95 2 ,58 1 ,19 5
63401 2340.000000 2550.000000 ,87 4 ,9 5
67060 2343.000000 2539.500000 ,2 4
71822 2326.500000 2560.500000 ,58 4
75403 2316.000000 2563.500000 ,65 2 ,93 3 ,22 2 ,37 2 ,68 5
79176 2319.000000 2482.500000 ,11 5 ,73 3 ,92 1 ,34 3 ,5 1
86644 2341.500000 2484.000000 ,95 1 ,91 5
91845 2332.500000 2544.000000 ,88 3 ,42 2 ,35 4 ,74 1 ,87 1 ,36 4
