1391 1746.000000 33.000000 ,46 4 ,55 4 ,91 4 ,96 5 ,36 4
9561 1801.500000 75.000000 ,47 3 ,70 1 ,6 1 ,56 4
10619 1752.000000 67.500000 ,38 3 ,52 5 ,34 5 ,64 2 ,93 5 ,7 3
15871 1749.000000 34.500000 ,55 3 ,28 3 ,58 1
19730 1767.000000 52.500000 ,25 5 ,12 3 ,94 2 ,46 3 ,42 1
20898 1800.000000 70.500000 ,19 1 ,26 1 ,53 1
23790 1795.500000 49.500000 ,40 3 ,7 5 ,82 1
24126 1765.500000 34.500000 ,72 5 ,5 1 ,61 4
25694 1761.000000 42.000000 ,30 4 ,60 4 ,35 1 ,17 5 ,5 3
30071 1794.000000 3.000000 ,25 1 ,2 2 ,0 3 ,98 5
32567 1767.000000 64.500000 ,69 2 ,21 5 ,86 3 ,43 5 ,16 3
34866 1782.000000 42.000000 ,70 4
34971 1767.000000 27.000000 ,93 4 ,92 1
36909 1797.000000 72.000000 ,54 2 ,44 1 ,41 4 ,7 1 ,59 1 ,95 1
45974 1744.500000 61.500000 ,21 3 ,46 3 ,72 5
47085 1765.500000 30.000000 ,6 2 ,3 5
53306 1791.000000 64.500000 ,52 3
57794 1762.500000 69.000000 ,58 2 ,23 2 ,56 2 ,33 3
59711 1785.000000 18.000000 ,63 4 ,37 4 ,8 1 ,0 5
64274 1764.000000 13.500000 ,71 5 ,2 4 ,61 2
69161 1795.500000 45.000000 ,36 5 ,44 4 ,99 3 ,62 1
76504 1789.500000 60.000000 ,61 5 ,83 5
78153 1749.000000 55.500000 ,56 5 ,12 2 ,18 3 ,26 5
80713 1752.000000 13.500000 ,43 2 ,52 5 ,11 1 ,97 3 ,38 5 ,99 4
83577 1749.000000 61.500000 ,35 1 ,44 3 ,50 2 ,60 5 ,13 5 ,5 5
84037 1798.500000 7.500000 ,71 1 ,16 3
85127 1746.000000 42.000000 ,76 4 ,53 3 ,66 5 ,46 4 ,18 4
85297 1776.000000 28.500000 ,26 1 ,84 5
87765 1765.500000 49.500000 ,8 3 ,40 3 ,1 5 ,59 2 ,81 3 ,6 1
88196 1747.500000 3.000000 ,45 4
90257 1759.500000 0.000000 ,28 1 ,50 4 ,36 2 ,26 4 ,66 2
92840 1744.500000 42.000000 ,18 4 ,55 3 ,19 3
94643 1789.500000 54.000000 ,81 2 ,30 1 ,9 4 ,98 3
94787 1771.500000 72.000000 ,95 2 ,96 5 ,41 5
96669 1768.500000 9.000000 ,55 2 ,61 4
