3627 4131.000000 2575.500000 ,45 2 ,89 5 ,18 3 ,0 5 ,25 3
4609 4069.500000 2580.000000 ,25 3 ,28 5
13139 4074.000000 2593.500000 ,73 1
15230 4117.500000 2596.500000 ,31 4 ,30 4 ,64 4 ,56 2
16534 4117.500000 2583.000000 ,49 5 ,42 2 ,32 2 ,51 4 ,92 4
19779 4087.500000 2571.000000 ,38 1 ,31 4 ,96 2 ,49 4 ,33 4 ,43 5
21619 4119.000000 2571.000000 ,74 5 ,31 1 ,77 2 ,84 1 ,9 4
24307 4096.500000 2580.000000 ,89 3 ,93 4 ,33 1 ,30 3 ,70 4
24548 4074.000000 2574.000000 ,97 4 ,81 3 ,19 5 ,65 2 ,4 5
36237 4066.500000 2581.500000 ,24 1 ,4 3 ,58 4 ,66 1
40892 4129.500000 2557.500000 ,45 4 ,63 1
47747 4096.500000 2553.000000 ,94 5 ,48 5
50190 4114.500000 2569.500000 ,85 4 ,30 1
51926 4110.000000 2595.000000 ,69 5 ,8 1
55527 4074.000000 2595.000000 ,18 2
55980 4096.500000 2590.500000 ,70 4
56979 4078.500000 2554.500000 ,58 1 ,45 2 ,15 4 ,30 3 ,78 4 ,55 4
56996 4077.000000 2595.000000 ,41 5
58261 4063.500000 2587.500000 ,99 4 ,72 2 ,53 5 ,89 5 ,30 4 ,91 4
60558 4063.500000 2553.000000 ,99 1 ,8 2 ,18 4
63380 4110.000000 2562.000000 ,15 1 ,48 4 ,8 1 ,89 3 ,56 1
66486 4087.500000 2562.000000 ,46 4
67446 4093.500000 2574.000000 ,1 5 ,10 3 ,83 1
79623 4123.500000 2574.000000 ,72 3 ,26 1
80721 4114.500000 2589.000000 ,49 5
83880 4083.000000 2578.500000 ,45 2 ,84 2
85685 4056.000000 2577.000000 ,67 4 ,31 4 ,69 2 ,27 4 ,86 5 ,47 3
88150 4126.500000 2581.500000 ,38 5 ,83 1 ,40 2 ,79 3 ,49 3
95295 4083.000000 2551.500000 ,60 1 ,67 3 ,2 2 ,58 3 ,89 4
