1584 730.500000 2355.000000 ,60 2 ,87 2 ,15 5 ,84 1 ,58 4 ,71 1
2366 715.500000 2344.500000 ,29 3 ,95 3
4942 744.000000 2370.000000 ,4 1 ,26 5 ,49 3
5082 738.000000 2338.500000 ,43 1 ,71 2 ,82 5
14590 729.000000 2344.500000 ,9 3
15739 714.000000 2340.000000 ,91 3 ,11 3
16113 702.000000 2338.500000 ,15 4
25543 751.500000 2343.000000 ,40 1 ,57 5 ,69 3 ,64 3
29696 691.500000 2335.500000 ,32 2
29720 748.500000 2349.000000 ,71 3 ,67 2 ,78 5 ,63 3 ,30 4
32220 723.000000 2361.000000 ,22 4 ,97 3 ,98 5
32940 751.500000 2371.500000 ,56 4 ,73 2 ,74 4
34399 739.500000 2362.500000 ,44 1 ,37 3
46365 681.000000 2367.000000 ,24 5 ,27 2 ,96 2
58098 726.000000 2350.500000 ,70 5 ,17 1
69171 720.000000 2359.500000 ,66 5 ,11 5 ,82 2 ,49 3 ,75 2
72438 691.500000 2358.000000 ,18 3 ,55 2 ,42 5 ,19 3
73322 733.500000 2365.500000 ,4 4 ,13 2 ,71 3 ,66 2
73429 673.500000 2353.500000 ,12 5 ,57 4 ,65 4 ,37 4
76519 679.500000 2350.500000 ,97 1 ,37 3 ,70 1 ,56 2 ,57 5
78950 699.000000 2370.000000 ,65 3 ,10 3 ,48 4 ,85 4 ,94 1
82581 732.000000 2353.500000 ,43 2
88047 717.000000 2371.500000 ,89 4
89749 717.000000 2337.000000 ,24 1 ,87 3 ,99 4
95238 717.000000 2349.000000 ,75 5 ,21 2 ,40 3
95311 720.000000 2362.500000 ,71 2
99804 715.500000 2373.000000 ,51 5 ,29 5 ,88 5 ,86 1
