14525 2853.000000 673.500000 ,5 2 ,72 1 ,63 3 ,97 1 ,57 5
14750 2866.500000 658.500000 ,31 2
15227 2820.000000 634.500000 ,25 2 ,56 4 ,71 5 ,5 1
18788 2812.500000 681.000000 ,46 1 ,22 5
20402 2854.500000 616.500000 ,39 2 ,99 2 ,42 2 ,32 2 ,80 3 ,29 4
21265 2844.000000 667.500000 ,39 5 ,51 3 ,62 3 ,15 4
22172 2881.500000 667.500000 ,15 2
22830 2872.500000 672.000000 ,53 3 ,71 1 ,11 4 ,1 4 ,93 5
23126 2814.000000 672.000000 ,17 4 ,15 2 ,59 3 ,75 3 ,57 3 ,91 3
25286 2881.500000 616.500000 ,54 2 ,74 5 ,44 4 ,5 5
30760 2868.000000 675.000000 ,16 1
32416 2851.500000 655.500000 ,6 5 ,84 5 ,45 5 ,2 5
44006 2865.000000 637.500000 ,59 4 ,74 2 ,33 3
44578 2862.000000 619.500000 ,56 4 ,94 2 ,75 5 ,61 4 ,90 4
46903 2821.500000 672.000000 ,94 1 ,4 5
47132 2872.500000 657.000000 ,76 3
47141 2835.000000 589.500000 ,18 3 ,87 2 ,94 1 ,61 5 ,44 1
60205 2854.500000 666.000000 ,2 2 ,28 5
61430 2883.000000 669.000000 ,69 1
66828 2883.000000 673.500000 ,95 2 ,15 4 ,64 4
68324 2874.000000 676.500000 ,32 5 ,48 4 ,47 2
69887 2857.500000 673.500000 ,28 4 ,87 4 ,56 4 ,54 3 ,92 4
73905 2829.000000 649.500000 ,86 5 ,24 1 ,45 1 ,74 3 ,87 4
76414 2815.500000 618.000000 ,41 3 ,6 4 ,50 1 ,43 5 ,4 1
76560 2820.000000 651.000000 ,16 1 ,59 1 ,12 5 ,18 5 ,80 5 ,42 2
80282 2845.500000 682.500000 ,28 3 ,86 5 ,42 2 ,95 5 ,19 5 ,14 5
80741 2883.000000 660.000000 ,17 2 ,24 2 ,89 2 ,57 2 ,60 1
80825 2883.000000 682.500000 ,32 1 ,72 2 ,45 4 ,78 5 ,99 2 ,30 5
81038 2883.000000 619.500000 ,86 1 ,41 1 ,37 3 ,11 4 ,49 4 ,20 2
81083 2850.000000 588.000000 ,38 3 ,40 2 ,97 1 ,41 4 ,72 3
85027 2833.500000 672.000000 ,24 1 ,67 1 ,55 5 ,75 1 ,19 4 ,60 3
89375 2814.000000 660.000000 ,92 2 ,6 5 ,42 2 ,91 2 ,36 5 ,29 5
97100 2827.500000 678.000000 ,3 1 ,15 3 ,56 1 ,55 3 ,23 3
99174 2829.000000 654.000000 ,55 5
