2122 313.500000 207.000000 ,64 2
4084 301.500000 210.000000 ,31 5 ,84 3 ,23 1 ,7 5 ,12 4 ,45 3
10288 327.000000 207.000000 ,86 2 ,6 2 ,16 2 ,28 2 ,47 4 ,74 5
16737 301.500000 201.000000 ,13 3 ,76 5 ,44 3 ,15 2 ,66 1
18534 325.500000 186.000000 ,59 1 ,42 4 ,52 4 ,37 1 ,72 2 ,36 5
18545 295.500000 157.500000 ,16 4 ,62 3
21820 312.000000 165.000000 ,5 2 ,20 5
23021 316.500000 183.000000 ,82 2
23226 289.500000 178.500000 ,82 4
23504 301.500000 168.000000 ,84 1
24635 321.000000 132.000000 ,31 1 ,9 5
27729 324.000000 141.000000 ,12 4 ,28 5
29127 324.000000 168.000000 ,55 4
32201 301.500000 147.000000 ,98 2 ,99 3 ,12 4 ,0 2 ,48 1
33400 307.500000 193.500000 ,24 2 ,52 4
37920 304.500000 148.500000 ,33 1
38623 321.000000 148.500000 ,26 4 ,94 4 ,35 3 ,5 1
39052 292.500000 211.500000 ,57 4
39873 321.000000 162.000000 ,44 4 ,97 1
42646 307.500000 150.000000 ,90 1 ,66 2
43414 325.500000 193.500000 ,70 2
43439 294.000000 199.500000 ,17 2 ,73 5 ,66 5 ,78 3 ,13 5
44761 307.500000 195.000000 ,44 5 ,40 1
53362 291.000000 174.000000 ,0 2 ,96 4 ,61 5 ,60 2
54835 309.000000 199.500000 ,48 1 ,34 5 ,15 4 ,40 5 ,86 4
60298 330.000000 196.500000 ,29 4 ,28 4 ,40 1 ,1 5 ,26 5
65705 319.500000 141.000000 ,14 2 ,27 4 ,13 4 ,50 4
66077 289.500000 177.000000 ,27 5 ,16 5
69855 298.500000 183.000000 ,73 2 ,33 1 ,2 5 ,86 1 ,48 5 ,21 4
70622 309.000000 139.500000 ,18 5 ,67 2 ,12 1 ,68 2
74208 301.500000 186.000000 ,19 4 ,15 4 ,2 3 ,75 5 ,69 4
77197 325.500000 123.000000 ,12 3 ,54 3
79851 315.000000 187.500000 ,18 1
81544 292.500000 163.500000 ,84 3 ,17 1 ,30 1 ,61 3
88117 307.500000 213.000000 ,69 5 ,34 5 ,64 2 ,61 3
90433 315.000000 172.500000 ,41 5 ,25 1 ,43 5 ,34 4 ,73 2
91867 297.000000 171.000000 ,9 2 ,53 3 ,56 2 ,26 3 ,34 5 ,90 4
91933 295.500000 208.500000 ,35 1 ,27 5
92854 316.500000 207.000000 ,88 3
95670 322.500000 204.000000 ,25 3 ,90 1 ,86 4 ,26 1 ,56 1
