19539 3007.500000 1638.000000 ,34 5
21095 3016.500000 1642.500000 ,43 2 ,93 1
25117 2997.000000 1602.000000 ,3 4 ,85 4 ,69 4
27944 3010.500000 1605.000000 ,99 3 ,3 3 ,15 2
29873 2976.000000 1629.000000 ,59 5 ,52 4 ,87 4 ,50 2 ,58 5
33310 2985.000000 1621.500000 ,14 4 ,96 5 ,12 2 ,43 5 ,7 2 ,28 2
34032 2994.000000 1609.500000 ,32 2 ,13 2 ,72 4 ,87 3 ,31 3 ,4 4
34138 3013.500000 1629.000000 ,1 1 ,29 4 ,40 5 ,76 4
37444 2985.000000 1632.000000 ,58 3 ,20 4 ,34 4 ,97 5
56663 3000.000000 1593.000000 ,72 2
58698 3013.500000 1620.000000 ,88 4 ,54 3 ,23 3
59065 2997.000000 1612.500000 ,64 3 ,42 4 ,30 3 ,85 4
74247 2988.000000 1629.000000 ,7 3 ,97 5 ,37 5
76917 3006.000000 1633.500000 ,52 3 ,79 4 ,6 1 ,43 4
78332 3006.000000 1639.500000 ,3 3 ,97 4 ,92 2 ,31 1
81612 2979.000000 1600.500000 ,27 5 ,41 1
92531 2976.000000 1644.000000 ,15 4 ,14 5 ,26 2 ,28 5
97340 2977.500000 1593.000000 ,93 1 ,91 3 ,62 3 ,56 5
