111 3681.000000 2692.500000 ,57 5 ,56 1 ,58 1 ,16 4 ,76 3
5352 3703.500000 2731.500000 ,93 3 ,42 3 ,19 1 ,92 2
7665 3676.500000 2673.000000 ,76 5 ,67 1 ,92 1 ,21 2
13270 3679.500000 2668.500000 ,75 1 ,43 5 ,25 2 ,58 5 ,62 3 ,10 3
15125 3691.500000 2682.000000 ,68 4
17130 3700.500000 2704.500000 ,30 2 ,49 5 ,53 1 ,7 5 ,36 4
20002 3681.000000 2664.000000 ,41 2
21192 3676.500000 2671.500000 ,36 2 ,44 1 ,85 3
22312 3655.500000 2689.500000 ,82 4 ,77 2 ,22 1 ,91 4 ,63 4 ,72 5
22995 3663.000000 2682.000000 ,26 5 ,9 1 ,29 3 ,0 5 ,61 3
26662 3648.000000 2728.500000 ,73 4
30800 3667.500000 2697.000000 ,8 2 ,90 3 ,53 2
35212 3694.500000 2709.000000 ,72 5 ,96 4 ,65 3
41751 3684.000000 2719.500000 ,33 4 ,42 5 ,30 5 ,58 1
43760 3646.500000 2712.000000 ,63 4 ,24 2
43838 3663.000000 2701.500000 ,29 1
47944 3646.500000 2668.500000 ,90 1 ,89 1
48721 3646.500000 2661.000000 ,48 1 ,36 3 ,90 5 ,40 1
50215 3697.500000 2713.500000 ,34 3 ,14 4 ,78 2 ,8 4
54184 3664.500000 2727.000000 ,8 5 ,97 4 ,86 4 ,30 1 ,19 2
60808 3655.500000 2676.000000 ,22 3 ,34 5 ,5 5 ,11 3 ,2 4
68355 3664.500000 2701.500000 ,10 4 ,36 4 ,62 3
68861 3681.000000 2659.500000 ,33 1 ,70 3
68975 3675.000000 2688.000000 ,75 4 ,78 1 ,29 5 ,66 4 ,10 5
72160 3685.500000 2716.500000 ,50 3
79189 3702.000000 2703.000000 ,44 2 ,93 1
86663 3657.000000 2667.000000 ,11 3 ,48 1
91858 3679.500000 2689.500000 ,57 4 ,9 2 ,53 4 ,6 3 ,64 3
93107 3693.000000 2706.000000 ,74 2 ,29 4 ,3 2 ,27 1 ,41 1
97515 3663.000000 2677.500000 ,68 4
98344 3693.000000 2704.500000 ,27 4 ,43 4
98381 3690.000000 2665.500000 ,67 4 ,73 2 ,2 1 ,54 2 ,6 4
99291 3666.000000 2734.500000 ,78 1
