499 3196.500000 430.500000 ,72 1 ,97 4 ,3 5 ,64 5
3311 3192.000000 447.000000 ,40 4 ,56 1 ,25 5 ,60 5 ,31 5 ,32 4
12607 3168.000000 430.500000 ,33 2
12718 3180.000000 465.000000 ,64 3 ,28 2
16722 3195.000000 457.500000 ,0 1 ,52 2 ,6 1 ,66 2 ,60 4 ,14 4
19772 3162.000000 429.000000 ,57 3 ,44 1 ,1 3 ,69 1 ,40 2 ,38 2
22778 3168.000000 424.500000 ,4 4 ,89 5 ,75 2 ,16 1
26151 3187.500000 412.500000 ,80 3 ,55 1 ,9 1 ,53 5 ,41 3 ,25 3
30082 3180.000000 403.500000 ,69 1 ,59 3 ,58 4
33159 3178.500000 433.500000 ,17 3 ,46 4 ,29 2 ,91 2 ,41 5 ,13 3
33735 3196.500000 459.000000 ,61 4 ,1 5 ,2 4 ,43 1
38945 3171.000000 406.500000 ,2 3
43788 3189.000000 456.000000 ,87 3 ,74 2
45037 3163.500000 400.500000 ,10 4
45861 3169.500000 469.500000 ,75 3 ,82 3 ,95 3
48447 3180.000000 471.000000 ,73 5 ,51 3 ,82 5
52910 3165.000000 423.000000 ,11 5 ,45 4 ,6 1 ,70 2 ,46 4 ,67 5
57294 3174.000000 438.000000 ,64 1 ,85 5 ,32 2 ,8 1 ,30 2 ,68 1
58929 3168.000000 406.500000 ,19 5 ,60 1 ,71 4 ,7 2 ,63 4
67879 3190.500000 438.000000 ,54 4 ,45 3
68022 3169.500000 405.000000 ,3 4 ,14 3 ,72 4 ,97 1 ,11 5 ,5 1
73061 3198.000000 450.000000 ,26 3 ,17 3 ,2 3 ,96 5 ,92 1 ,15 1
77340 3187.500000 409.500000 ,2 5 ,99 4 ,82 2
79006 3163.500000 445.500000 ,0 1 ,93 1 ,22 3 ,46 2
94364 3183.000000 421.500000 ,86 4 ,48 5 ,49 2
