3791 2683.500000 2674.500000 ,30 5
12417 2698.500000 2665.500000 ,28 5 ,42 3 ,85 2 ,32 5 ,94 4 ,65 2
14122 2697.000000 2656.500000 ,70 3 ,11 5
25054 2673.000000 2653.500000 ,15 2 ,76 5 ,53 5 ,74 4 ,94 1
26559 2694.000000 2685.000000 ,64 1 ,68 1 ,78 2
32500 2727.000000 2637.000000 ,35 1 ,46 5 ,7 5 ,75 1
36982 2727.000000 2649.000000 ,45 1 ,38 3 ,69 1
38061 2679.000000 2670.000000 ,0 4 ,22 2 ,67 4 ,45 3 ,98 2
38992 2676.000000 2673.000000 ,73 4 ,62 5 ,29 1 ,37 1 ,65 5
40447 2685.000000 2638.500000 ,11 2 ,22 4 ,74 1 ,14 5 ,90 2 ,86 4
42613 2700.000000 2649.000000 ,54 1 ,7 3
44883 2697.000000 2635.500000 ,42 4 ,34 4
54957 2686.500000 2649.000000 ,68 5 ,18 4 ,0 5 ,19 5
59239 2689.500000 2647.500000 ,63 1 ,55 2
59744 2673.000000 2650.500000 ,73 3 ,7 2
63613 2697.000000 2644.500000 ,61 3 ,41 2 ,50 1 ,14 1 ,68 2 ,5 4
67181 2691.000000 2649.000000 ,89 3 ,86 3 ,85 3
80821 2676.000000 2664.000000 ,31 5 ,81 4 ,70 3
93051 2685.000000 2640.000000 ,45 3 ,0 1 ,30 3
96162 2670.000000 2670.000000 ,76 3 ,50 3 ,29 3 ,36 1 ,79 4
