7169 3831.000000 1843.500000 ,85 3 ,8 1
9290 3795.000000 1846.500000 ,38 1 ,42 4 ,63 5 ,49 5 ,78 1
12035 3781.500000 1852.500000 ,14 1 ,48 5 ,33 4 ,10 5 ,28 3 ,40 2
13558 3781.500000 1833.000000 ,82 2 ,28 4 ,73 2 ,77 5 ,96 5 ,71 5
19823 3805.500000 1834.500000 ,17 2 ,51 5 ,80 5
22047 3802.500000 1834.500000 ,10 3 ,91 1 ,82 3 ,81 3 ,94 4 ,65 2
28522 3811.500000 1833.000000 ,48 4 ,46 4 ,5 5 ,73 5 ,47 4 ,20 2
32907 3826.500000 1842.000000 ,84 1 ,96 1 ,19 4 ,25 2 ,45 2 ,3 5
34842 3783.000000 1825.500000 ,97 4
38004 3826.500000 1849.500000 ,74 1 ,52 4
39370 3765.000000 1851.000000 ,94 2 ,98 5
39541 3810.000000 1827.000000 ,76 3 ,36 2 ,3 2 ,15 2 ,77 4
39941 3793.500000 1846.500000 ,18 1 ,67 1 ,87 1 ,60 3 ,84 3 ,78 4
42140 3793.500000 1852.500000 ,51 2 ,2 3 ,23 5 ,44 1
42847 3783.000000 1813.500000 ,38 5 ,2 3 ,60 3 ,8 5
45510 3763.500000 1801.500000 ,77 1 ,70 2 ,46 4 ,5 2
49349 3796.500000 1825.500000 ,99 1
49897 3771.000000 1815.000000 ,0 2
52726 3789.000000 1828.500000 ,80 1 ,96 3 ,98 2 ,66 2 ,90 1 ,7 1
52963 3775.500000 1819.500000 ,55 1 ,58 4 ,23 2
56793 3808.500000 1842.000000 ,36 2
64377 3808.500000 1843.500000 ,22 3 ,86 5 ,42 4 ,16 4 ,8 4
65739 3768.000000 1813.500000 ,31 4 ,40 4 ,29 2 ,76 4
66731 3822.000000 1852.500000 ,64 5 ,44 5 ,34 2 ,0 3
68533 3817.500000 1840.500000 ,5 4 ,9 1
74043 3828.000000 1812.000000 ,22 3 ,64 4 ,78 4
74441 3808.500000 1816.500000 ,86 2 ,3 1 ,36 2
75184 3819.000000 1813.500000 ,68 2
78539 3823.500000 1834.500000 ,57 5 ,93 2 ,40 3 ,30 1 ,67 5 ,75 1
86911 3792.000000 1843.500000 ,18 4 ,53 5 ,95 5 ,35 4
