2468 3544.500000 360.000000 ,53 4 ,66 3 ,43 5
6139 3567.000000 367.500000 ,2 2 ,38 2
6353 3540.000000 381.000000 ,97 4 ,35 4 ,66 2 ,55 4
11499 3552.000000 346.500000 ,89 3 ,6 5 ,8 1 ,65 1 ,59 5 ,19 2
13159 3547.500000 321.000000 ,36 4 ,50 3 ,31 1
14727 3552.000000 349.500000 ,41 5 ,38 2 ,89 5 ,20 3 ,14 4 ,7 3
30902 3546.000000 379.500000 ,25 2 ,43 5
35209 3553.500000 345.000000 ,25 2 ,59 1
40256 3547.500000 351.000000 ,65 1 ,46 3
42297 3543.000000 319.500000 ,97 4 ,36 1 ,44 4 ,26 3
45218 3565.500000 343.500000 ,92 4 ,35 5
46900 3552.000000 357.000000 ,6 5 ,26 5 ,33 1 ,84 1
51673 3543.000000 369.000000 ,40 2 ,9 4 ,10 1 ,91 2 ,33 3 ,6 4
56986 3556.500000 381.000000 ,25 3
65390 3540.000000 345.000000 ,60 1 ,37 4
76354 3559.500000 369.000000 ,92 1 ,7 1 ,34 1
78383 3564.000000 355.500000 ,43 2 ,35 4 ,90 1 ,61 3
81636 3564.000000 345.000000 ,39 1
92869 3561.000000 349.500000 ,67 2 ,3 4 ,13 4 ,12 3
94647 3544.500000 378.000000 ,70 4 ,30 2 ,0 4 ,10 4 ,41 4 ,74 5
94937 3570.000000 324.000000 ,21 4
