1958 607.500000 2409.000000 ,42 1 ,91 3
5453 576.000000 2404.500000 ,86 4 ,72 2 ,76 4 ,48 4 ,96 4
8409 583.500000 2404.500000 ,5 5 ,62 5 ,1 2
10281 592.500000 2412.000000 ,78 2 ,75 4 ,57 4 ,44 1 ,38 5 ,24 2
23367 568.500000 2412.000000 ,36 4 ,64 1 ,3 4 ,81 2
24913 579.000000 2415.000000 ,27 3 ,13 3 ,40 3 ,12 5 ,98 3 ,39 1
31739 555.000000 2401.500000 ,12 5
33219 598.500000 2410.500000 ,1 2 ,49 3 ,94 1 ,65 5 ,23 4
33361 555.000000 2412.000000 ,3 3 ,59 5 ,19 2
33701 570.000000 2416.500000 ,7 2 ,29 4 ,74 1 ,82 3 ,11 2
33983 607.500000 2406.000000 ,55 2
33997 591.000000 2412.000000 ,30 3 ,61 1 ,20 2 ,22 5 ,75 4
34836 607.500000 2433.000000 ,63 5 ,79 1
35670 585.000000 2409.000000 ,93 5 ,4 5 ,65 2 ,2 3 ,69 2 ,70 1
43399 607.500000 2431.500000 ,58 2 ,45 2 ,98 1
45213 592.500000 2406.000000 ,32 5 ,42 2 ,68 1 ,10 3
48502 585.000000 2424.000000 ,61 1 ,87 2 ,79 1 ,40 5 ,78 4
59479 543.000000 2413.500000 ,13 3 ,84 4 ,65 1 ,14 5 ,43 5
60829 549.000000 2416.500000 ,8 2 ,2 5 ,60 4 ,62 5 ,86 3
70683 573.000000 2403.000000 ,33 1
72007 570.000000 2403.000000 ,37 4 ,1 4 ,26 4 ,6 4
75214 541.500000 2418.000000 ,5 5 ,70 1 ,38 4 ,18 2 ,54 5
80093 594.000000 2421.000000 ,60 1 ,18 2 ,7 3
84043 573.000000 2416.500000 ,14 1 ,23 2 ,81 3 ,85 2
88066 579.000000 2424.000000 ,10 4 ,71 3 ,28 4
91216 592.500000 2406.000000 ,51 4
91840 577.500000 2421.000000 ,78 3 ,15 5 ,43 3 ,80 5
95663 586.500000 2416.500000 ,62 4 ,42 3 ,4 4 ,61 3 ,54 4 ,19 5
98631 577.500000 2410.500000 ,81 1 ,71 1 ,82 2
