113 1534.500000 1035.000000 ,1 2 ,7 1 ,92 1 ,48 2 ,77 5
1796 1534.500000 1044.000000 ,83 5 ,62 5 ,28 3 ,26 3 ,88 5
3513 1528.500000 1089.000000 ,95 3
3622 1543.500000 1020.000000 ,37 4
9410 1530.000000 1045.500000 ,46 3 ,76 4 ,66 4 ,0 5 ,60 5 ,44 5
15197 1536.000000 1053.000000 ,53 3 ,81 3
18955 1537.500000 1069.500000 ,75 1 ,25 1 ,31 4
20959 1536.000000 1053.000000 ,69 5 ,44 4 ,41 2 ,75 4
23966 1543.500000 1044.000000 ,74 4 ,44 3
31740 1536.000000 1083.000000 ,19 1
37537 1527.000000 1053.000000 ,49 2 ,66 5 ,36 5 ,83 4
38081 1539.000000 1065.000000 ,44 1 ,54 1
39182 1540.500000 1072.500000 ,39 5 ,78 5 ,88 3
39267 1543.500000 1068.000000 ,1 2
44405 1527.000000 1062.000000 ,40 3 ,98 2 ,27 4 ,36 3 ,20 4
44571 1534.500000 1036.500000 ,98 1 ,53 1 ,12 2
46168 1537.500000 1014.000000 ,66 3 ,82 4 ,64 2 ,30 4
49168 1548.000000 1074.000000 ,43 5 ,60 5 ,74 4 ,71 3 ,12 4
59031 1530.000000 1012.500000 ,3 3 ,15 2 ,96 5 ,66 1 ,91 5 ,82 5
64054 1539.000000 1014.000000 ,84 2 ,67 2 ,33 5 ,16 3 ,26 5 ,87 1
65025 1531.500000 1083.000000 ,75 5 ,51 2 ,77 1
77690 1542.000000 1018.500000 ,52 5 ,65 4 ,26 5 ,55 5 ,61 5
80993 1522.500000 1030.500000 ,50 5 ,7 4 ,61 4 ,75 3 ,19 4
84569 1549.500000 1084.500000 ,92 4 ,49 3 ,64 2
88439 1549.500000 1090.500000 ,94 2 ,47 2 ,57 2 ,19 2 ,10 4
88733 1530.000000 1056.000000 ,74 2
90251 1525.500000 1017.000000 ,79 3 ,72 2 ,23 2 ,96 4 ,26 3
94343 1524.000000 1050.000000 ,65 1 ,42 2 ,24 1 ,85 4 ,91 2
