1060 3237.000000 1846.500000 ,19 3 ,14 1 ,49 4 ,45 2 ,48 1
2470 3255.000000 1827.000000 ,61 4 ,96 4 ,25 2 ,2 2 ,67 4 ,35 5
3006 3261.000000 1819.500000 ,85 5 ,71 5
3253 3252.000000 1854.000000 ,94 3 ,98 5
6781 3249.000000 1776.000000 ,32 3 ,16 3 ,35 4 ,20 2 ,3 3
8183 3268.500000 1816.500000 ,42 2 ,30 4 ,59 5 ,75 2
8930 3262.500000 1833.000000 ,24 1 ,95 4 ,25 3 ,47 2 ,21 5
9467 3237.000000 1801.500000 ,53 5 ,3 5 ,14 4 ,8 1 ,68 2
15301 3243.000000 1779.000000 ,12 3 ,63 4 ,62 2 ,32 3
17229 3267.000000 1800.000000 ,30 2 ,79 1 ,62 5
19141 3244.500000 1806.000000 ,25 1 ,9 3 ,36 5 ,26 4 ,70 3
28871 3240.000000 1831.500000 ,95 3
32100 3240.000000 1813.500000 ,69 4 ,62 4
33886 3249.000000 1825.500000 ,83 1 ,60 2 ,17 2 ,15 3
48888 3240.000000 1840.500000 ,66 5 ,45 3 ,38 2 ,63 3 ,8 1
51409 3246.000000 1833.000000 ,3 4
54191 3237.000000 1779.000000 ,47 2
56581 3241.500000 1845.000000 ,66 5 ,2 5 ,8 5 ,83 4 ,69 3
61256 3244.500000 1794.000000 ,99 5 ,15 2 ,16 5 ,86 1 ,66 1 ,84 5
66473 3244.500000 1782.000000 ,76 2 ,0 1
70802 3238.500000 1792.500000 ,75 1 ,54 5 ,78 1 ,52 5
76754 3244.500000 1789.500000 ,33 3 ,96 3 ,50 3 ,7 5
78129 3256.500000 1812.000000 ,56 4 ,52 5 ,73 1 ,13 5 ,69 2
78714 3262.500000 1788.000000 ,26 2 ,80 4 ,43 5
90294 3255.000000 1776.000000 ,9 1 ,40 3 ,15 1
90867 3262.500000 1807.500000 ,64 3 ,89 2 ,48 1
93365 3267.000000 1822.500000 ,39 3 ,26 5 ,64 3
