3741 3366.000000 2374.500000 ,92 5
6623 3346.500000 2353.500000 ,49 2
6959 3375.000000 2379.000000 ,0 4 ,2 4 ,45 5
11712 3394.500000 2355.000000 ,39 3
14382 3387.000000 2361.000000 ,82 1 ,15 3 ,10 3 ,78 1
19890 3366.000000 2338.500000 ,43 4 ,52 2 ,16 5 ,97 4 ,61 1 ,34 4
21302 3387.000000 2347.500000 ,52 2 ,75 1
28365 3382.500000 2386.500000 ,31 5 ,61 1 ,3 1
35940 3391.500000 2374.500000 ,26 2 ,50 1
38256 3367.500000 2386.500000 ,39 2 ,93 2 ,65 4 ,38 4 ,86 3 ,7 5
38419 3363.000000 2382.000000 ,95 1 ,68 2
42712 3357.000000 2347.500000 ,24 1 ,13 2 ,49 3
44490 3379.500000 2328.000000 ,47 4 ,19 1 ,1 1 ,2 5
47331 3396.000000 2337.000000 ,27 5 ,85 3 ,28 3 ,40 5 ,75 5
51059 3355.500000 2349.000000 ,65 1 ,9 2
54632 3403.500000 2335.500000 ,1 2 ,23 4 ,32 2 ,75 5
58499 3393.000000 2383.500000 ,91 2 ,59 5 ,80 2 ,39 4 ,3 4 ,61 2
58648 3387.000000 2382.000000 ,13 1 ,59 4 ,33 2 ,4 1
59545 3349.500000 2328.000000 ,83 3 ,77 3 ,47 2 ,39 5 ,28 5
61187 3385.500000 2322.000000 ,87 4 ,23 2 ,31 1 ,12 5
61507 3378.000000 2367.000000 ,24 5 ,55 2 ,95 5 ,42 5 ,92 2 ,77 3
64107 3355.500000 2319.000000 ,89 4 ,76 4
64846 3367.500000 2362.500000 ,84 1 ,99 5 ,71 2 ,85 3 ,45 2
68093 3387.000000 2367.000000 ,14 2
70880 3394.500000 2335.500000 ,40 2 ,29 4 ,25 5 ,48 1 ,74 1 ,96 2
71762 3402.000000 2334.000000 ,20 1 ,92 5 ,81 2
74036 3346.500000 2368.500000 ,61 1 ,67 2 ,84 4 ,46 2 ,92 5 ,95 5
78256 3357.000000 2326.500000 ,65 3 ,48 1 ,88 4
79350 3352.500000 2370.000000 ,94 2 ,97 4 ,1 2 ,5 3 ,93 4 ,77 5
91812 3388.500000 2356.500000 ,73 5
92796 3364.500000 2353.500000 ,10 2 ,75 4 ,1 5 ,20 1 ,51 4
95909 3355.500000 2353.500000 ,42 4
99712 3399.000000 2364.000000 ,21 2 ,9 3 ,78 4 ,73 4 ,56 4
