95 129.000000 1116.000000 ,23 5 ,86 5 ,55 1
2378 172.500000 1111.500000 ,57 1 ,97 4 ,26 1
8050 171.000000 1054.500000 ,96 5 ,19 2 ,15 1 ,26 1 ,42 5 ,64 1
9709 148.500000 1083.000000 ,3 3
10039 144.000000 1119.000000 ,23 2 ,20 4 ,30 4
17077 172.500000 1065.000000 ,54 1 ,91 4 ,31 2 ,38 4
17816 126.000000 1098.000000 ,50 4 ,44 5 ,81 1 ,6 3 ,97 5 ,17 5
17897 162.000000 1090.500000 ,92 4 ,19 1 ,59 2 ,80 1 ,86 5
22601 124.500000 1075.500000 ,43 2 ,0 5
23237 124.500000 1051.500000 ,13 1 ,6 4 ,37 5
25163 130.500000 1087.500000 ,49 3 ,86 5 ,29 5 ,46 3 ,15 2
30433 160.500000 1066.500000 ,9 1 ,59 2 ,84 2
31622 171.000000 1113.000000 ,17 3 ,68 5
34132 144.000000 1125.000000 ,5 5 ,76 3
35062 165.000000 1086.000000 ,39 3 ,84 2 ,66 1
41148 127.500000 1101.000000 ,68 4 ,35 3 ,91 1
43135 120.000000 1126.500000 ,78 5 ,56 5 ,65 1 ,8 4 ,14 4 ,81 3
44154 172.500000 1056.000000 ,58 2
56595 154.500000 1122.000000 ,67 2 ,5 3
56951 129.000000 1051.500000 ,80 2 ,5 1 ,21 5 ,15 4 ,41 4
58738 123.000000 1054.500000 ,35 4 ,79 5 ,51 1
59315 130.500000 1083.000000 ,99 5 ,23 4 ,58 5 ,61 3 ,50 5 ,22 2
60712 157.500000 1087.500000 ,55 1 ,24 5
64791 151.500000 1114.500000 ,9 4 ,30 2 ,97 3 ,65 4 ,41 4 ,66 5
69295 135.000000 1131.000000 ,1 3 ,53 2 ,8 5 ,62 2
71150 162.000000 1129.500000 ,7 2 ,67 1 ,22 1 ,3 5 ,94 3
74619 171.000000 1081.500000 ,20 2 ,0 1 ,34 5 ,5 5 ,8 1
75467 121.500000 1053.000000 ,14 5 ,99 4 ,50 1
77520 127.500000 1117.500000 ,63 2 ,20 4 ,16 1
78179 130.500000 1054.500000 ,8 5 ,21 1 ,72 4 ,29 2 ,13 1
82642 153.000000 1107.000000 ,11 1 ,26 4
82983 148.500000 1068.000000 ,89 5 ,64 1 ,74 1 ,93 5 ,32 3 ,22 5
83613 151.500000 1095.000000 ,30 5
86230 174.000000 1111.500000 ,57 1 ,43 3 ,13 5
87135 160.500000 1122.000000 ,94 2 ,81 2 ,22 2 ,62 2 ,18 2 ,41 1
92897 132.000000 1129.500000 ,65 1 ,3 3 ,17 4 ,62 5 ,33 2 ,39 2
94727 156.000000 1120.500000 ,49 4 ,54 4 ,5 4 ,8 2 ,73 3 ,46 2
98151 136.500000 1084.500000 ,94 1 ,8 2 ,90 1 ,92 1 ,12 1 ,47 3
