4346 915.000000 649.500000 ,19 3 ,8 1
6270 906.000000 658.500000 ,27 1 ,14 5 ,96 3 ,74 1 ,60 1
15713 909.000000 663.000000 ,69 1 ,84 2 ,93 3 ,45 3 ,82 4 ,59 5
18931 904.500000 670.500000 ,19 2
22652 940.500000 646.500000 ,47 5
35882 933.000000 645.000000 ,96 1 ,64 1 ,66 2 ,79 5
53967 921.000000 664.500000 ,66 3 ,45 1 ,65 5
54491 904.500000 673.500000 ,10 3
62031 900.000000 670.500000 ,18 4 ,28 2 ,93 5 ,56 4 ,35 1 ,52 2
63019 925.500000 664.500000 ,4 5 ,25 3 ,57 1 ,96 3 ,23 4
65210 954.000000 660.000000 ,42 3 ,9 1 ,81 2
67426 937.500000 651.000000 ,44 5 ,89 4
73390 913.500000 666.000000 ,62 4 ,78 1 ,80 4
77707 934.500000 670.500000 ,83 5
88611 903.000000 675.000000 ,37 2 ,11 3
89872 912.000000 648.000000 ,92 5 ,8 2
93312 910.500000 649.500000 ,56 5 ,9 2 ,28 3 ,89 4 ,69 1 ,10 4
