1497 2656.500000 1212.000000 ,48 3 ,50 2 ,95 4 ,40 4 ,17 2
1700 2646.000000 1251.000000 ,23 5 ,63 5
1979 2658.000000 1246.500000 ,41 5 ,95 4 ,77 2 ,22 1 ,49 5 ,83 2
6368 2653.500000 1246.500000 ,98 1 ,61 2 ,19 1 ,83 4 ,35 5 ,37 4
12012 2679.000000 1273.500000 ,46 3 ,67 3 ,44 2 ,69 2 ,85 2 ,18 1
15812 2652.000000 1246.500000 ,20 4 ,31 2 ,40 3 ,8 1
16219 2676.000000 1287.000000 ,70 5 ,63 1 ,5 1 ,55 2
23608 2643.000000 1239.000000 ,37 2
24354 2671.500000 1251.000000 ,85 5
27846 2667.000000 1249.500000 ,12 4 ,68 3 ,70 3
31085 2679.000000 1219.500000 ,14 1 ,42 5 ,9 4 ,5 4 ,96 1
35143 2646.000000 1230.000000 ,42 4 ,27 1
42420 2646.000000 1264.500000 ,20 4 ,25 1 ,91 5 ,35 1
42542 2640.000000 1252.500000 ,56 1 ,95 4 ,90 4
50261 2674.500000 1245.000000 ,28 4 ,64 1 ,73 3 ,90 1 ,45 2
53906 2667.000000 1284.000000 ,85 2 ,61 2
55025 2661.000000 1237.500000 ,22 4 ,73 3 ,1 5 ,43 4
56306 2683.500000 1225.500000 ,66 3 ,91 2 ,50 5 ,84 1 ,14 2 ,88 5
58668 2640.000000 1261.500000 ,60 2
58705 2674.500000 1287.000000 ,97 1 ,38 1 ,19 4 ,94 1 ,43 4 ,98 5
66939 2662.500000 1219.500000 ,98 5 ,75 4 ,24 4 ,8 4 ,1 4
76037 2643.000000 1249.500000 ,97 3 ,74 1 ,27 5 ,51 4 ,44 2
83815 2680.500000 1261.500000 ,13 4 ,63 5 ,47 4
88039 2677.500000 1249.500000 ,90 5 ,16 5 ,96 2 ,81 4
90843 2670.000000 1257.000000 ,67 3 ,86 2 ,24 2
