285 2722.500000 1165.500000 ,20 5 ,94 4
3164 2721.000000 1176.000000 ,31 5 ,58 5
7098 2725.500000 1210.500000 ,58 4 ,89 4
8437 2743.500000 1137.000000 ,35 4 ,37 3
9076 2734.500000 1158.000000 ,82 4 ,65 2 ,67 5 ,74 4 ,6 4 ,96 1
9724 2731.500000 1200.000000 ,52 2 ,50 3 ,38 2 ,87 5 ,11 1 ,48 2
14151 2722.500000 1203.000000 ,30 1
14973 2728.500000 1183.500000 ,88 2 ,70 2 ,63 3
17639 2755.500000 1155.000000 ,52 1 ,49 1 ,88 3
18839 2733.000000 1146.000000 ,56 3 ,66 1
25259 2721.000000 1153.500000 ,1 4 ,63 3 ,50 1 ,78 3 ,89 2 ,27 3
27962 2728.500000 1173.000000 ,94 3
37798 2736.000000 1149.000000 ,72 3 ,33 2 ,11 2 ,99 5 ,47 3 ,75 2
45200 2727.000000 1173.000000 ,86 3 ,2 1
55666 2752.500000 1165.500000 ,42 2 ,92 2 ,41 3 ,10 4
56307 2754.000000 1206.000000 ,62 2
67620 2725.500000 1161.000000 ,8 3 ,99 2 ,95 2 ,74 1
71246 2719.500000 1162.500000 ,37 5 ,94 2 ,5 3 ,83 5
72321 2737.500000 1171.500000 ,29 4 ,13 1
72402 2746.500000 1140.000000 ,41 4 ,37 4 ,11 1 ,64 5 ,60 2
77003 2728.500000 1140.000000 ,59 4 ,30 4 ,39 1 ,14 2
82448 2716.500000 1212.000000 ,21 4 ,30 4 ,33 2
83800 2724.000000 1132.500000 ,55 3 ,76 3 ,2 1 ,74 2 ,65 2 ,33 2
83940 2721.000000 1216.500000 ,3 5 ,72 2
90288 2751.000000 1185.000000 ,22 5 ,44 5 ,42 1 ,25 4 ,45 1
96434 2746.500000 1200.000000 ,65 2 ,26 4 ,81 4 ,97 5 ,30 3
98218 2745.000000 1140.000000 ,37 2 ,94 4
