3948 2908.500000 477.000000 ,54 4 ,87 3 ,78 5
17286 2935.500000 475.500000 ,50 3 ,14 5 ,24 4 ,81 1
19112 2910.000000 465.000000 ,50 1
26771 2919.000000 453.000000 ,26 2 ,39 2
28652 2883.000000 456.000000 ,98 5 ,31 3 ,19 3 ,11 5 ,86 4 ,70 4
34515 2878.500000 477.000000 ,7 4 ,39 5 ,91 3 ,97 5 ,5 2 ,37 5
59133 2940.000000 471.000000 ,55 5 ,84 1 ,87 3 ,56 5 ,35 5
64129 2931.000000 457.500000 ,57 4 ,75 2 ,54 3 ,74 5
65205 2902.500000 451.500000 ,56 5 ,55 2 ,66 4 ,65 5 ,70 1 ,13 5
65608 2943.000000 453.000000 ,24 2 ,32 3 ,26 2 ,5 4 ,61 5
68169 2937.000000 477.000000 ,55 2
68727 2890.500000 477.000000 ,32 3 ,26 2 ,52 4 ,84 3 ,79 2 ,87 1
70441 2928.000000 480.000000 ,59 5 ,52 4 ,57 5 ,15 5 ,2 1
71230 2949.000000 466.500000 ,88 4 ,66 3 ,89 5 ,84 3 ,21 2 ,35 2
71584 2932.500000 474.000000 ,2 5
73301 2923.500000 454.500000 ,4 1 ,33 3
82518 2928.000000 483.000000 ,63 4
85877 2952.000000 475.500000 ,45 5 ,96 3 ,49 5
86791 2877.000000 478.500000 ,51 5 ,83 2 ,41 1 ,44 1 ,49 1 ,56 5
86813 2947.500000 486.000000 ,34 5 ,24 2 ,2 2
96576 2880.000000 480.000000 ,86 3 ,60 5 ,8 3
97406 2902.500000 487.500000 ,12 4 ,77 3 ,24 5
98374 2926.500000 451.500000 ,77 4 ,68 3
