110 2793.000000 858.000000 ,19 5 ,79 3
4378 2817.000000 843.000000 ,21 4 ,36 5
5733 2800.500000 861.000000 ,82 1 ,67 1 ,68 5 ,93 5
16782 2812.500000 850.500000 ,49 5 ,45 1 ,84 1 ,14 5 ,94 1
18196 2806.500000 847.500000 ,60 3 ,57 3 ,26 3
33866 2794.500000 882.000000 ,21 4 ,55 1 ,18 2
34491 2812.500000 852.000000 ,40 4 ,82 3
35840 2818.500000 858.000000 ,64 4 ,88 3 ,19 5
37440 2802.000000 858.000000 ,54 1 ,13 1 ,80 2
43623 2803.500000 876.000000 ,85 2 ,16 3 ,29 4 ,45 1 ,13 5 ,54 3
45768 2805.000000 837.000000 ,56 1 ,16 1
46087 2800.500000 850.500000 ,22 2 ,81 4 ,36 3 ,69 2 ,10 4 ,19 4
64173 2797.500000 865.500000 ,63 4
72582 2794.500000 874.500000 ,98 2
74518 2806.500000 852.000000 ,60 4 ,6 4
80652 2812.500000 865.500000 ,34 3
81162 2809.500000 859.500000 ,56 5 ,7 5 ,82 3
86008 2815.500000 835.500000 ,96 1 ,11 3 ,29 2 ,28 4 ,92 2 ,69 1
87749 2803.500000 841.500000 ,33 5 ,18 5 ,14 5
91943 2812.500000 877.500000 ,99 1 ,21 2 ,70 4 ,9 4 ,40 1
96464 2793.000000 850.500000 ,30 2
96536 2796.000000 846.000000 ,94 1 ,31 4
96723 2820.000000 859.500000 ,33 1
