16142 3046.500000 2368.500000 ,25 3 ,26 2 ,93 3
22293 3061.500000 2419.500000 ,56 2 ,34 4 ,49 3 ,61 1 ,52 5
25079 3037.500000 2421.000000 ,12 2 ,73 4 ,24 3 ,89 5 ,31 1 ,48 1
25140 3046.500000 2416.500000 ,53 5 ,40 3 ,67 3
30492 3049.500000 2385.000000 ,79 5 ,3 1 ,29 1 ,33 1 ,35 4 ,44 4
30948 3060.000000 2427.000000 ,66 5 ,17 1 ,97 3 ,78 3 ,46 5 ,55 3
33465 3045.000000 2376.000000 ,73 1 ,32 5 ,23 4 ,24 2 ,98 4
37077 3061.500000 2385.000000 ,90 3 ,69 4 ,2 1 ,52 4 ,33 3 ,86 4
40819 3061.500000 2427.000000 ,28 2 ,26 3 ,31 5
43675 3036.000000 2407.500000 ,58 4 ,18 5 ,37 2 ,59 4 ,93 5
46367 3063.000000 2428.500000 ,93 5 ,83 4 ,86 1 ,11 4 ,52 5 ,13 2
48430 3054.000000 2373.000000 ,32 1
53154 3051.000000 2421.000000 ,76 3 ,98 3 ,21 4
53531 3028.500000 2425.500000 ,90 1 ,78 1 ,33 1 ,69 3
58136 3063.000000 2392.500000 ,78 2 ,36 2 ,99 1 ,72 5
58505 3025.500000 2407.500000 ,57 4 ,83 1 ,42 4
62188 3049.500000 2403.000000 ,99 5 ,50 5 ,24 5 ,26 1 ,34 4
64825 3030.000000 2410.500000 ,25 4
71604 3057.000000 2419.500000 ,98 2 ,37 5
74312 3049.500000 2418.000000 ,36 3 ,42 3 ,51 5 ,45 3 ,46 3
79393 3034.500000 2415.000000 ,85 4 ,90 4 ,65 3 ,24 2 ,77 4
80187 3022.500000 2373.000000 ,48 4 ,77 4 ,6 5 ,34 2 ,19 1
80478 3051.000000 2404.500000 ,95 1 ,12 4 ,63 5 ,66 4 ,70 2
84773 3055.500000 2371.500000 ,92 5 ,57 3 ,32 5
88469 3034.500000 2400.000000 ,15 2 ,69 5 ,57 1 ,65 3
89402 3037.500000 2410.500000 ,50 3 ,21 3 ,37 3 ,48 1 ,62 4
91589 3052.500000 2418.000000 ,63 2 ,74 4 ,20 5 ,50 1 ,1 2
93031 3060.000000 2394.000000 ,79 3 ,66 4 ,74 1 ,90 4
93804 3036.000000 2389.500000 ,21 4 ,90 3 ,65 1 ,12 5 ,89 3
98108 3057.000000 2427.000000 ,27 2 ,78 2 ,66 4 ,29 5 ,88 1 ,79 1
