436 2793.000000 586.500000 ,89 5 ,11 2 ,3 1 ,78 1 ,64 5 ,72 5
1071 2782.500000 643.500000 ,23 1 ,45 3 ,0 1 ,6 5 ,65 2
3891 2772.000000 649.500000 ,46 2 ,23 3
5973 2758.500000 571.500000 ,14 1 ,65 5 ,23 3 ,53 2 ,98 5 ,3 4
6954 2800.500000 577.500000 ,41 5 ,77 1 ,19 3 ,39 1
9282 2766.000000 642.000000 ,84 5 ,76 1 ,94 5
10302 2796.000000 609.000000 ,28 3 ,86 3 ,71 2 ,59 3
11703 2796.000000 633.000000 ,67 5 ,78 2 ,4 1
20242 2772.000000 640.500000 ,60 5 ,9 5 ,83 1 ,46 2 ,93 4
24020 2784.000000 577.500000 ,89 1 ,58 2 ,6 4 ,87 3
27266 2754.000000 586.500000 ,32 4 ,16 5 ,27 5 ,28 4
28120 2755.500000 642.000000 ,78 2 ,60 2 ,0 1 ,32 4
28956 2778.000000 577.500000 ,98 2 ,55 1 ,67 3
29722 2751.000000 639.000000 ,93 2 ,84 3 ,92 3
29896 2790.000000 571.500000 ,33 3
33158 2776.500000 595.500000 ,98 5 ,67 2 ,49 3 ,21 4 ,37 2 ,69 4
33892 2802.000000 558.000000 ,37 3 ,1 5
35313 2787.000000 580.500000 ,97 5 ,37 1
37511 2794.500000 573.000000 ,21 2 ,77 2 ,19 5 ,64 5
38395 2767.500000 628.500000 ,50 2 ,52 2 ,61 2 ,35 4 ,2 4
38711 2758.500000 615.000000 ,93 5 ,41 5
45439 2751.000000 570.000000 ,16 1 ,86 3 ,30 2
49535 2727.000000 601.500000 ,94 2 ,49 5
49584 2763.000000 645.000000 ,92 2 ,31 2
56600 2757.000000 627.000000 ,77 1 ,86 5 ,90 3
57025 2808.000000 556.500000 ,96 1 ,18 5 ,45 4
60681 2788.500000 624.000000 ,38 2
63770 2782.500000 606.000000 ,62 5 ,85 4 ,51 2 ,73 4 ,75 4 ,46 5
81047 2785.500000 568.500000 ,82 5 ,74 5
83125 2808.000000 613.500000 ,6 5 ,32 5 ,5 5 ,82 1
83957 2782.500000 616.500000 ,87 1 ,18 4
84013 2781.000000 642.000000 ,46 1 ,75 4
85177 2784.000000 645.000000 ,32 2 ,55 3
87089 2725.500000 615.000000 ,65 3 ,41 1 ,5 1
88084 2742.000000 600.000000 ,82 3 ,27 2 ,54 1 ,68 4 ,36 1 ,92 5
88309 2808.000000 562.500000 ,32 3
88976 2746.500000 571.500000 ,99 1 ,80 4
89521 2776.500000 618.000000 ,63 4 ,47 2
92350 2770.500000 561.000000 ,22 2 ,50 5 ,6 2 ,71 2 ,88 2
97907 2800.500000 610.500000 ,96 3 ,5 1 ,73 4
