2621 1342.500000 1948.500000 ,9 1 ,26 3 ,93 3
8027 1308.000000 1942.500000 ,52 2 ,16 5 ,77 5 ,75 4 ,7 3 ,96 4
11451 1362.000000 1960.500000 ,62 3 ,63 5 ,27 4 ,64 5
11562 1333.500000 1939.500000 ,70 4 ,23 5 ,94 3
14575 1333.500000 1947.000000 ,50 1 ,45 1
23575 1317.000000 1939.500000 ,52 5
27535 1351.500000 1962.000000 ,8 2
27603 1360.500000 1954.500000 ,80 2 ,29 1 ,76 4
28654 1347.000000 1962.000000 ,36 2 ,67 2 ,2 1
32369 1311.000000 1956.000000 ,29 3 ,30 3 ,95 5 ,68 3
33083 1311.000000 1954.500000 ,6 5 ,56 4 ,24 3 ,18 1
37116 1308.000000 1938.000000 ,53 5 ,47 5 ,32 4 ,28 4 ,92 5 ,66 4
48847 1341.000000 1944.000000 ,37 2 ,88 4 ,49 2 ,94 1 ,46 2 ,60 3
62944 1333.500000 1933.500000 ,5 5 ,95 5
71381 1303.500000 1959.000000 ,28 4 ,0 4 ,38 2 ,61 4 ,47 3 ,40 2
76337 1363.500000 1938.000000 ,51 1 ,81 1 ,17 2
92777 1341.000000 1942.500000 ,87 1 ,26 2 ,96 2 ,61 3
98291 1314.000000 1939.500000 ,54 5 ,96 4 ,85 1 ,89 1 ,5 5
99298 1356.000000 1933.500000 ,8 3 ,13 4 ,11 2 ,50 5 ,44 4
