7413 1695.000000 43.500000 ,74 5 ,1 5
8350 1672.500000 18.000000 ,53 2
8956 1680.000000 0.000000 ,55 5 ,41 1 ,85 2 ,17 1 ,97 4
9772 1671.000000 54.000000 ,59 1 ,55 3 ,84 2 ,16 5 ,51 3 ,83 4
11339 1684.500000 40.500000 ,49 2 ,14 5 ,20 1 ,44 2 ,78 2 ,65 5
14753 1671.000000 7.500000 ,11 2 ,38 5 ,80 1 ,64 2
15630 1659.000000 55.500000 ,57 3 ,34 4 ,93 1
26472 1629.000000 18.000000 ,73 2 ,1 2
29519 1653.000000 25.500000 ,77 5 ,74 1 ,88 3
32414 1692.000000 36.000000 ,2 5 ,49 3 ,59 1
36112 1654.500000 15.000000 ,52 4 ,82 2 ,53 5 ,33 4 ,43 1 ,95 2
36635 1657.500000 24.000000 ,68 4 ,69 1
38787 1672.500000 19.500000 ,30 5 ,75 3 ,42 3 ,51 1 ,39 5
41196 1690.500000 10.500000 ,57 2
43039 1635.000000 40.500000 ,18 5 ,6 3 ,23 4 ,16 2 ,88 2 ,82 3
45362 1632.000000 36.000000 ,47 2 ,97 1 ,48 5 ,34 4
51419 1681.500000 46.500000 ,87 5 ,81 2 ,59 4 ,74 1 ,22 5 ,49 2
54777 1678.500000 52.500000 ,11 5 ,35 3 ,74 5
54881 1687.500000 54.000000 ,15 4 ,7 1 ,71 2 ,49 4 ,47 2 ,32 1
57923 1687.500000 27.000000 ,62 1 ,76 4
63559 1662.000000 13.500000 ,48 2
65644 1660.500000 4.500000 ,24 3 ,76 5 ,10 2 ,9 1
77328 1693.500000 51.000000 ,64 2
77370 1687.500000 19.500000 ,98 4 ,61 2
80835 1665.000000 21.000000 ,44 2 ,78 3 ,0 1 ,11 2 ,15 2
81583 1660.500000 27.000000 ,4 1 ,35 3 ,33 2 ,36 3
86552 1644.000000 52.500000 ,11 5 ,47 5 ,7 4 ,23 3 ,94 5 ,53 1
87102 1650.000000 27.000000 ,74 1 ,84 2 ,19 3 ,9 5
91762 1635.000000 43.500000 ,40 1
