6336 3351.000000 1846.500000 ,67 5 ,36 1 ,7 3 ,22 4 ,29 1 ,23 5
6534 3364.500000 1827.000000 ,40 5
14636 3361.500000 1831.500000 ,21 1 ,81 1 ,65 5
23415 3379.500000 1843.500000 ,27 3 ,47 4 ,38 5 ,75 3
32205 3313.500000 1840.500000 ,33 4 ,85 2 ,31 3 ,83 3
33002 3351.000000 1843.500000 ,88 2 ,70 4 ,2 1 ,37 4 ,72 2 ,25 5
38226 3349.500000 1816.500000 ,79 2 ,75 3 ,10 3 ,86 4 ,17 2
41171 3358.500000 1822.500000 ,12 5 ,41 2 ,76 4 ,79 4
41616 3373.500000 1866.000000 ,6 2 ,40 3 ,89 2 ,50 1
51657 3300.000000 1825.500000 ,56 2 ,23 1 ,30 1 ,20 1 ,99 2
51891 3384.000000 1827.000000 ,24 5 ,7 1 ,35 1 ,76 4 ,89 3 ,23 5
53351 3376.500000 1816.500000 ,46 1 ,56 3 ,64 4 ,17 3 ,28 2 ,81 2
55227 3364.500000 1851.000000 ,87 4 ,96 4
56185 3364.500000 1833.000000 ,18 5
58059 3375.000000 1866.000000 ,7 3 ,0 3
60084 3364.500000 1818.000000 ,15 1 ,31 3 ,43 3
65520 3382.500000 1837.500000 ,98 3 ,29 1 ,14 5 ,91 1 ,93 2 ,61 4
70654 3366.000000 1861.500000 ,81 2
70671 3351.000000 1815.000000 ,76 5 ,51 4
75523 3361.500000 1845.000000 ,46 5 ,57 4 ,59 3
75860 3385.500000 1836.000000 ,26 3
90475 3379.500000 1837.500000 ,42 4 ,3 1 ,55 3 ,87 2
92445 3292.500000 1864.500000 ,14 1 ,51 5
