831 1648.500000 1450.500000 ,5 5 ,77 4
1688 1629.000000 1477.500000 ,67 4
2757 1662.000000 1503.000000 ,85 1 ,33 4 ,56 4 ,77 2
8054 1671.000000 1443.000000 ,54 4 ,4 4 ,77 4 ,13 2
8260 1629.000000 1485.000000 ,68 5 ,98 2
8882 1678.500000 1446.000000 ,89 1 ,88 2 ,39 3 ,99 4 ,93 5 ,24 1
26211 1678.500000 1450.500000 ,77 4
27116 1650.000000 1500.000000 ,8 1
28869 1668.000000 1437.000000 ,85 3 ,87 3 ,23 5 ,7 4 ,96 2 ,10 4
31559 1656.000000 1452.000000 ,88 5 ,27 1 ,82 4
37276 1627.500000 1501.500000 ,59 5 ,14 3 ,8 5 ,63 4 ,20 4
37442 1612.500000 1485.000000 ,23 5 ,93 2 ,31 5 ,8 4
38171 1630.500000 1492.500000 ,28 1
40079 1681.500000 1446.000000 ,67 3 ,39 1
47054 1638.000000 1504.500000 ,81 1
55068 1660.500000 1443.000000 ,65 4 ,85 3 ,49 5 ,70 1
59863 1650.000000 1432.500000 ,25 2
60565 1674.000000 1447.500000 ,21 2 ,23 4 ,0 5 ,45 4
60766 1645.500000 1470.000000 ,5 2 ,53 5 ,9 4 ,97 5 ,90 2
62047 1651.500000 1444.500000 ,28 2 ,80 4 ,88 5 ,12 5
62161 1638.000000 1432.500000 ,87 3
62934 1680.000000 1464.000000 ,80 5 ,27 3 ,85 1 ,75 5
65808 1680.000000 1434.000000 ,12 1 ,21 5 ,64 1 ,13 4
70347 1635.000000 1482.000000 ,43 3 ,49 5 ,18 2
72958 1662.000000 1462.500000 ,12 1
73423 1656.000000 1521.000000 ,6 5 ,11 4 ,44 5 ,69 3
76623 1630.500000 1459.500000 ,29 1 ,26 1
81058 1615.500000 1426.500000 ,58 4 ,98 1
82797 1620.000000 1516.500000 ,23 3 ,64 2
83420 1626.000000 1521.000000 ,70 3
83923 1650.000000 1473.000000 ,57 3 ,37 5
90948 1647.000000 1489.500000 ,65 4 ,78 5 ,67 3 ,13 5
91142 1660.500000 1443.000000 ,87 5 ,57 4 ,81 1 ,76 4
96152 1675.500000 1504.500000 ,23 5 ,3 1 ,37 1 ,47 1
97245 1635.000000 1440.000000 ,85 2 ,45 5 ,76 5 ,22 2
