4479 2101.500000 132.000000 ,45 2
4787 2115.000000 142.500000 ,90 2
6940 2101.500000 165.000000 ,73 1 ,38 3 ,71 2
7299 2122.500000 135.000000 ,94 4 ,80 5 ,33 3 ,3 4 ,85 5 ,29 3
8880 2128.500000 171.000000 ,16 5 ,52 5
9719 2121.000000 150.000000 ,6 2
10355 2145.000000 129.000000 ,11 3
11567 2124.000000 177.000000 ,37 2 ,62 4 ,58 2 ,3 1 ,71 1
16591 2109.000000 132.000000 ,63 5 ,74 4 ,20 4
19329 2137.500000 135.000000 ,38 1
20358 2080.500000 124.500000 ,47 1 ,73 2 ,88 2 ,68 4
20761 2086.500000 165.000000 ,28 3 ,38 4 ,61 1
21108 2164.500000 132.000000 ,42 3 ,58 3 ,92 5 ,87 4 ,65 2 ,6 2
24692 2125.500000 147.000000 ,18 3 ,55 4 ,34 1 ,37 5 ,22 3 ,23 2
26554 2161.500000 175.500000 ,31 1 ,82 3 ,67 3
31552 2152.500000 156.000000 ,31 2 ,86 1 ,75 5
32212 2118.000000 133.500000 ,3 5 ,87 5 ,76 4 ,66 1
34678 2085.000000 133.500000 ,15 1 ,79 4 ,7 3 ,46 1 ,53 1
36230 2080.500000 142.500000 ,68 5 ,24 2 ,46 4 ,70 1
38564 2124.000000 132.000000 ,15 5 ,79 1 ,91 5 ,90 4 ,26 4
46035 2151.000000 156.000000 ,39 3 ,46 4 ,10 4 ,70 1 ,3 1 ,63 4
50201 2116.500000 157.500000 ,4 5 ,14 5 ,76 2 ,83 2 ,91 4 ,64 1
51073 2088.000000 114.000000 ,34 2 ,64 4 ,94 5 ,62 5
53075 2134.500000 114.000000 ,41 4 ,65 2 ,29 3
59243 2164.500000 172.500000 ,99 3 ,26 4 ,62 3 ,24 4 ,65 4 ,4 3
61984 2124.000000 154.500000 ,73 3 ,43 5
63483 2092.500000 162.000000 ,49 4 ,68 5
67182 2113.500000 139.500000 ,84 3 ,26 1 ,64 5 ,0 4 ,16 3 ,6 2
68845 2107.500000 174.000000 ,38 1 ,9 3 ,77 1 ,1 4 ,83 2 ,43 1
72763 2085.000000 117.000000 ,93 5
78768 2098.500000 120.000000 ,36 1
78807 2098.500000 139.500000 ,48 3
79654 2097.000000 147.000000 ,83 3 ,59 3 ,36 5 ,3 1 ,47 2 ,54 1
80151 2128.500000 124.500000 ,82 4 ,53 2 ,64 4 ,96 2 ,57 3
83522 2082.000000 165.000000 ,97 3
91639 2136.000000 135.000000 ,27 2 ,5 3 ,20 1 ,21 2 ,23 4 ,76 1
94973 2095.500000 186.000000 ,58 2 ,97 5 ,99 5 ,71 2
97150 2095.500000 193.500000 ,44 2 ,70 2 ,18 4 ,32 3 ,55 2
