6626 2967.000000 2634.000000 ,11 3 ,38 2 ,15 1 ,29 4
7629 2943.000000 2686.500000 ,2 1 ,98 5 ,7 1 ,92 4 ,36 4
9398 2970.000000 2637.000000 ,78 4 ,64 5 ,30 4
10982 2952.000000 2640.000000 ,54 5 ,15 5 ,46 3 ,95 1
16144 2931.000000 2695.500000 ,31 2 ,22 2 ,4 2 ,17 3 ,58 4
18555 2926.500000 2665.500000 ,29 2 ,91 5 ,1 5
22750 2955.000000 2700.000000 ,92 5
23519 2971.500000 2706.000000 ,11 5 ,92 2 ,91 4 ,39 1 ,43 5 ,10 2
24771 2967.000000 2683.500000 ,18 5 ,70 4 ,43 3 ,95 4
30375 2950.500000 2676.000000 ,19 4 ,39 1 ,30 5
33733 2926.500000 2665.500000 ,7 3 ,45 3 ,76 4 ,11 2
35276 2940.000000 2670.000000 ,16 1 ,89 5
36413 2938.500000 2689.500000 ,87 2 ,55 4
39265 2947.500000 2697.000000 ,29 3 ,89 1 ,83 2
39943 2962.500000 2641.500000 ,98 5 ,12 4 ,8 5 ,11 1
49163 2937.000000 2635.500000 ,19 5 ,95 4 ,15 3 ,99 1
49861 2961.000000 2697.000000 ,23 2 ,57 2 ,30 1
53908 2931.000000 2643.000000 ,44 5 ,20 4 ,86 4
54967 2953.500000 2680.500000 ,41 4
59524 2949.000000 2683.500000 ,31 2 ,35 3 ,3 5 ,42 4 ,57 4 ,30 5
76820 2973.000000 2674.500000 ,24 5
77080 2970.000000 2652.000000 ,53 2
79805 2926.500000 2656.500000 ,98 3 ,74 1 ,42 1 ,1 3 ,76 4
80369 2974.500000 2685.000000 ,26 3 ,85 4
81726 2958.000000 2653.500000 ,20 5 ,27 2
81808 2929.500000 2646.000000 ,28 1 ,64 5 ,63 5 ,61 2 ,37 2 ,43 4
82538 2928.000000 2635.500000 ,13 3 ,21 3 ,83 4 ,52 3 ,51 2 ,56 4
82734 2949.000000 2671.500000 ,36 4 ,3 1
88052 2956.500000 2692.500000 ,64 5 ,84 4 ,37 3 ,54 1
96646 2952.000000 2641.500000 ,67 2 ,24 4 ,51 5 ,56 1 ,2 2
99877 2935.500000 2653.500000 ,53 3
99948 2926.500000 2649.000000 ,29 1 ,8 4 ,22 3 ,48 4
