1286 4092.000000 2133.000000 ,97 1 ,85 4
2251 4056.000000 2118.000000 ,86 2 ,51 4 ,30 3 ,55 3 ,26 2
2881 4030.500000 2148.000000 ,23 1 ,13 4
4947 4075.500000 2110.500000 ,42 3 ,81 2 ,23 5
6914 4041.000000 2122.500000 ,42 3 ,80 4 ,95 2 ,2 3
8026 4062.000000 2115.000000 ,54 2 ,48 1 ,30 1 ,52 5 ,63 1 ,35 3
11725 4072.500000 2143.500000 ,30 3 ,19 1 ,32 1 ,80 4
15403 4035.000000 2112.000000 ,37 2 ,12 1 ,8 1
20420 4078.500000 2133.000000 ,59 1 ,20 3 ,98 5 ,52 3 ,82 3 ,44 4
21704 4059.000000 2152.500000 ,97 4 ,7 4
27381 4086.000000 2098.500000 ,3 1 ,28 3 ,39 2 ,90 4 ,69 2
34480 4045.500000 2104.500000 ,32 1 ,72 4 ,14 4
44660 4090.500000 2152.500000 ,86 3
47028 4051.500000 2140.500000 ,87 4 ,56 1 ,6 4
48567 4066.500000 2100.000000 ,66 1 ,19 2 ,87 4
50404 4039.500000 2104.500000 ,82 5 ,12 3 ,52 3 ,51 5 ,89 2
50860 4044.000000 2136.000000 ,90 5 ,74 2 ,97 4
57158 4044.000000 2145.000000 ,79 2 ,56 2
57624 4080.000000 2101.500000 ,82 1 ,14 2
58543 4039.500000 2130.000000 ,76 5 ,79 1
61908 4042.500000 2095.500000 ,20 2 ,19 4
63124 4092.000000 2136.000000 ,24 2
65465 4045.500000 2148.000000 ,38 5 ,99 3 ,61 2 ,30 4 ,36 5 ,94 5
66960 4090.500000 2094.000000 ,70 2
69253 4036.500000 2109.000000 ,70 2 ,51 3 ,23 1 ,10 2 ,57 3 ,95 2
71181 4066.500000 2137.500000 ,63 2 ,61 4 ,94 2
95788 4066.500000 2094.000000 ,6 4 ,20 3
