4105 3517.500000 1240.500000 ,72 5 ,75 4 ,89 5 ,58 2
8768 3510.000000 1219.500000 ,37 1 ,8 1 ,81 1
11857 3529.500000 1245.000000 ,34 3 ,62 4 ,6 3 ,5 5 ,85 5
14291 3525.000000 1215.000000 ,63 3 ,50 4 ,78 3 ,77 3 ,19 2 ,94 4
15067 3471.000000 1210.500000 ,68 4 ,79 2
15968 3519.000000 1198.500000 ,86 3 ,11 2
16261 3489.000000 1207.500000 ,60 4 ,98 5
24576 3483.000000 1249.500000 ,43 3 ,12 4
26136 3523.500000 1225.500000 ,42 2 ,81 1 ,22 5 ,30 2
33124 3517.500000 1216.500000 ,60 5 ,72 2 ,55 4 ,9 1 ,81 4
35124 3519.000000 1198.500000 ,18 4
37329 3522.000000 1210.500000 ,84 3
39169 3469.500000 1198.500000 ,40 5
42185 3460.500000 1240.500000 ,30 5 ,89 1 ,91 5 ,32 4 ,38 4 ,2 1
46106 3531.000000 1221.000000 ,64 1 ,29 1 ,83 3 ,25 2 ,90 5 ,8 4
49213 3475.500000 1267.500000 ,29 5 ,24 2 ,60 1 ,79 4 ,11 1
50908 3462.000000 1272.000000 ,86 5 ,6 1 ,31 5
51782 3505.500000 1239.000000 ,27 4 ,97 4 ,35 4 ,21 1
56313 3516.000000 1225.500000 ,48 1 ,27 3 ,1 5 ,99 4
57444 3475.500000 1261.500000 ,68 5 ,44 4 ,57 5 ,99 2 ,98 4
58464 3483.000000 1209.000000 ,97 5 ,93 2 ,39 5 ,6 1 ,10 1
58722 3499.500000 1213.500000 ,55 5 ,43 3
60861 3487.500000 1269.000000 ,26 2 ,63 5 ,84 5 ,55 4 ,77 3 ,91 1
62541 3457.500000 1219.500000 ,45 4 ,7 1 ,11 3 ,46 3 ,82 5
66516 3462.000000 1260.000000 ,17 5 ,9 4 ,89 5 ,11 5 ,51 5 ,38 3
69555 3532.500000 1254.000000 ,74 2
72044 3465.000000 1243.500000 ,71 1 ,38 1
73526 3460.500000 1239.000000 ,55 2 ,32 4 ,89 1 ,24 1
75805 3495.000000 1227.000000 ,89 3 ,52 2 ,83 2 ,82 5 ,21 5
77979 3465.000000 1245.000000 ,19 3 ,50 4 ,76 4 ,13 1 ,11 3
78884 3465.000000 1254.000000 ,92 5 ,68 4 ,18 4 ,32 2 ,14 3
79514 3528.000000 1264.500000 ,86 3 ,11 4 ,19 3 ,29 5 ,12 3
81443 3519.000000 1227.000000 ,1 5 ,79 4 ,43 4 ,86 2 ,60 1
83436 3462.000000 1231.500000 ,0 2 ,55 1
95236 3481.500000 1261.500000 ,69 4 ,36 2 ,83 5 ,50 5
97822 3481.500000 1255.500000 ,58 3 ,34 4 ,78 5 ,56 5
