677 3736.500000 628.500000 ,20 5 ,36 4 ,17 2
827 3763.500000 639.000000 ,30 3 ,51 5 ,94 2 ,44 3 ,84 5 ,88 5
3772 3717.000000 624.000000 ,72 5 ,40 5 ,38 1 ,48 3 ,97 4
3819 3735.000000 558.000000 ,87 5 ,4 2 ,36 5
4604 3724.500000 637.500000 ,93 5 ,21 4 ,69 4 ,98 1
6474 3769.500000 618.000000 ,40 3 ,10 2
8263 3754.500000 622.500000 ,83 5 ,20 5
8266 3772.500000 577.500000 ,54 4 ,88 3 ,89 2
8814 3696.000000 559.500000 ,38 5 ,97 5 ,13 2 ,49 5 ,31 4 ,28 1
10788 3726.000000 567.000000 ,79 5 ,23 3 ,98 3 ,88 2 ,86 5
13649 3768.000000 583.500000 ,5 5 ,57 5 ,46 1 ,63 2
15258 3741.000000 558.000000 ,95 3 ,66 5 ,24 1 ,94 2
18645 3739.500000 555.000000 ,38 1 ,5 2
21184 3690.000000 583.500000 ,72 3 ,9 5 ,44 5 ,89 1 ,63 3 ,16 2
31616 3715.500000 544.500000 ,34 2
31670 3766.500000 592.500000 ,42 4 ,65 1 ,89 5 ,26 3 ,54 2
31997 3720.000000 586.500000 ,59 4 ,27 5 ,8 2 ,22 2 ,25 5 ,30 2
37000 3699.000000 547.500000 ,44 5 ,32 1 ,18 5 ,21 1 ,42 4 ,46 4
37037 3721.500000 576.000000 ,21 1 ,70 3 ,85 5 ,22 2 ,92 2 ,79 4
37752 3711.000000 631.500000 ,69 2 ,53 3 ,30 4
38919 3745.500000 586.500000 ,87 5 ,89 4 ,28 2 ,51 2 ,15 1
39461 3760.500000 589.500000 ,53 5 ,21 4
40137 3769.500000 565.500000 ,56 5 ,73 3
44860 3699.000000 564.000000 ,67 2 ,91 2 ,27 1 ,74 1 ,94 4
48136 3702.000000 558.000000 ,95 1
48453 3693.000000 549.000000 ,32 3 ,98 4 ,69 1
57026 3768.000000 591.000000 ,16 3
84993 3750.000000 606.000000 ,13 5 ,70 1 ,98 5 ,91 3
85369 3738.000000 630.000000 ,35 1 ,36 4 ,77 2 ,22 4 ,75 1 ,1 4
85446 3708.000000 633.000000 ,77 5
86198 3774.000000 556.500000 ,12 3 ,97 5 ,20 4 ,42 5 ,91 3 ,93 3
86374 3748.500000 589.500000 ,18 1 ,0 4 ,61 1 ,22 4
88730 3736.500000 543.000000 ,21 3 ,3 5
99333 3721.500000 580.500000 ,86 4 ,54 5 ,16 5 ,60 5
