4832 1947.000000 1098.000000 ,23 3 ,59 1 ,68 4 ,33 3 ,6 4 ,27 1
4996 1917.000000 1053.000000 ,46 2 ,78 3 ,27 4 ,80 2 ,73 5
15834 1962.000000 1084.500000 ,62 1 ,55 1 ,40 3
19220 1960.500000 1075.500000 ,41 5
23692 1947.000000 1068.000000 ,94 5 ,10 4
26627 1926.000000 1095.000000 ,55 5 ,3 3 ,86 1 ,53 3 ,36 5
29681 1926.000000 1075.500000 ,19 1 ,52 1 ,6 5 ,88 1 ,38 5
31853 1957.500000 1054.500000 ,12 3 ,2 2 ,87 3 ,97 4 ,33 1 ,9 3
38981 1936.500000 1074.000000 ,93 4 ,6 3
51431 1923.000000 1090.500000 ,30 4 ,56 3 ,59 5 ,21 5
52515 1944.000000 1084.500000 ,22 5 ,65 1 ,95 4 ,82 1 ,74 5
55570 1957.500000 1093.500000 ,40 1 ,24 5 ,5 2
56966 1959.000000 1098.000000 ,77 4
62192 1930.500000 1102.500000 ,70 5 ,43 4 ,14 5 ,74 5 ,97 4 ,26 2
64160 1914.000000 1048.500000 ,0 5
64565 1914.000000 1078.500000 ,45 1 ,43 2 ,66 3
66006 1956.000000 1068.000000 ,73 2 ,7 4 ,94 3 ,12 2 ,60 4
66505 1947.000000 1078.500000 ,29 1 ,34 5 ,91 1 ,50 3 ,67 3
70518 1921.500000 1071.000000 ,14 3 ,66 2 ,61 4
74465 1953.000000 1113.000000 ,53 5
75318 1963.500000 1065.000000 ,95 2 ,75 4 ,43 2 ,36 5
77057 1956.000000 1111.500000 ,73 2
80039 1957.500000 1047.000000 ,33 2 ,61 1 ,13 5 ,30 3 ,56 2 ,5 2
84756 1911.000000 1110.000000 ,1 3 ,27 3 ,55 2 ,58 2 ,14 5 ,19 1
84920 1941.000000 1044.000000 ,71 4 ,80 5
84948 1950.000000 1062.000000 ,56 3 ,62 1 ,58 4 ,39 4
86759 1939.500000 1075.500000 ,57 3 ,59 5
87341 1948.500000 1041.000000 ,83 5 ,23 2
89451 1932.000000 1093.500000 ,91 4 ,86 1 ,88 2
89540 1920.000000 1099.500000 ,78 5 ,92 2 ,43 4
91473 1965.000000 1083.000000 ,94 4 ,27 5 ,17 1 ,39 5
91551 1942.500000 1077.000000 ,81 4 ,90 3 ,25 3 ,57 3
91922 1954.500000 1057.500000 ,64 1 ,14 4
92920 1935.000000 1104.000000 ,9 4
93071 1912.500000 1048.500000 ,16 2 ,1 2 ,77 5 ,55 1 ,15 3 ,41 1
94052 1921.500000 1051.500000 ,99 1 ,95 4 ,24 4 ,42 3 ,80 2 ,6 2
94084 1911.000000 1110.000000 ,22 4 ,16 3 ,93 4 ,29 4
94443 1953.000000 1080.000000 ,17 5 ,24 3 ,61 5
95607 1917.000000 1039.500000 ,92 3 ,69 4 ,11 4 ,99 3 ,17 5
