6291 3190.500000 2676.000000 ,11 1
6352 3220.500000 2701.500000 ,98 1 ,60 3 ,10 4 ,16 5 ,81 2 ,67 3
10338 3225.000000 2676.000000 ,66 5 ,49 2 ,56 2 ,86 4 ,77 2
11938 3192.000000 2686.500000 ,21 2 ,41 5 ,64 4
14214 3192.000000 2676.000000 ,46 1 ,21 1 ,83 4 ,4 3
21666 3217.500000 2679.000000 ,62 2 ,89 1 ,52 4
24109 3186.000000 2677.500000 ,21 2 ,44 1 ,3 4 ,37 2
27277 3216.000000 2697.000000 ,55 2 ,79 4 ,31 2 ,35 5
32276 3199.500000 2691.000000 ,21 1 ,32 1 ,31 5 ,63 2 ,58 1
32916 3225.000000 2676.000000 ,23 4 ,85 2 ,44 2 ,76 2
42433 3196.500000 2677.500000 ,90 3 ,68 5 ,57 3 ,15 2
43112 3168.000000 2706.000000 ,19 5 ,53 5 ,0 1 ,43 2
43452 3189.000000 2680.500000 ,5 4 ,34 3 ,41 1 ,69 3 ,17 1
54716 3171.000000 2689.500000 ,51 4 ,87 5 ,40 3
62371 3204.000000 2709.000000 ,16 4 ,98 1
66735 3211.500000 2680.500000 ,74 5 ,98 1 ,54 5 ,99 4 ,28 1
67710 3201.000000 2685.000000 ,22 4 ,85 5 ,1 4 ,86 2 ,32 4
75611 3180.000000 2704.500000 ,45 2 ,65 4 ,27 4 ,55 2 ,74 2
90271 3180.000000 2697.000000 ,33 5
91949 3168.000000 2682.000000 ,73 2 ,24 4 ,62 4 ,80 3
93707 3186.000000 2706.000000 ,53 3 ,62 1 ,32 2 ,9 1 ,60 5
