562 951.000000 910.500000 ,93 5 ,28 2 ,59 3 ,16 2
741 969.000000 957.000000 ,89 2 ,70 2
1442 954.000000 895.500000 ,11 2 ,92 4 ,82 1 ,28 5
2270 979.500000 942.000000 ,15 5 ,94 2 ,82 5
3170 970.500000 915.000000 ,89 4 ,53 4 ,34 3 ,31 3
13397 957.000000 951.000000 ,93 3 ,13 3 ,82 2
14222 976.500000 901.500000 ,73 5
15080 966.000000 919.500000 ,76 5 ,78 5
15803 972.000000 927.000000 ,65 3 ,71 4 ,42 3 ,35 2 ,4 1
20433 945.000000 933.000000 ,34 1 ,16 5 ,36 1 ,46 4
22371 973.500000 924.000000 ,62 3 ,85 4
26784 981.000000 909.000000 ,78 1 ,98 1 ,57 1 ,85 4 ,20 3 ,36 5
40682 940.500000 961.500000 ,7 2 ,40 2 ,48 5 ,38 1
41417 946.500000 942.000000 ,54 1
42291 967.500000 924.000000 ,8 3 ,73 2 ,69 5
44645 973.500000 891.000000 ,94 3 ,41 5 ,87 3
49181 970.500000 897.000000 ,10 4 ,64 3 ,2 1
51852 952.500000 940.500000 ,79 5 ,93 1 ,26 2
53445 943.500000 897.000000 ,35 1 ,47 1 ,65 2 ,42 5 ,25 4
54853 973.500000 931.500000 ,76 4 ,67 4 ,45 3 ,97 3
57374 975.000000 955.500000 ,0 1 ,60 5 ,97 3
57816 979.500000 948.000000 ,2 5 ,51 5 ,42 5 ,46 1
58344 960.000000 889.500000 ,40 3
63711 970.500000 904.500000 ,82 4 ,54 1 ,97 3 ,75 5
65208 973.500000 937.500000 ,99 3 ,52 2 ,53 5 ,42 5 ,28 5 ,58 2
65976 976.500000 912.000000 ,1 5 ,62 4 ,21 3 ,20 5 ,36 2 ,92 2
66332 972.000000 934.500000 ,69 1 ,47 3 ,8 3 ,78 3
67262 978.000000 952.500000 ,29 2 ,9 1 ,0 1
69685 960.000000 949.500000 ,27 4
73705 940.500000 904.500000 ,94 1 ,91 4 ,30 2
74460 948.000000 921.000000 ,43 3 ,87 3 ,0 4
76500 951.000000 958.500000 ,77 2
80919 951.000000 948.000000 ,59 5 ,33 3 ,79 2 ,86 5 ,9 2
87995 976.500000 913.500000 ,49 1 ,55 4 ,0 2 ,42 4 ,87 5
91842 945.000000 907.500000 ,39 4 ,81 1 ,24 4 ,89 5
92586 940.500000 934.500000 ,47 3
92866 954.000000 891.000000 ,65 4 ,78 5 ,98 5
92870 946.500000 912.000000 ,13 2
