1303 3322.500000 330.000000 ,28 2 ,57 3 ,71 1 ,67 4 ,0 2 ,16 2
5034 3252.000000 321.000000 ,56 2
5302 3318.000000 340.500000 ,63 5 ,34 4 ,84 3 ,0 2 ,11 2
10247 3280.500000 352.500000 ,0 2 ,90 5 ,7 5 ,29 2
11200 3280.500000 291.000000 ,58 5 ,36 2 ,62 3 ,34 5
12009 3270.000000 324.000000 ,3 5
12824 3321.000000 316.500000 ,5 2 ,51 5 ,15 1
17337 3343.500000 297.000000 ,2 5 ,95 5
20228 3262.500000 286.500000 ,97 4 ,84 3 ,34 5 ,63 2
23896 3352.500000 348.000000 ,17 5
26886 3258.000000 336.000000 ,46 1
28369 3331.500000 352.500000 ,82 2
28416 3355.500000 286.500000 ,65 3 ,7 1
30968 3345.000000 318.000000 ,79 2 ,2 3 ,95 1 ,50 2 ,97 4
31097 3333.000000 288.000000 ,45 4 ,3 3 ,7 4 ,11 4 ,52 3
31272 3348.000000 325.500000 ,75 1
32168 3258.000000 288.000000 ,5 4 ,42 2
34164 3247.500000 342.000000 ,2 5 ,21 3 ,59 4 ,25 4 ,55 2 ,51 3
36806 3318.000000 333.000000 ,50 5 ,20 4 ,3 5 ,83 4 ,56 2 ,34 2
38716 3354.000000 330.000000 ,51 3 ,84 1 ,9 1 ,74 1 ,19 1 ,92 3
46570 3294.000000 286.500000 ,37 2 ,90 2 ,69 1 ,73 5
46616 3280.500000 319.500000 ,23 5 ,63 1 ,55 5 ,11 5
48527 3321.000000 292.500000 ,26 5 ,13 2
54134 3343.500000 354.000000 ,70 2 ,37 2
56462 3331.500000 339.000000 ,20 4 ,61 3
56790 3346.500000 360.000000 ,61 5
57324 3292.500000 354.000000 ,3 1 ,26 1 ,23 4 ,63 2 ,41 1
59231 3306.000000 349.500000 ,84 4 ,33 4
59887 3259.500000 324.000000 ,52 3
64319 3319.500000 360.000000 ,75 4 ,68 3 ,82 5 ,55 1 ,38 1 ,57 1
65500 3264.000000 337.500000 ,91 2 ,8 3 ,46 1 ,1 1
70926 3345.000000 327.000000 ,54 3 ,11 4 ,43 2 ,71 3 ,52 4
72666 3316.500000 336.000000 ,9 2
75203 3324.000000 354.000000 ,19 3
75848 3310.500000 345.000000 ,43 5 ,66 1
78276 3298.500000 355.500000 ,21 1 ,68 1
79754 3277.500000 316.500000 ,31 1 ,59 5 ,35 1 ,80 3
95897 3345.000000 342.000000 ,45 3 ,3 3
99508 3303.000000 360.000000 ,85 5 ,87 5 ,32 3 ,18 4 ,31 3 ,44 5
