1109 1842.000000 937.500000 ,48 5 ,78 1 ,24 1 ,84 2
3376 1827.000000 919.500000 ,87 4 ,40 3
6261 1803.000000 972.000000 ,15 4
8777 1819.500000 927.000000 ,80 2 ,18 5
8964 1834.500000 963.000000 ,39 3 ,52 1 ,84 3 ,1 1
9321 1809.000000 966.000000 ,85 2 ,63 2
11571 1803.000000 969.000000 ,71 2 ,53 1 ,78 3 ,48 5 ,30 5
13289 1800.000000 942.000000 ,63 4 ,31 3
24443 1800.000000 945.000000 ,65 1 ,97 5 ,70 4 ,78 4 ,5 1
27411 1842.000000 961.500000 ,9 4 ,75 4 ,79 4 ,38 5 ,50 3 ,21 1
33051 1825.500000 957.000000 ,86 3
33065 1839.000000 936.000000 ,47 5 ,67 2 ,81 5 ,56 2 ,65 1 ,64 2
40850 1806.000000 936.000000 ,43 4 ,99 5
42564 1834.500000 931.500000 ,56 3 ,49 1 ,34 5 ,89 2 ,96 4 ,41 3
44937 1815.000000 930.000000 ,17 4
46850 1800.000000 921.000000 ,26 5 ,87 2
48622 1813.500000 916.500000 ,74 3 ,94 2 ,19 2 ,13 5 ,50 3
51271 1806.000000 967.500000 ,16 4 ,88 4 ,99 2 ,95 3
53322 1798.500000 943.500000 ,58 2 ,94 4
54460 1818.000000 915.000000 ,37 2 ,53 3 ,55 5
54555 1818.000000 954.000000 ,5 3 ,56 1 ,22 1 ,89 2
60610 1822.500000 928.500000 ,87 3 ,81 5 ,52 1 ,31 3 ,62 3 ,11 4
74429 1798.500000 964.500000 ,98 1
78438 1821.000000 952.500000 ,30 3 ,43 5 ,2 4
86606 1824.000000 927.000000 ,38 1 ,87 1 ,75 3 ,25 3
89226 1830.000000 973.500000 ,42 1 ,83 4 ,76 2 ,61 3
89532 1822.500000 960.000000 ,72 5 ,79 1 ,6 5 ,95 2 ,98 4 ,93 2
91245 1836.000000 972.000000 ,69 5
