3406 1975.500000 201.000000 ,69 2 ,4 3 ,18 5 ,75 2
5818 1906.500000 202.500000 ,33 3 ,97 1 ,93 5 ,68 5 ,54 4
6319 1948.500000 225.000000 ,90 4
8089 1911.000000 205.500000 ,34 3
10488 1947.000000 220.500000 ,52 3
10507 1923.000000 222.000000 ,26 1 ,68 3 ,64 1 ,88 1 ,39 1
21043 1954.500000 220.500000 ,46 4
22766 1968.000000 225.000000 ,8 2 ,19 3 ,44 1 ,66 1 ,29 2 ,58 1
25759 1956.000000 228.000000 ,64 2 ,6 2
33996 1896.000000 195.000000 ,23 2
34745 1947.000000 231.000000 ,16 1 ,65 4 ,36 4
35300 1947.000000 192.000000 ,98 1 ,57 1 ,23 3 ,59 3 ,30 4
40041 1906.500000 231.000000 ,96 3
50310 1956.000000 222.000000 ,17 5 ,51 4 ,81 3 ,94 4 ,26 5
51541 1906.500000 192.000000 ,33 5 ,70 1 ,50 5 ,37 2 ,16 5
54029 1947.000000 207.000000 ,16 5 ,37 5 ,25 3
59485 1926.000000 213.000000 ,52 5
62850 1951.500000 219.000000 ,29 1 ,31 1 ,42 2 ,61 4
63897 1954.500000 192.000000 ,90 2 ,2 4 ,44 5 ,88 5 ,61 2 ,56 4
64814 1900.500000 195.000000 ,61 4 ,81 5 ,40 2 ,35 3
66804 1891.500000 222.000000 ,14 1
68814 1935.000000 217.500000 ,44 1 ,24 2 ,21 2 ,96 4 ,38 3
71736 1897.500000 198.000000 ,48 3
75503 1903.500000 214.500000 ,13 5 ,67 3
75558 1894.500000 205.500000 ,72 5 ,62 1 ,12 1 ,68 1 ,50 4 ,97 1
80964 1929.000000 214.500000 ,27 4 ,48 5 ,80 3 ,50 1 ,55 1
87280 1894.500000 195.000000 ,93 4 ,40 3 ,66 5
88847 1918.500000 231.000000 ,58 3 ,27 5 ,11 1 ,56 4 ,52 5 ,83 5
88909 1956.000000 208.500000 ,49 3 ,92 2
90456 1978.500000 219.000000 ,82 4 ,95 4 ,40 1 ,6 3 ,45 2
97048 1954.500000 195.000000 ,98 5 ,91 2 ,69 1 ,53 5 ,22 4
97393 1950.000000 213.000000 ,34 5 ,22 4 ,70 1 ,50 3 ,39 2
98663 1966.500000 229.500000 ,81 2 ,67 2 ,74 2 ,76 5 ,10 5
