1321 2191.500000 2515.500000 ,88 3 ,13 2 ,35 4 ,52 3 ,64 4
2856 2181.000000 2499.000000 ,2 3 ,98 1 ,96 5
3684 2218.500000 2485.500000 ,46 1 ,60 5 ,43 5
8972 2175.000000 2482.500000 ,26 4 ,53 1
9779 2236.500000 2482.500000 ,93 2 ,73 1 ,34 5
13693 2187.000000 2490.000000 ,76 2
14780 2236.500000 2496.000000 ,72 4 ,6 2 ,34 1
23186 2172.000000 2491.500000 ,76 3
30139 2176.500000 2485.500000 ,78 1 ,81 4
37288 2206.500000 2491.500000 ,13 2 ,62 4 ,33 4 ,40 1 ,76 2
39624 2182.500000 2502.000000 ,91 5
44189 2209.500000 2497.500000 ,83 4 ,71 4 ,57 3 ,63 1 ,99 2
52961 2223.000000 2517.000000 ,17 4 ,43 1 ,66 5 ,2 2 ,91 3
58673 2233.500000 2509.500000 ,52 1 ,92 1 ,17 3
61407 2220.000000 2517.000000 ,1 5 ,86 2
61576 2200.500000 2503.500000 ,35 2 ,85 2 ,28 3 ,61 3
72135 2178.000000 2482.500000 ,40 5 ,41 4 ,42 5 ,29 2 ,50 4
72223 2182.500000 2487.000000 ,29 5 ,40 4 ,19 4 ,12 3
72516 2211.000000 2484.000000 ,8 2 ,64 4
78861 2235.000000 2499.000000 ,41 4 ,63 5 ,99 1
79697 2208.000000 2503.500000 ,86 3 ,85 5 ,54 2 ,0 2
90751 2230.500000 2493.000000 ,55 5 ,89 4 ,68 2
