3026 4425.000000 2752.500000 ,46 4 ,39 5
6349 4396.500000 2709.000000 ,31 3 ,67 2 ,79 4 ,64 5 ,95 3 ,73 2
7217 4402.500000 2761.500000 ,92 2 ,10 2
8264 4422.000000 2740.500000 ,1 2 ,16 5 ,68 4 ,52 1 ,89 3
8296 4413.000000 2736.000000 ,57 1 ,54 5 ,75 1 ,11 3 ,56 4 ,1 1
9846 4393.500000 2751.000000 ,73 4 ,61 4 ,87 3 ,39 2 ,69 2 ,95 3
11827 4398.000000 2718.000000 ,77 1 ,60 1
12828 4402.500000 2701.500000 ,45 4
13582 4423.500000 2760.000000 ,68 5 ,21 3
13586 4398.000000 2764.500000 ,1 2 ,18 1 ,62 3 ,89 2
17425 4420.500000 2725.500000 ,93 2
25701 4404.000000 2745.000000 ,80 1 ,69 5 ,98 3
27816 4393.500000 2728.500000 ,76 1 ,57 4 ,83 3
29159 4411.500000 2794.500000 ,87 2 ,73 2 ,18 1 ,88 4 ,65 5 ,24 1
30687 4390.500000 2761.500000 ,23 1 ,67 2
33079 4389.000000 2749.500000 ,95 2 ,45 5 ,6 4 ,83 3
38244 4396.500000 2788.500000 ,95 5 ,14 5 ,49 1 ,10 1
39466 4372.500000 2716.500000 ,27 4 ,54 3
41981 4414.500000 2719.500000 ,17 3
44381 4392.000000 2769.000000 ,18 2 ,96 5
46214 4380.000000 2749.500000 ,50 4 ,18 5
48997 4381.500000 2715.000000 ,30 5
53182 4371.000000 2719.500000 ,23 3 ,50 4
63330 4368.000000 2746.500000 ,82 1 ,1 1 ,97 4 ,78 2 ,69 2
68066 4422.000000 2797.500000 ,10 4 ,69 4 ,86 3 ,72 2 ,44 3
68916 4390.500000 2766.000000 ,52 3 ,84 5 ,23 4 ,40 4
76445 4369.500000 2799.000000 ,76 4 ,26 3 ,32 3 ,19 3 ,12 3 ,33 2
82191 4420.500000 2755.500000 ,20 5 ,80 5 ,38 4 ,91 3 ,12 3 ,94 2
83025 4384.500000 2712.000000 ,69 2 ,66 4 ,74 2 ,96 2 ,85 5 ,65 2
87738 4387.500000 2721.000000 ,18 2 ,76 2 ,57 4
88447 4420.500000 2749.500000 ,45 3 ,50 2
88631 4426.500000 2713.500000 ,62 5 ,33 3 ,78 4 ,89 2 ,42 5 ,2 5
89379 4380.000000 2721.000000 ,39 1 ,12 4 ,97 1 ,65 3
94306 4402.500000 2745.000000 ,43 4 ,33 2 ,87 3
94805 4380.000000 2754.000000 ,45 5 ,29 4 ,78 3 ,85 2
95077 4399.500000 2766.000000 ,64 4 ,8 2 ,39 4
96243 4402.500000 2704.500000 ,35 1 ,34 2 ,89 1 ,97 3 ,5 2 ,15 1
98023 4428.000000 2785.500000 ,46 3 ,22 1
98649 4404.000000 2716.500000 ,24 3 ,49 4 ,74 3
