3177 2647.500000 117.000000 ,36 5
5926 2617.500000 114.000000 ,98 3 ,81 4 ,78 3 ,25 3
6703 2568.000000 106.500000 ,0 1 ,86 1 ,13 4 ,1 2 ,21 5
8332 2625.000000 114.000000 ,18 2 ,72 5 ,33 5 ,56 1
10126 2568.000000 99.000000 ,97 5 ,61 5 ,9 3 ,93 4 ,73 1
16032 2568.000000 118.500000 ,51 3 ,22 5 ,65 1 ,91 5 ,42 5
22192 2590.500000 118.500000 ,33 1
22977 2556.000000 115.500000 ,62 4 ,22 2
25441 2589.000000 106.500000 ,54 3
29148 2569.500000 111.000000 ,56 4 ,13 5
31560 2629.500000 102.000000 ,41 5 ,68 3 ,58 2 ,91 3
37604 2605.500000 97.500000 ,57 1 ,69 1
38009 2568.000000 114.000000 ,77 5 ,86 5 ,10 1
40468 2584.500000 118.500000 ,77 5 ,72 5 ,32 1
46302 2578.500000 118.500000 ,82 5
51535 2599.500000 105.000000 ,92 3
60114 2577.000000 102.000000 ,99 5
65802 2602.500000 94.500000 ,81 4
70576 2601.000000 99.000000 ,78 4 ,16 1 ,37 2 ,99 3 ,4 3
78783 2628.000000 97.500000 ,79 4 ,65 3 ,68 5 ,96 3 ,58 2 ,46 5
81748 2569.500000 112.500000 ,91 1 ,69 5 ,27 3
82921 2556.000000 100.500000 ,60 5 ,57 3
91482 2605.500000 106.500000 ,96 1 ,39 5 ,77 1
91968 2587.500000 121.500000 ,8 1 ,33 5 ,71 5 ,42 5
95949 2637.000000 121.500000 ,76 1
98021 2563.500000 93.000000 ,21 1 ,47 1 ,0 4
