5327 3508.500000 1995.000000 ,89 5
6746 3483.000000 1995.000000 ,13 5 ,79 5 ,43 1 ,99 1 ,65 4 ,76 1
9629 3502.500000 1948.500000 ,53 2 ,61 1 ,49 4 ,54 1 ,75 5 ,86 3
11281 3468.000000 1945.500000 ,20 4 ,88 4 ,4 3 ,26 4
11341 3462.000000 2010.000000 ,91 3 ,37 4 ,56 3 ,10 2 ,72 3 ,82 5
15360 3463.500000 1978.500000 ,15 4 ,54 4 ,40 5 ,63 4 ,53 2 ,61 1
20035 3508.500000 1933.500000 ,60 5 ,47 4 ,37 4 ,5 1
22045 3502.500000 1975.500000 ,39 2
23458 3510.000000 1936.500000 ,50 3 ,37 2
26890 3477.000000 1996.500000 ,77 4 ,38 5
27730 3495.000000 1975.500000 ,54 1 ,76 3 ,60 5
39881 3459.000000 1968.000000 ,21 2 ,94 2 ,88 5 ,7 5
46283 3510.000000 1968.000000 ,28 3 ,56 5 ,72 1 ,27 5 ,92 3
50022 3510.000000 1933.500000 ,38 2 ,29 4 ,17 1 ,94 4 ,93 3
52344 3468.000000 1972.500000 ,70 3 ,66 5 ,13 2 ,18 1
60830 3499.500000 1999.500000 ,27 5 ,83 1
63487 3456.000000 1990.500000 ,53 1 ,74 2 ,91 1 ,14 3
74785 3459.000000 1944.000000 ,59 3 ,87 2 ,19 2 ,8 1 ,24 5
81091 3483.000000 1977.000000 ,97 5 ,91 4 ,7 2 ,76 3 ,33 3 ,44 1
93833 3477.000000 2013.000000 ,2 2 ,20 1 ,79 1 ,62 5
94516 3513.000000 1984.500000 ,48 1 ,70 5 ,39 5 ,78 5
97546 3469.500000 1972.500000 ,92 2 ,81 5 ,34 3 ,85 3 ,23 3
97985 3477.000000 1962.000000 ,30 3 ,85 1
98394 3490.500000 1951.500000 ,97 5 ,56 1 ,35 3 ,16 3 ,15 1
99836 3501.000000 1965.000000 ,40 4 ,20 1 ,0 2 ,84 3 ,99 3
