3898 2802.000000 1920.000000 ,69 2 ,4 1
4277 2805.000000 1905.000000 ,34 5 ,7 4 ,92 5
6435 2767.500000 1902.000000 ,15 1 ,62 1 ,23 1 ,22 5 ,79 1 ,81 5
7447 2802.000000 1905.000000 ,41 1 ,30 5 ,40 3
11540 2794.500000 1903.500000 ,72 1 ,17 4 ,8 2 ,42 1 ,34 5 ,39 4
28301 2779.500000 1891.500000 ,49 5 ,41 3 ,52 3 ,62 2 ,79 3
29641 2797.500000 1893.000000 ,45 2 ,33 3 ,96 1 ,8 2
35918 2776.500000 1920.000000 ,43 5 ,67 2 ,65 4 ,38 5 ,57 1 ,23 4
41151 2829.000000 1891.500000 ,38 3 ,0 5 ,63 3 ,62 2 ,13 5
44583 2826.000000 1894.500000 ,60 1 ,45 1 ,14 5
46889 2794.500000 1897.500000 ,8 3 ,91 4
51772 2809.500000 1909.500000 ,28 5 ,33 3 ,86 2 ,27 4 ,16 4 ,17 2
54773 2781.000000 1885.500000 ,10 1 ,40 4 ,86 4
56984 2793.000000 1914.000000 ,75 4 ,32 3 ,94 5
58832 2806.500000 1902.000000 ,41 5 ,57 4
61920 2781.000000 1885.500000 ,49 5 ,73 5 ,47 5 ,2 5 ,54 2
62170 2826.000000 1921.500000 ,48 3 ,19 5 ,78 2
63171 2787.000000 1902.000000 ,76 4 ,53 5 ,42 2
69504 2775.000000 1902.000000 ,90 5 ,5 4 ,63 1 ,16 3 ,75 4 ,13 3
74363 2785.500000 1893.000000 ,13 3
76910 2770.500000 1912.500000 ,16 4 ,45 2 ,27 5
77854 2782.500000 1897.500000 ,24 3 ,22 3 ,82 2 ,11 3 ,52 3 ,99 5
83079 2802.000000 1915.500000 ,56 5
86894 2800.500000 1885.500000 ,45 3 ,76 2
92411 2833.500000 1903.500000 ,74 4 ,4 4 ,34 4 ,95 4
92414 2832.000000 1923.000000 ,5 2 ,76 5
93633 2763.000000 1894.500000 ,18 1 ,15 4 ,68 2 ,42 1
95215 2793.000000 1921.500000 ,44 3 ,1 1 ,45 3 ,42 2
