903 1101.000000 1971.000000 ,73 3 ,72 5 ,66 5 ,7 4 ,99 3
4109 1066.500000 1927.500000 ,85 4 ,24 2
5940 1110.000000 1954.500000 ,99 5 ,74 2 ,1 4 ,23 4
10183 1095.000000 1965.000000 ,14 2 ,71 2 ,3 3 ,94 4 ,66 5
13890 1060.500000 1945.500000 ,80 5 ,65 4
20952 1074.000000 1935.000000 ,78 1 ,53 1 ,6 2
22146 1060.500000 1927.500000 ,46 5 ,78 1 ,12 1 ,14 5 ,43 3 ,42 1
23552 1095.000000 1963.500000 ,0 3 ,38 5 ,74 4 ,91 4
25008 1110.000000 1965.000000 ,48 4 ,31 5 ,10 5 ,70 1
27120 1096.500000 1933.500000 ,26 3 ,98 5 ,68 2
31835 1095.000000 1950.000000 ,50 5
34052 1104.000000 1950.000000 ,46 3 ,36 5 ,12 2
40330 1060.500000 1947.000000 ,95 4 ,40 5 ,69 5 ,6 2 ,78 1 ,15 3
44786 1066.500000 1951.500000 ,65 4 ,81 3 ,90 4 ,26 4
51442 1096.500000 1939.500000 ,48 5 ,11 2 ,95 2
57589 1077.000000 1974.000000 ,29 3 ,26 3 ,43 2 ,93 3 ,34 1
60440 1072.500000 1926.000000 ,42 4 ,37 1 ,82 2 ,1 3 ,65 4
60618 1065.000000 1951.500000 ,33 1 ,44 4
61120 1065.000000 1974.000000 ,31 4 ,58 5 ,24 5 ,60 1 ,49 4
63716 1069.500000 1960.500000 ,33 5 ,95 4 ,55 4
67384 1062.000000 1942.500000 ,73 2 ,87 3 ,62 3 ,47 3
68783 1065.000000 1974.000000 ,87 1 ,63 2 ,54 2 ,49 3
70082 1111.500000 1932.000000 ,35 5 ,15 4 ,6 3 ,30 4 ,36 2
73828 1113.000000 1950.000000 ,20 2 ,34 3 ,12 2
74772 1056.000000 1969.500000 ,29 3 ,55 3
76134 1098.000000 1926.000000 ,73 3
83724 1077.000000 1927.500000 ,25 2 ,73 3
84173 1072.500000 1950.000000 ,24 2 ,67 3 ,39 4 ,57 1 ,18 3
85001 1099.500000 1930.500000 ,27 4
86176 1104.000000 1950.000000 ,8 3 ,7 3
