1444 2007.000000 1629.000000 ,87 3 ,25 2 ,32 4 ,35 5
3712 2041.500000 1612.500000 ,92 2 ,31 4
3890 2052.000000 1642.500000 ,10 1 ,62 5 ,51 2
4567 2023.500000 1617.000000 ,68 4 ,59 2 ,73 3 ,8 4
11914 2038.500000 1642.500000 ,35 3 ,10 3 ,82 5 ,30 5 ,21 2
14800 2007.000000 1624.500000 ,21 4
16716 2055.000000 1635.000000 ,42 5 ,64 3 ,23 4 ,80 3
17806 2043.000000 1617.000000 ,97 5 ,47 2 ,25 4 ,68 5
30123 2014.500000 1611.000000 ,64 2 ,18 1
40033 2059.500000 1635.000000 ,59 4 ,21 4 ,39 4
47685 2038.500000 1608.000000 ,66 1 ,91 4 ,1 3 ,34 1 ,52 3 ,83 5
49052 2055.000000 1639.500000 ,83 4
53853 1996.500000 1606.500000 ,1 5 ,14 4 ,63 1 ,51 4 ,10 1
60731 2043.000000 1612.500000 ,77 4 ,73 3
66235 2047.500000 1603.500000 ,8 5 ,33 4 ,38 1 ,77 4 ,87 2 ,80 1
67611 1993.500000 1614.000000 ,89 2 ,30 1 ,29 2 ,40 2
69559 2025.000000 1620.000000 ,93 4 ,33 2 ,54 3 ,11 3 ,82 4
71284 2032.500000 1632.000000 ,7 5 ,46 5 ,2 2 ,71 2 ,5 1 ,12 2
79705 2001.000000 1605.000000 ,20 5 ,75 2 ,50 1 ,73 3 ,91 3
88459 2022.000000 1641.000000 ,13 1 ,42 4 ,99 1 ,65 2 ,15 1
94595 1998.000000 1627.500000 ,33 3 ,0 4 ,66 3 ,40 4
94700 1995.000000 1635.000000 ,44 2 ,9 1 ,84 3 ,35 1 ,5 3 ,91 3
95114 2046.000000 1603.500000 ,66 4 ,38 3 ,3 1 ,41 5
98494 2023.500000 1606.500000 ,53 4 ,71 5 ,48 5 ,90 1 ,45 3
