4737 3771.000000 2404.500000 ,13 2 ,27 2 ,29 1 ,42 2 ,49 5
6385 3738.000000 2406.000000 ,98 5
9143 3741.000000 2388.000000 ,92 1 ,31 4 ,86 5
11986 3753.000000 2382.000000 ,22 3
15226 3771.000000 2412.000000 ,36 1 ,76 1 ,73 1 ,62 2
16892 3760.500000 2371.500000 ,92 3 ,69 3 ,36 1 ,70 1 ,68 5 ,66 1
24675 3748.500000 2413.500000 ,11 2 ,62 2 ,59 2
26009 3759.000000 2382.000000 ,10 2 ,88 5 ,61 1 ,57 2
26312 3741.000000 2412.000000 ,34 2 ,48 3 ,15 3 ,90 3 ,20 1 ,64 1
39818 3724.500000 2370.000000 ,99 3 ,73 4 ,55 1 ,12 1 ,23 3
43665 3723.000000 2403.000000 ,97 4 ,0 4 ,30 4 ,24 4 ,2 5
46320 3735.000000 2388.000000 ,15 4 ,6 5 ,51 2 ,39 3
46912 3720.000000 2421.000000 ,93 2 ,74 3
47594 3739.500000 2403.000000 ,18 3
49982 3730.500000 2368.500000 ,3 2 ,51 3 ,85 1
57820 3721.500000 2383.500000 ,75 2
65204 3735.000000 2407.500000 ,97 1 ,86 5 ,81 1 ,94 3
65848 3718.500000 2383.500000 ,73 4 ,41 3 ,35 4
74966 3753.000000 2406.000000 ,61 4 ,2 1 ,29 1 ,83 3 ,13 4
79798 3754.500000 2425.500000 ,70 2 ,17 3
81807 3753.000000 2400.000000 ,40 3 ,32 3 ,3 3 ,90 5 ,60 3 ,55 4
82702 3726.000000 2400.000000 ,62 4 ,17 3 ,11 5 ,74 2
83317 3756.000000 2413.500000 ,92 1 ,24 3
88286 3723.000000 2413.500000 ,27 4 ,42 2 ,38 5 ,9 3 ,98 1
89854 3772.500000 2367.000000 ,25 5 ,42 5 ,60 4 ,73 2 ,58 1 ,75 1
96367 3727.500000 2413.500000 ,41 1 ,89 1 ,81 3 ,78 4 ,68 2 ,72 1
