514 2467.500000 2506.500000 ,17 2 ,59 1 ,4 2 ,75 1 ,24 2 ,78 2
3445 2502.000000 2469.000000 ,79 2
10388 2485.500000 2529.000000 ,53 3 ,55 5 ,22 2 ,73 3 ,65 2
22526 2505.000000 2505.000000 ,72 5 ,52 2 ,42 1 ,80 2 ,99 5
23629 2490.000000 2536.500000 ,97 5
27315 2461.500000 2542.500000 ,30 5 ,77 3 ,51 2
29565 2461.500000 2467.500000 ,42 2 ,74 5 ,4 3 ,95 1 ,11 5 ,89 1
40674 2494.500000 2491.500000 ,80 4 ,49 4
43712 2481.000000 2490.000000 ,15 5 ,38 4 ,30 3 ,64 4 ,19 1 ,67 2
44456 2475.000000 2493.000000 ,41 3 ,71 4
44827 2479.500000 2472.000000 ,32 5
55776 2500.500000 2470.500000 ,44 1 ,26 1 ,28 2 ,96 1
57113 2490.000000 2473.500000 ,32 4
61380 2460.000000 2527.500000 ,64 1 ,62 1 ,88 1
63577 2458.500000 2530.500000 ,77 5 ,55 1 ,19 1 ,91 4
67804 2476.500000 2479.500000 ,8 2 ,23 5 ,50 2 ,43 3
73015 2470.500000 2511.000000 ,29 3 ,42 5 ,1 4
73998 2479.500000 2476.500000 ,18 1 ,84 4 ,38 4 ,66 5
76766 2505.000000 2484.000000 ,14 4 ,19 2 ,6 3 ,61 3 ,75 4
77781 2482.500000 2470.500000 ,34 3 ,73 4 ,11 4 ,63 1 ,26 5
78707 2488.500000 2497.500000 ,47 3 ,93 3 ,25 3 ,67 1 ,39 4 ,59 5
91940 2458.500000 2524.500000 ,95 1 ,99 3 ,23 5 ,73 3
98126 2458.500000 2505.000000 ,35 3 ,97 2 ,43 5 ,77 1 ,81 4 ,44 2
