7326 3312.000000 2325.000000 ,63 1 ,51 3 ,13 5 ,74 3
10481 3291.000000 2349.000000 ,42 3 ,8 5 ,7 5 ,5 4 ,12 3
14512 3315.000000 2322.000000 ,17 3 ,77 4 ,89 5 ,79 5 ,32 4 ,4 1
14666 3309.000000 2313.000000 ,41 2 ,28 5 ,62 2 ,98 4
16514 3327.000000 2328.000000 ,49 2 ,6 4 ,31 1 ,84 3 ,76 5
20169 3309.000000 2359.500000 ,97 2 ,96 1 ,88 4
47554 3292.500000 2335.500000 ,21 2 ,61 5
53764 3291.000000 2334.000000 ,39 2 ,26 3
67044 3309.000000 2337.000000 ,43 2
70606 3282.000000 2320.500000 ,44 5 ,27 3 ,82 1 ,18 4 ,30 2
75296 3321.000000 2331.000000 ,9 2 ,88 2 ,94 5 ,24 4
76182 3328.500000 2343.000000 ,52 4
76661 3343.500000 2323.500000 ,39 1 ,11 1
78107 3300.000000 2340.000000 ,23 3 ,86 5 ,78 3 ,37 3
78126 3280.500000 2346.000000 ,43 4
79719 3342.000000 2347.500000 ,23 3 ,51 3 ,85 3 ,88 5 ,82 3
80796 3321.000000 2356.500000 ,65 5
82680 3328.500000 2323.500000 ,95 5 ,39 5 ,24 2 ,83 4 ,59 1 ,71 1
86178 3309.000000 2361.000000 ,96 5
89799 3289.500000 2353.500000 ,75 1 ,45 4
93530 3318.000000 2317.500000 ,61 3 ,86 3 ,78 3
94623 3330.000000 2338.500000 ,8 5 ,80 3 ,79 5
94636 3328.500000 2328.000000 ,12 3 ,95 4
