11260 3025.500000 1527.000000 ,76 3 ,83 3
11470 2997.000000 1518.000000 ,78 3 ,3 2 ,28 2 ,74 1 ,31 4 ,26 4
12479 2979.000000 1521.000000 ,37 3 ,72 3 ,21 3 ,93 2 ,25 2
16863 2995.500000 1509.000000 ,2 1 ,42 3 ,60 5 ,88 4 ,3 3
17045 2985.000000 1492.500000 ,75 2 ,85 1 ,88 5 ,11 5 ,1 5
18299 3024.000000 1483.500000 ,78 3
23324 2998.500000 1506.000000 ,95 3 ,23 4 ,13 2 ,56 2
24347 3000.000000 1524.000000 ,60 3 ,87 1 ,33 4 ,21 1 ,5 1
24587 2979.000000 1501.500000 ,66 2 ,2 3 ,85 1 ,0 2 ,54 3
26326 3030.000000 1527.000000 ,68 4 ,40 1 ,66 2
33607 3040.500000 1485.000000 ,16 4 ,17 3 ,40 2
40719 2985.000000 1498.500000 ,24 2 ,26 2 ,22 5
45840 2980.500000 1494.000000 ,47 4
47140 2977.500000 1497.000000 ,95 5 ,9 2
52853 3003.000000 1512.000000 ,22 4 ,77 2 ,65 4 ,47 4 ,39 5
52960 3001.500000 1476.000000 ,19 4 ,68 2 ,44 4 ,60 3
60802 3012.000000 1500.000000 ,19 2 ,96 3 ,99 3 ,20 1
70284 3037.500000 1507.500000 ,66 2
70630 3007.500000 1501.500000 ,97 3 ,29 4 ,43 5 ,33 2 ,46 4 ,44 4
78513 3027.000000 1488.000000 ,61 1 ,15 2 ,21 2 ,69 4 ,40 4
78670 2997.000000 1488.000000 ,62 1
85795 2976.000000 1477.500000 ,81 1 ,39 2
90205 3039.000000 1495.500000 ,53 4
92428 2980.500000 1483.500000 ,16 1 ,32 4
99033 2998.500000 1525.500000 ,17 3 ,76 1 ,9 4 ,87 2 ,85 5 ,88 1
99293 3010.500000 1518.000000 ,56 1 ,58 5 ,38 5
