4977 2140.500000 1953.000000 ,38 3 ,2 3 ,4 3 ,24 2 ,82 2 ,86 2
9455 2113.500000 1948.500000 ,94 3 ,4 5
11285 2097.000000 1956.000000 ,69 1 ,93 1 ,24 3
21905 2145.000000 1942.500000 ,9 2 ,86 2 ,53 5
27223 2110.500000 1960.500000 ,39 4 ,82 2 ,17 2 ,98 3 ,91 1
28893 2136.000000 1954.500000 ,37 3 ,13 2 ,31 3 ,81 4 ,25 1
28899 2104.500000 1974.000000 ,62 2 ,85 3 ,34 3 ,84 3
42722 2134.500000 1966.500000 ,79 5 ,91 4
47284 2113.500000 1938.000000 ,52 2
47974 2140.500000 1947.000000 ,81 1 ,38 4 ,53 5
51632 2106.000000 1963.500000 ,53 5 ,11 1 ,63 4 ,78 1
53409 2110.500000 1938.000000 ,96 2 ,11 3 ,30 2 ,31 2
53947 2133.000000 1951.500000 ,54 1 ,75 3 ,64 2 ,53 4
55293 2122.500000 1957.500000 ,41 3 ,37 2 ,76 3
59391 2137.500000 1962.000000 ,75 4 ,20 1 ,33 5 ,49 3 ,74 2
65498 2119.500000 1965.000000 ,15 1 ,76 1 ,21 3 ,74 2 ,28 1
70968 2125.500000 1969.500000 ,80 4 ,26 2 ,66 3 ,63 4 ,62 3 ,58 2
76129 2104.500000 1951.500000 ,24 3
78506 2110.500000 1959.000000 ,29 1 ,92 2 ,2 5
79024 2097.000000 1951.500000 ,46 2
80310 2115.000000 1971.000000 ,69 5 ,14 3 ,96 2 ,81 1 ,15 1 ,20 1
80862 2133.000000 1936.500000 ,31 2 ,34 5 ,16 4 ,7 4 ,61 3
85048 2101.500000 1956.000000 ,90 2
85688 2119.500000 1953.000000 ,46 4 ,3 3 ,69 3 ,66 2 ,18 2 ,73 5
90028 2124.000000 1977.000000 ,63 5 ,91 5
95977 2124.000000 1956.000000 ,58 2 ,25 3 ,8 2 ,62 3 ,2 4
99146 2145.000000 1960.500000 ,70 3 ,27 2 ,37 1 ,2 5
