1370 127.500000 606.000000 ,8 3 ,25 5 ,22 5 ,19 3 ,1 2 ,38 5
6091 156.000000 591.000000 ,7 2 ,86 5 ,56 1 ,61 2 ,50 2 ,31 1
16375 168.000000 606.000000 ,95 4 ,53 1 ,59 5 ,75 5 ,33 3
18882 171.000000 603.000000 ,46 1 ,0 4 ,27 1 ,47 1 ,39 4 ,54 1
22177 132.000000 609.000000 ,71 1 ,82 3 ,98 2
23365 168.000000 600.000000 ,50 1 ,67 4 ,25 3 ,99 1
23895 139.500000 597.000000 ,42 1 ,73 3 ,66 3
28319 118.500000 589.500000 ,17 4 ,85 4
54509 168.000000 594.000000 ,11 4 ,6 4 ,99 4 ,42 5 ,90 5 ,3 2
66000 142.500000 606.000000 ,57 3
68556 139.500000 591.000000 ,53 1
70571 129.000000 601.500000 ,16 1 ,2 2
73064 165.000000 603.000000 ,81 1 ,23 2 ,72 1 ,71 4 ,17 2 ,58 1
73737 168.000000 589.500000 ,71 4 ,23 4 ,24 5 ,39 5
81291 121.500000 573.000000 ,76 1 ,47 3 ,70 3 ,7 2 ,80 4 ,3 3
85277 135.000000 607.500000 ,35 4 ,24 2 ,28 4 ,23 2
86017 139.500000 591.000000 ,67 5 ,4 5
88865 138.000000 592.500000 ,71 4 ,42 3
88892 129.000000 588.000000 ,54 2 ,87 3
91162 142.500000 612.000000 ,12 1 ,0 1 ,26 2 ,80 1
93520 139.500000 591.000000 ,23 2
99297 126.000000 610.500000 ,33 4 ,10 2 ,55 4 ,12 1 ,54 2 ,57 2
