1685 37.500000 655.500000 ,96 3 ,85 1 ,26 1
3839 7.500000 633.000000 ,43 1 ,45 5 ,36 4
4747 27.000000 639.000000 ,99 5 ,71 4 ,12 4 ,52 2 ,98 5
12041 9.000000 637.500000 ,94 4 ,1 3 ,2 1 ,62 2
20902 21.000000 658.500000 ,95 2 ,60 3 ,74 2 ,77 4
23511 12.000000 666.000000 ,89 3 ,72 5 ,79 1
24607 4.500000 667.500000 ,9 2 ,71 1 ,53 2
29275 27.000000 663.000000 ,57 4 ,72 1 ,52 3 ,70 2
29938 36.000000 639.000000 ,76 4 ,63 1
31942 0.000000 666.000000 ,48 5
36159 34.500000 637.500000 ,80 2
48314 18.000000 646.500000 ,21 2 ,0 5
49419 37.500000 637.500000 ,87 1 ,82 5 ,72 2 ,60 2 ,22 5
76387 18.000000 634.500000 ,30 5 ,87 2 ,27 4 ,32 5 ,42 2
79357 36.000000 630.000000 ,23 2
92432 31.500000 664.500000 ,91 1 ,61 1 ,19 2 ,31 4 ,78 1 ,98 1
92469 31.500000 645.000000 ,6 5 ,19 4
94674 36.000000 633.000000 ,51 1 ,91 3 ,59 5
