2507 163.500000 1375.500000 ,16 1 ,36 5 ,96 4 ,41 4 ,4 2 ,68 4
5883 183.000000 1432.500000 ,65 5 ,79 1 ,8 5 ,33 2 ,71 4
6431 181.500000 1384.500000 ,11 1
7148 196.500000 1395.000000 ,70 5 ,13 5 ,59 4 ,35 4
8690 159.000000 1423.500000 ,61 4 ,18 1 ,85 4 ,88 4 ,33 4
11632 208.500000 1393.500000 ,11 4 ,90 2 ,25 2 ,31 3 ,42 4
11899 180.000000 1365.000000 ,19 1 ,69 3
15141 171.000000 1419.000000 ,65 3 ,84 3
16808 159.000000 1378.500000 ,88 1 ,12 2 ,22 3 ,90 4
18211 190.500000 1432.500000 ,12 2 ,67 2 ,18 4 ,0 1 ,24 4
25017 210.000000 1362.000000 ,79 1 ,82 1 ,72 2 ,37 3 ,90 3
29098 199.500000 1347.000000 ,60 1 ,31 5 ,55 2
29866 207.000000 1335.000000 ,41 4 ,53 5 ,10 2 ,77 5
34765 162.000000 1351.500000 ,49 2 ,88 3 ,70 4
36566 168.000000 1429.500000 ,95 2 ,58 1 ,88 3 ,47 1 ,69 5 ,11 5
46240 211.500000 1329.000000 ,85 1 ,16 3 ,49 5 ,18 5
53418 178.500000 1398.000000 ,16 5 ,1 1
56143 181.500000 1356.000000 ,43 1 ,88 3 ,73 4
56559 171.000000 1414.500000 ,4 3 ,76 5 ,72 1 ,45 2 ,33 4
56626 208.500000 1341.000000 ,63 4 ,92 3 ,35 5 ,67 4 ,31 3
59505 166.500000 1360.500000 ,10 3
61954 204.000000 1408.500000 ,17 1 ,55 4 ,6 3 ,88 1
63992 199.500000 1386.000000 ,68 2 ,84 1 ,83 3 ,77 1 ,31 2
65231 214.500000 1398.000000 ,87 1 ,95 2
65874 213.000000 1353.000000 ,30 1 ,32 1 ,67 3
76892 159.000000 1350.000000 ,61 4 ,71 5
78231 174.000000 1359.000000 ,86 1
79402 208.500000 1429.500000 ,4 2 ,56 1 ,46 5
81750 181.500000 1353.000000 ,42 1
82547 177.000000 1396.500000 ,81 2
83217 166.500000 1410.000000 ,82 1 ,50 1
84434 198.000000 1345.500000 ,26 4 ,64 3 ,69 3 ,54 5 ,77 4
86986 192.000000 1347.000000 ,50 2 ,44 4 ,40 5
87872 177.000000 1386.000000 ,21 4 ,19 4
89742 213.000000 1426.500000 ,75 5 ,1 1 ,53 1 ,58 4 ,65 5
91863 199.500000 1371.000000 ,0 3
94152 210.000000 1351.500000 ,97 2 ,2 1 ,65 1 ,34 3 ,70 4
