1512 2601.000000 24.000000 ,62 2
2649 2605.500000 12.000000 ,91 3
12455 2590.500000 45.000000 ,97 5
23728 2643.000000 25.500000 ,21 4
29343 2592.000000 0.000000 ,96 4 ,28 4 ,27 5 ,82 1
30224 2590.500000 24.000000 ,67 2 ,88 4 ,1 5 ,25 2 ,44 4 ,52 1
31011 2619.000000 3.000000 ,86 1 ,33 1 ,41 5
32353 2599.500000 3.000000 ,71 2 ,11 5 ,41 4 ,62 4 ,4 1
33102 2604.000000 34.500000 ,62 1 ,2 5 ,52 5 ,38 5
40831 2598.000000 18.000000 ,85 3 ,44 2 ,45 5 ,12 3 ,6 3
45591 2641.500000 43.500000 ,37 2
47514 2635.500000 1.500000 ,68 1 ,88 2
48637 2626.500000 34.500000 ,70 3 ,73 3 ,9 2 ,60 4 ,88 5
48733 2617.500000 0.000000 ,81 1 ,71 1 ,97 1 ,45 4
52030 2607.000000 40.500000 ,79 2 ,55 1 ,31 2
53594 2638.500000 0.000000 ,49 4
55637 2562.000000 12.000000 ,44 4 ,50 2 ,75 5
55873 2598.000000 3.000000 ,95 1 ,34 2
57472 2614.500000 27.000000 ,13 3 ,67 4 ,89 4 ,90 4
59914 2604.000000 10.500000 ,2 3 ,83 5 ,63 2 ,45 4
61054 2616.000000 10.500000 ,91 3 ,77 5 ,26 5 ,84 4 ,17 4 ,45 1
66474 2581.500000 1.500000 ,26 1 ,75 3 ,22 1 ,12 1 ,88 5 ,24 3
72382 2631.000000 12.000000 ,55 3 ,88 3 ,85 1 ,53 5
74902 2596.500000 42.000000 ,14 4 ,93 5 ,24 2 ,25 1 ,11 4
78678 2613.000000 33.000000 ,99 1 ,78 4 ,18 4
78745 2592.000000 15.000000 ,25 5 ,12 2 ,75 4
78821 2602.500000 33.000000 ,46 5
80235 2631.000000 10.500000 ,6 5 ,95 5 ,20 5 ,43 2
82966 2572.500000 1.500000 ,81 1 ,49 2 ,78 2 ,89 5 ,52 4
90729 2644.500000 43.500000 ,31 1
94933 2632.500000 45.000000 ,46 1 ,27 3 ,95 4
95600 2608.500000 10.500000 ,94 4 ,23 1 ,84 5 ,83 5 ,98 1
96088 2632.500000 39.000000 ,95 3 ,44 5 ,71 5 ,40 3 ,30 3
97433 2626.500000 39.000000 ,77 3 ,27 5 ,24 3
98262 2634.000000 3.000000 ,35 4 ,39 2 ,15 1
99487 2610.000000 34.500000 ,75 3 ,99 1 ,53 5 ,26 3
99711 2628.000000 36.000000 ,3 3 ,35 2 ,46 5 ,70 5 ,31 1
