59 3186.000000 817.500000 ,73 4 ,16 3 ,69 3 ,62 2 ,97 4 ,70 4
6123 3177.000000 837.000000 ,9 4 ,27 4 ,8 5 ,97 4 ,36 4 ,62 1
7637 3169.500000 817.500000 ,95 4 ,42 5 ,57 4
12654 3216.000000 861.000000 ,38 4 ,25 4 ,57 1 ,79 3 ,52 2 ,60 3
15363 3171.000000 832.500000 ,87 1 ,3 3
15524 3175.500000 811.500000 ,62 5 ,54 2 ,25 1
21617 3184.500000 849.000000 ,68 1 ,67 1 ,12 1
24466 3210.000000 838.500000 ,17 4 ,20 3
31241 3216.000000 807.000000 ,61 1
31879 3189.000000 853.500000 ,10 4 ,52 5 ,56 5 ,31 4 ,29 5 ,63 1
36872 3190.500000 873.000000 ,11 2 ,1 1 ,44 2 ,4 3 ,56 2 ,8 2
41936 3186.000000 825.000000 ,65 3 ,41 4 ,46 4 ,93 5 ,43 3 ,23 1
52200 3183.000000 810.000000 ,25 3 ,77 3
53551 3201.000000 810.000000 ,99 4 ,42 1
54026 3213.000000 829.500000 ,32 3 ,27 2 ,79 3 ,71 1 ,40 5 ,54 1
63054 3190.500000 850.500000 ,43 3 ,42 4 ,59 2 ,34 5
63673 3198.000000 843.000000 ,89 3 ,91 1 ,27 5 ,56 5
67590 3178.500000 846.000000 ,91 1
69127 3207.000000 828.000000 ,97 2 ,36 2 ,76 5
73205 3175.500000 805.500000 ,57 4 ,88 5 ,24 1 ,60 5 ,86 1 ,92 2
79211 3199.500000 807.000000 ,20 4 ,46 2 ,99 3 ,45 1 ,59 5
80867 3199.500000 805.500000 ,71 1 ,30 3
86398 3204.000000 853.500000 ,49 2 ,59 1
87670 3169.500000 871.500000 ,68 4 ,49 1 ,37 2
87793 3169.500000 867.000000 ,87 3 ,91 2 ,27 1 ,36 4 ,44 5
88575 3207.000000 847.500000 ,7 2 ,43 2 ,49 4
91899 3199.500000 841.500000 ,49 4 ,52 3 ,84 4 ,46 1 ,19 1 ,8 3
92907 3187.500000 870.000000 ,82 3
94179 3202.500000 832.500000 ,83 3 ,72 3 ,81 1 ,90 4
