4134 2802.000000 1455.000000 ,18 5 ,52 5 ,55 5 ,21 3 ,96 5 ,38 5
12967 2778.000000 1426.500000 ,84 5 ,94 1 ,70 2 ,34 2 ,55 4 ,25 3
14435 2785.500000 1432.500000 ,50 3 ,93 1 ,69 3
16841 2782.500000 1434.000000 ,30 1 ,83 3 ,70 2 ,46 2 ,95 1
17110 2815.500000 1449.000000 ,80 1
22307 2806.500000 1452.000000 ,44 1
29015 2818.500000 1461.000000 ,9 1 ,3 1 ,12 1 ,7 2 ,25 4
31174 2779.500000 1471.500000 ,0 3 ,36 1 ,96 4 ,70 5 ,34 5
47098 2781.000000 1431.000000 ,33 1 ,78 4 ,54 3 ,31 4 ,2 2
55478 2784.000000 1471.500000 ,10 3 ,85 4 ,35 2
57801 2802.000000 1459.500000 ,14 4
58937 2805.000000 1467.000000 ,70 5 ,50 1 ,35 4 ,82 2 ,13 4 ,24 1
59897 2809.500000 1423.500000 ,13 4
61810 2793.000000 1410.000000 ,63 3
61904 2809.500000 1465.500000 ,43 1 ,69 5 ,62 2
63432 2787.000000 1426.500000 ,20 4 ,64 5 ,54 3
65839 2809.500000 1426.500000 ,21 2 ,28 1
66973 2806.500000 1446.000000 ,98 4 ,21 2
67039 2776.500000 1446.000000 ,32 5 ,74 5 ,86 1 ,23 4
68006 2782.500000 1425.000000 ,66 3 ,41 5 ,45 5 ,4 3 ,24 5
73053 2817.000000 1408.500000 ,39 1 ,62 3 ,28 1 ,55 4
75073 2811.000000 1416.000000 ,27 1 ,89 1 ,64 4 ,19 2 ,45 1
76441 2823.000000 1431.000000 ,88 4 ,41 5 ,45 4 ,86 2 ,35 5 ,52 1
76907 2812.500000 1422.000000 ,41 5 ,74 2 ,86 5
82662 2818.500000 1411.500000 ,10 3 ,7 4
84006 2821.500000 1416.000000 ,23 5 ,71 1 ,58 5 ,84 2 ,18 5
95416 2806.500000 1471.500000 ,31 1 ,13 4 ,77 5
95451 2823.000000 1455.000000 ,88 2 ,79 4 ,23 1 ,97 2 ,21 3
