8145 3948.000000 2749.500000 ,60 5 ,36 1 ,96 4 ,73 4 ,57 4 ,19 2
11077 3957.000000 2773.500000 ,40 4 ,58 4 ,42 5 ,10 2 ,44 2
11132 3936.000000 2766.000000 ,36 3 ,7 3 ,52 1
12267 3939.000000 2781.000000 ,15 5
15391 3940.500000 2727.000000 ,78 2 ,68 5
21004 3937.500000 2752.500000 ,71 1 ,18 5
23057 3937.500000 2761.500000 ,12 3 ,74 5 ,24 3 ,98 4
24297 3945.000000 2779.500000 ,90 3 ,67 1
29340 3957.000000 2773.500000 ,71 4 ,27 5 ,95 4 ,58 3 ,12 4
30286 3946.500000 2781.000000 ,31 5 ,29 4 ,65 4 ,75 1 ,0 5
31023 3963.000000 2764.500000 ,88 2 ,52 2 ,17 2 ,55 3 ,63 1 ,82 1
41900 3942.000000 2751.000000 ,27 3 ,63 1 ,83 5 ,85 2 ,20 2
44014 3954.000000 2734.500000 ,46 5 ,82 3 ,41 4 ,28 1
55046 3955.500000 2775.000000 ,91 2 ,43 3 ,44 1 ,13 1 ,38 3 ,6 5
62526 3937.500000 2769.000000 ,23 1
64248 3945.000000 2769.000000 ,48 2
67438 3961.500000 2749.500000 ,32 3 ,49 3 ,61 1
67539 3960.000000 2755.500000 ,63 5 ,74 1 ,48 2 ,6 2
72117 3958.500000 2760.000000 ,79 5 ,12 1 ,8 4
86415 3964.500000 2748.000000 ,75 4 ,42 1 ,49 4 ,56 2 ,78 4
92199 3955.500000 2760.000000 ,75 4 ,79 3 ,63 1 ,15 4 ,21 1
92578 3957.000000 2739.000000 ,68 1 ,63 2 ,17 2 ,5 2 ,43 2 ,32 1
