1643 139.500000 2796.000000 ,49 1 ,67 5
1684 165.000000 2763.000000 ,48 5 ,33 2 ,79 1 ,69 5
2773 165.000000 2776.500000 ,92 4 ,89 2
10036 162.000000 2781.000000 ,61 1 ,64 3 ,32 2 ,59 5 ,51 2 ,96 1
11417 156.000000 2746.500000 ,83 4 ,97 5 ,30 5 ,58 5 ,62 3 ,15 2
12554 108.000000 2763.000000 ,18 1 ,0 4 ,48 2 ,19 2
15475 103.500000 2775.000000 ,58 4 ,55 4 ,43 4
15805 163.500000 2752.500000 ,34 3 ,26 5 ,39 4 ,80 1 ,63 5
16088 129.000000 2785.500000 ,99 5
16870 169.500000 2761.500000 ,72 4 ,22 3 ,23 3 ,58 3 ,31 1
18419 108.000000 2746.500000 ,45 4 ,74 2
18465 171.000000 2745.000000 ,77 5 ,96 2 ,98 2 ,68 3
23612 127.500000 2802.000000 ,53 2
34248 150.000000 2776.500000 ,2 1 ,18 5 ,5 4 ,6 5
35869 171.000000 2800.500000 ,62 5 ,19 4 ,76 2 ,7 1 ,57 1
36291 148.500000 2761.500000 ,58 5 ,62 5 ,56 3 ,57 5 ,67 1 ,20 5
37176 132.000000 2806.500000 ,97 3 ,55 2 ,4 1 ,74 4 ,39 3 ,28 4
45293 115.500000 2787.000000 ,19 3
46500 150.000000 2766.000000 ,17 5
48634 127.500000 2761.500000 ,73 4 ,87 2 ,85 5 ,47 5 ,79 2
58314 120.000000 2811.000000 ,3 2 ,36 5
58621 123.000000 2812.500000 ,23 2 ,93 4 ,10 2
61040 141.000000 2784.000000 ,10 4 ,53 4 ,23 4
61982 114.000000 2751.000000 ,3 3 ,20 4 ,23 1
62453 141.000000 2775.000000 ,91 2 ,12 1 ,43 5 ,72 3 ,36 4
62457 126.000000 2800.500000 ,53 1 ,24 4
67594 99.000000 2770.500000 ,77 4 ,49 2 ,0 4 ,56 2 ,12 5
69803 115.500000 2749.500000 ,58 3 ,4 2 ,2 3 ,21 3
71143 171.000000 2761.500000 ,87 1 ,46 5 ,59 2 ,4 1 ,10 2
71503 97.500000 2745.000000 ,46 4 ,47 2 ,53 5 ,80 2 ,61 3 ,20 1
74847 127.500000 2796.000000 ,17 5 ,55 5 ,12 1 ,36 3
76647 142.500000 2791.500000 ,86 4 ,81 5 ,85 3
79504 150.000000 2806.500000 ,15 2
81016 153.000000 2799.000000 ,6 1 ,52 5 ,94 5 ,58 5
