386 3157.500000 280.500000 ,7 2 ,82 3 ,90 1
5067 3184.500000 300.000000 ,9 4 ,74 4
6777 3129.000000 304.500000 ,64 3 ,85 4
8986 3160.500000 291.000000 ,36 1 ,60 4 ,1 5
13680 3166.500000 306.000000 ,35 2 ,63 5 ,47 5 ,77 4
22048 3184.500000 256.500000 ,46 4 ,80 1 ,76 2 ,4 4 ,87 5 ,9 2
22713 3174.000000 258.000000 ,8 4 ,88 5 ,25 1 ,77 3 ,44 2
22983 3145.500000 286.500000 ,79 5 ,98 1 ,6 1
23091 3156.000000 261.000000 ,45 3 ,8 3 ,40 5 ,85 2
23385 3135.000000 294.000000 ,70 5
35409 3130.500000 286.500000 ,43 5 ,57 3 ,16 1 ,98 5 ,84 4
40465 3162.000000 286.500000 ,45 3 ,27 5
44122 3133.500000 268.500000 ,52 4 ,51 2 ,82 2 ,78 3 ,22 3 ,81 3
44251 3129.000000 294.000000 ,75 1 ,79 2
50026 3180.000000 250.500000 ,77 5
53227 3174.000000 280.500000 ,17 4 ,94 5
53805 3166.500000 277.500000 ,64 5 ,66 1 ,13 3
54485 3166.500000 301.500000 ,42 4 ,56 5 ,68 4 ,15 2
55972 3151.500000 303.000000 ,45 4 ,71 5 ,25 2 ,8 2
57765 3160.500000 297.000000 ,95 2 ,12 2
58514 3156.000000 264.000000 ,60 4 ,97 5 ,40 2 ,15 1 ,0 3
76926 3186.000000 289.500000 ,63 5
78583 3136.500000 294.000000 ,56 4 ,27 1 ,13 3 ,30 2
80155 3166.500000 277.500000 ,8 3 ,70 1 ,38 3 ,0 4 ,78 3
80995 3133.500000 300.000000 ,67 4 ,61 1
82677 3141.000000 270.000000 ,28 1 ,78 1 ,58 3 ,71 5 ,24 3
83730 3121.500000 246.000000 ,14 5 ,44 4 ,40 2 ,49 3 ,83 1
83977 3177.000000 300.000000 ,11 4 ,88 5 ,14 2 ,53 3
85421 3135.000000 265.500000 ,43 4 ,0 5 ,77 2 ,13 4 ,84 4 ,8 2
92272 3123.000000 252.000000 ,12 3 ,16 1 ,0 4 ,45 1 ,2 3
94487 3168.000000 292.500000 ,68 2 ,46 4 ,7 3 ,75 2 ,52 5 ,65 1
94553 3163.500000 288.000000 ,98 5 ,29 4 ,7 1
94795 3150.000000 303.000000 ,16 1 ,10 4 ,59 2 ,5 2 ,69 4
