3324 3490.500000 2860.500000 ,49 1 ,58 3 ,68 2 ,81 5
5721 3510.000000 2823.000000 ,83 2 ,51 3 ,62 2 ,55 4 ,11 2
6752 3532.500000 2829.000000 ,69 5 ,88 5 ,63 1 ,27 4 ,13 2
7322 3541.500000 2863.500000 ,77 4 ,43 5 ,14 2 ,59 4
17809 3532.500000 2838.000000 ,76 3 ,0 2 ,77 4 ,13 2 ,90 3
27512 3468.000000 2863.500000 ,57 3 ,84 1 ,23 3 ,53 4 ,60 5
30057 3477.000000 2839.500000 ,69 4 ,29 2 ,98 5 ,87 3 ,62 4
31914 3532.500000 2845.500000 ,90 4 ,92 1 ,69 4 ,94 3
35195 3508.500000 2820.000000 ,70 2 ,32 1 ,46 4
36973 3493.500000 2860.500000 ,83 3 ,65 1
38190 3463.500000 2820.000000 ,73 4
40555 3481.500000 2859.000000 ,40 3 ,8 3 ,47 4 ,70 1
42948 3504.000000 2854.500000 ,40 1 ,98 5 ,42 3 ,12 1 ,17 2
43074 3507.000000 2829.000000 ,93 1 ,14 4 ,95 2 ,47 3
43864 3531.000000 2827.500000 ,46 5 ,1 2
45034 3490.500000 2862.000000 ,37 3
48800 3496.500000 2823.000000 ,75 1
50034 3537.000000 2854.500000 ,75 2 ,42 1 ,38 1 ,94 3 ,67 4
59789 3501.000000 2839.500000 ,49 1
61230 3480.000000 2824.500000 ,22 2 ,10 1 ,82 3 ,44 2 ,98 3 ,43 3
64096 3541.500000 2836.500000 ,89 5 ,69 3 ,70 1 ,53 3
66127 3460.500000 2824.500000 ,80 3 ,66 5 ,35 1
68294 3465.000000 2856.000000 ,22 5 ,16 3 ,36 5 ,57 1
70497 3460.500000 2857.500000 ,19 1 ,16 5 ,62 2 ,72 5 ,49 1 ,33 1
71253 3571.500000 2838.000000 ,25 3 ,62 5 ,81 5 ,91 2 ,94 1
71853 3570.000000 2835.000000 ,27 2 ,80 3 ,47 4 ,99 1
75152 3457.500000 2839.500000 ,30 2 ,34 3 ,90 2 ,97 1 ,38 5
75987 3544.500000 2859.000000 ,55 5 ,79 1 ,30 2 ,24 2
77199 3507.000000 2857.500000 ,92 1 ,70 1 ,14 2 ,59 2
78894 3456.000000 2823.000000 ,63 5 ,10 1 ,50 4
82665 3532.500000 2848.500000 ,93 4 ,89 4 ,13 3 ,22 2
83844 3549.000000 2818.500000 ,96 5 ,5 2 ,3 4 ,70 3 ,57 3
84473 3493.500000 2835.000000 ,75 5 ,79 4 ,24 1 ,29 4 ,58 4
86594 3463.500000 2833.500000 ,9 1 ,13 2 ,42 2 ,12 5
89290 3538.500000 2859.000000 ,73 2 ,48 5 ,92 2
90158 3456.000000 2844.000000 ,12 1 ,33 2 ,42 3 ,40 3 ,31 1 ,16 2
95534 3558.000000 2823.000000 ,78 2 ,19 4
98150 3574.500000 2847.000000 ,96 5 ,31 3 ,79 5 ,37 1
98652 3576.000000 2854.500000 ,3 4 ,32 3 ,42 1
99744 3495.000000 2862.000000 ,32 2 ,74 4 ,79 5 ,29 4 ,69 1 ,66 4
