12641 2559.000000 660.000000 ,90 4 ,97 4 ,39 2 ,92 5
14700 2596.500000 667.500000 ,66 5 ,58 5 ,7 4 ,19 1
22451 2589.000000 603.000000 ,9 2
37438 2565.000000 667.500000 ,37 3 ,62 1 ,60 2 ,64 3 ,98 5 ,39 5
43322 2575.500000 610.500000 ,78 3
43430 2589.000000 657.000000 ,60 1 ,88 5
45871 2566.500000 609.000000 ,73 4 ,14 2
48346 2604.000000 660.000000 ,38 5 ,44 3 ,50 5 ,56 4 ,0 3 ,13 3
63588 2572.500000 669.000000 ,20 5 ,22 1 ,45 1
67720 2568.000000 622.500000 ,69 2
67869 2605.500000 628.500000 ,81 1 ,43 4 ,90 2 ,44 5 ,12 4 ,64 2
69505 2583.000000 624.000000 ,14 2 ,53 3 ,77 1 ,43 5 ,92 3 ,42 1
72967 2583.000000 649.500000 ,74 4 ,86 1 ,46 4 ,77 3 ,76 2
73308 2584.500000 667.500000 ,41 2
74451 2553.000000 601.500000 ,37 1 ,81 3 ,6 3
75979 2596.500000 627.000000 ,37 3
76227 2568.000000 595.500000 ,48 1 ,66 3 ,85 1
76362 2592.000000 603.000000 ,85 1 ,44 3 ,89 4
76891 2599.500000 610.500000 ,81 3 ,17 1
77770 2578.500000 621.000000 ,51 2 ,72 3 ,58 2 ,33 2 ,96 4 ,87 1
79534 2560.500000 585.000000 ,9 3 ,87 3 ,30 4 ,4 1 ,92 3
79844 2602.500000 651.000000 ,97 4 ,99 3 ,32 1
82999 2560.500000 621.000000 ,6 5 ,23 5 ,49 5 ,75 3 ,29 2
84896 2566.500000 595.500000 ,85 2 ,45 1 ,36 1 ,78 3 ,44 5 ,83 2
86229 2595.000000 604.500000 ,90 4 ,85 1
87350 2580.000000 624.000000 ,75 3 ,97 3 ,76 5 ,51 1 ,53 4
92107 2568.000000 667.500000 ,59 4 ,99 2 ,8 4 ,62 5 ,60 5
