3934 1452.000000 1452.000000 ,81 2 ,66 1 ,43 3 ,86 2 ,13 1 ,93 2
4721 1461.000000 1426.500000 ,19 3 ,31 2 ,39 4 ,38 4
5311 1492.500000 1456.500000 ,12 3
7761 1462.500000 1446.000000 ,38 1 ,89 4 ,66 1 ,32 3
9157 1485.000000 1434.000000 ,0 2 ,29 2
11723 1467.000000 1473.000000 ,81 5 ,92 2 ,66 2 ,5 2 ,95 5 ,76 4
11790 1450.500000 1446.000000 ,48 2 ,37 3 ,95 3
12399 1480.500000 1488.000000 ,49 1 ,47 2 ,19 2 ,63 1 ,94 3
12790 1501.500000 1429.500000 ,47 4 ,25 4 ,55 3 ,88 4
19009 1479.000000 1423.500000 ,48 5 ,1 1 ,51 5 ,8 1
19581 1473.000000 1473.000000 ,48 1 ,37 3
20395 1495.500000 1455.000000 ,1 5 ,88 1
23983 1459.500000 1461.000000 ,89 4 ,91 4 ,63 1
24612 1480.500000 1513.500000 ,2 5 ,60 3
30385 1468.500000 1426.500000 ,78 5 ,21 2 ,94 3
35111 1446.000000 1465.500000 ,76 3 ,18 1 ,13 5
42517 1479.000000 1513.500000 ,77 4 ,78 5 ,15 3 ,4 2 ,58 4 ,74 5
44167 1488.000000 1449.000000 ,53 4 ,32 5 ,35 4 ,37 4 ,18 4 ,24 2
46134 1489.500000 1458.000000 ,28 1 ,24 2 ,84 5
51986 1500.000000 1446.000000 ,86 4
54217 1485.000000 1437.000000 ,57 5 ,6 3 ,90 4
54685 1494.000000 1501.500000 ,16 3 ,93 5 ,98 3 ,8 3 ,76 3 ,58 4
57545 1482.000000 1441.500000 ,77 4 ,72 3 ,95 1 ,30 2 ,35 5 ,36 2
61555 1485.000000 1428.000000 ,39 5 ,69 3 ,34 5 ,73 1
66609 1450.500000 1519.500000 ,96 3 ,29 5 ,55 4 ,4 5
66783 1498.500000 1450.500000 ,59 3 ,35 5 ,85 1
68218 1501.500000 1522.500000 ,17 4 ,46 2 ,86 3 ,59 4 ,48 3
68574 1474.500000 1428.000000 ,60 5 ,51 5 ,37 4 ,35 1 ,80 3 ,15 2
73094 1471.500000 1441.500000 ,68 2 ,32 5 ,31 2
74176 1476.000000 1494.000000 ,34 3 ,86 5 ,73 4 ,89 2
77019 1488.000000 1495.500000 ,46 3 ,19 4
78853 1498.500000 1500.000000 ,39 5 ,38 3 ,94 2 ,51 2 ,3 5
79108 1474.500000 1479.000000 ,8 5 ,70 3
80618 1483.500000 1515.000000 ,48 5 ,28 5 ,30 2 ,45 5 ,57 5 ,10 5
84203 1459.500000 1486.500000 ,81 3 ,0 4 ,29 3
89542 1471.500000 1489.500000 ,84 5 ,98 3 ,13 3 ,0 4
92386 1494.000000 1446.000000 ,76 2
95056 1494.000000 1456.500000 ,96 1 ,28 2
99439 1501.500000 1509.000000 ,15 2 ,69 4
99886 1498.500000 1429.500000 ,42 4 ,43 5 ,26 3 ,2 2 ,41 2 ,84 3
