3586 3432.000000 696.000000 ,55 5 ,81 1
4469 3424.500000 721.500000 ,16 1 ,79 4 ,3 3 ,17 4 ,47 3
5467 3360.000000 708.000000 ,81 1 ,5 5 ,72 2 ,78 1 ,34 2 ,65 4
10786 3429.000000 703.500000 ,71 2 ,37 2
11565 3412.500000 706.500000 ,51 2 ,64 1 ,73 2
13124 3441.000000 685.500000 ,13 4
13482 3418.500000 721.500000 ,33 5 ,85 1 ,62 1 ,55 5 ,40 3 ,2 2
14680 3424.500000 691.500000 ,77 4
19205 3360.000000 681.000000 ,79 3 ,2 4 ,63 4 ,65 4 ,68 5 ,86 3
19250 3420.000000 712.500000 ,84 1 ,75 5 ,26 4 ,17 1 ,13 3 ,22 1
24044 3376.500000 691.500000 ,62 1 ,64 2 ,28 2 ,53 1
25531 3429.000000 709.500000 ,79 4 ,57 1 ,15 3 ,17 5
28132 3439.500000 720.000000 ,73 3 ,70 1 ,40 4 ,48 3
33041 3420.000000 685.500000 ,5 4 ,55 3 ,19 5 ,84 5
38206 3375.000000 718.500000 ,47 3 ,67 2 ,51 1 ,4 3
41529 3363.000000 702.000000 ,89 4 ,30 2 ,34 5 ,3 5 ,11 4
43131 3343.500000 694.500000 ,10 1 ,74 3 ,0 4 ,69 2
44208 3394.500000 714.000000 ,24 4 ,7 5
45286 3433.500000 696.000000 ,56 3 ,46 5 ,37 2 ,11 2 ,64 2 ,79 4
46920 3364.500000 709.500000 ,85 4 ,72 1
47950 3432.000000 681.000000 ,49 2 ,2 5 ,30 5
49011 3381.000000 682.500000 ,98 3
51783 3421.500000 717.000000 ,46 4 ,50 4
57024 3372.000000 700.500000 ,38 5
59777 3420.000000 696.000000 ,47 2 ,49 4
61617 3378.000000 696.000000 ,40 4 ,84 2 ,11 1 ,28 3
62401 3447.000000 682.500000 ,11 2 ,25 3 ,19 4 ,31 1
63945 3415.500000 714.000000 ,99 3 ,44 3 ,69 5
66829 3418.500000 723.000000 ,17 4
69902 3382.500000 712.500000 ,37 2 ,78 5 ,71 3 ,91 1
70204 3387.000000 688.500000 ,29 3 ,20 5 ,42 5 ,99 1 ,59 2
76047 3388.500000 688.500000 ,10 4 ,61 5 ,74 5 ,44 1 ,13 2
77700 3355.500000 691.500000 ,5 4 ,42 5 ,6 4
80378 3357.000000 679.500000 ,76 2 ,98 4
80410 3352.500000 681.000000 ,1 4 ,56 1 ,86 1 ,14 4
80892 3385.500000 696.000000 ,50 4 ,9 4
86285 3432.000000 702.000000 ,66 1 ,52 3 ,17 2 ,97 4
88409 3430.500000 678.000000 ,75 2 ,17 5 ,55 4 ,43 1 ,86 3 ,30 4
93990 3424.500000 720.000000 ,65 4 ,13 1 ,42 2 ,91 2
