5109 2445.000000 6.000000 ,43 3 ,66 2 ,59 5 ,36 3 ,71 3
6700 2383.500000 21.000000 ,84 5 ,72 1 ,13 3
6855 2409.000000 28.500000 ,43 5 ,11 2 ,55 4 ,45 5
10198 2442.000000 25.500000 ,92 1 ,0 5 ,30 4
29833 2385.000000 12.000000 ,33 4
30633 2401.500000 19.500000 ,88 2 ,94 4 ,9 2 ,86 1
40032 2418.000000 24.000000 ,5 4
42631 2406.000000 16.500000 ,85 5 ,13 4 ,57 4 ,42 5 ,48 4 ,92 1
47867 2434.500000 25.500000 ,74 4 ,0 5 ,38 3 ,2 5 ,76 3
52684 2410.500000 22.500000 ,92 4 ,24 2
52986 2403.000000 0.000000 ,20 2 ,56 5 ,80 3
53491 2418.000000 1.500000 ,26 4
55255 2434.500000 27.000000 ,42 4 ,1 2 ,91 5 ,97 3 ,89 2 ,67 5
57640 2404.500000 9.000000 ,99 4 ,35 5 ,17 4 ,70 3 ,52 1 ,75 4
58294 2409.000000 33.000000 ,32 1
64926 2439.000000 31.500000 ,39 4 ,4 4 ,9 5
76557 2446.500000 22.500000 ,72 4 ,9 1 ,2 2 ,82 1
80484 2440.500000 31.500000 ,95 5 ,82 5 ,26 1 ,13 4
95841 2391.000000 1.500000 ,9 5 ,23 4 ,38 3
97133 2406.000000 4.500000 ,5 2 ,18 5 ,64 4 ,47 5 ,45 4 ,36 1
