409 1795.500000 1765.500000 ,2 4 ,12 1 ,59 4 ,48 2
759 1801.500000 1798.500000 ,38 1 ,22 3
3147 1810.500000 1773.000000 ,50 2 ,80 4 ,88 3 ,28 3 ,85 4
8850 1759.500000 1807.500000 ,20 3 ,31 1 ,18 3
12804 1777.500000 1777.500000 ,54 4 ,93 1 ,56 1 ,22 5
19976 1791.000000 1765.500000 ,4 1 ,70 2 ,5 1
21641 1809.000000 1782.000000 ,8 1 ,98 2 ,66 5 ,34 1 ,69 2 ,76 2
25911 1776.000000 1761.000000 ,88 4 ,59 1 ,92 5 ,86 3
26015 1779.000000 1765.500000 ,47 3 ,27 4 ,46 1
26281 1758.000000 1768.500000 ,38 5 ,80 1 ,6 2 ,37 4
26608 1812.000000 1767.000000 ,97 5 ,92 4 ,60 3 ,91 1
29857 1792.500000 1788.000000 ,24 3 ,6 4 ,80 2 ,20 1 ,25 2 ,58 1
31000 1767.000000 1792.500000 ,37 2
31109 1812.000000 1794.000000 ,50 4
32102 1789.500000 1762.500000 ,20 3 ,40 5 ,10 5
32134 1768.500000 1773.000000 ,43 5 ,94 5
42792 1797.000000 1801.500000 ,43 1 ,15 2 ,27 2 ,42 2
49361 1777.500000 1804.500000 ,23 4
54690 1759.500000 1732.500000 ,12 2 ,20 4 ,10 1 ,54 3 ,26 1 ,34 1
56542 1762.500000 1726.500000 ,16 2 ,11 3 ,97 3 ,1 2 ,54 5
56980 1758.000000 1779.000000 ,6 1 ,72 4 ,29 4
58356 1804.500000 1731.000000 ,34 2 ,16 1 ,85 4 ,29 2
65667 1755.000000 1723.500000 ,3 1 ,76 2 ,88 4 ,49 1 ,59 2
68428 1773.000000 1770.000000 ,39 3
70406 1755.000000 1782.000000 ,79 4
73728 1780.500000 1803.000000 ,6 3 ,73 5 ,54 5 ,94 4 ,92 4 ,46 4
74486 1807.500000 1794.000000 ,68 5 ,48 1 ,9 1 ,79 2
78860 1794.000000 1794.000000 ,81 4 ,24 5 ,41 5 ,78 2
78885 1788.000000 1749.000000 ,16 5 ,74 1 ,90 4 ,11 1 ,62 4
81537 1776.000000 1810.500000 ,42 3 ,72 2 ,4 5 ,40 5
82261 1795.500000 1764.000000 ,98 3 ,12 3 ,27 2
82748 1761.000000 1753.500000 ,26 5 ,31 4 ,63 4 ,67 4 ,64 3 ,19 5
92236 1779.000000 1788.000000 ,51 3 ,11 3 ,36 1
93350 1791.000000 1735.500000 ,61 5 ,26 4 ,55 1
96774 1786.500000 1740.000000 ,59 1 ,48 3 ,35 4 ,27 5 ,77 5
96934 1780.500000 1780.500000 ,6 5 ,18 4 ,45 3
