4797 4248.000000 690.000000 ,33 1 ,1 5 ,42 5 ,9 1
4808 4254.000000 655.500000 ,62 5 ,86 5 ,31 4 ,28 4 ,29 5 ,54 2
7476 4251.000000 679.500000 ,62 4 ,3 2 ,95 4 ,29 2
14009 4264.500000 672.000000 ,25 3 ,40 2 ,60 2 ,57 2 ,16 3 ,18 4
15447 4258.500000 684.000000 ,92 4
16123 4273.500000 685.500000 ,22 1 ,12 3
17798 4261.500000 654.000000 ,13 5 ,90 4 ,62 5 ,53 2 ,11 4 ,95 3
20529 4234.500000 663.000000 ,96 4 ,35 5 ,5 2 ,37 4 ,75 5 ,30 3
28177 4288.500000 678.000000 ,59 3 ,20 5 ,2 5 ,37 2
28449 4249.500000 666.000000 ,89 5 ,22 3 ,54 4 ,29 1 ,35 3 ,16 4
30287 4273.500000 694.500000 ,27 4 ,54 1 ,95 1 ,26 1 ,71 5
34398 4284.000000 678.000000 ,4 4 ,92 5 ,35 5 ,40 3
50986 4285.500000 693.000000 ,86 3 ,32 2 ,99 5 ,60 1 ,27 1
51247 4264.500000 660.000000 ,45 2 ,74 2 ,17 4 ,54 3 ,60 2
56393 4230.000000 670.500000 ,63 1
60984 4230.000000 667.500000 ,20 2 ,42 2 ,11 4
65287 4257.000000 658.500000 ,87 3 ,83 1 ,44 4 ,65 3 ,79 3
65437 4270.500000 670.500000 ,52 1 ,48 1 ,9 5 ,8 2 ,0 2 ,68 3
72095 4239.000000 660.000000 ,40 4 ,21 4 ,72 2
86640 4264.500000 688.500000 ,82 3
94035 4279.500000 664.500000 ,39 3 ,90 1 ,65 4 ,37 5 ,63 2
