1682 2058.000000 637.500000 ,94 3
2865 2052.000000 618.000000 ,41 1
6926 2038.500000 597.000000 ,26 3 ,50 1 ,82 4 ,83 5 ,20 3 ,23 2
8157 2074.500000 592.500000 ,32 3 ,96 1 ,42 1 ,55 1
9655 2077.500000 600.000000 ,9 5 ,64 2 ,83 4 ,13 1
12849 2061.000000 594.000000 ,4 1 ,16 4 ,49 3
13232 2047.500000 583.500000 ,79 2 ,56 4 ,76 5 ,70 5
15723 2043.000000 573.000000 ,58 2
24686 2058.000000 613.500000 ,27 2 ,74 2 ,81 1 ,14 4 ,98 3
28845 2062.500000 643.500000 ,66 2 ,62 1 ,82 1 ,21 1 ,29 1 ,36 5
31274 2034.000000 625.500000 ,96 2 ,3 4 ,44 4 ,60 2 ,70 1
32384 2065.500000 597.000000 ,15 3 ,86 4
39026 2043.000000 631.500000 ,86 4 ,23 4 ,17 2 ,82 4
40187 2052.000000 592.500000 ,15 2 ,46 5 ,0 5 ,25 5
44056 2071.500000 625.500000 ,58 1 ,18 4 ,87 2
44854 2059.500000 613.500000 ,85 2 ,36 4 ,81 3 ,70 3 ,35 5 ,2 5
46029 2056.500000 640.500000 ,70 2 ,3 4 ,83 2 ,11 2
51606 2034.000000 627.000000 ,11 4 ,48 2 ,13 3
53457 2082.000000 610.500000 ,49 3 ,24 4 ,96 4 ,23 1 ,16 2 ,33 5
54154 2035.500000 579.000000 ,34 5
55233 2038.500000 636.000000 ,73 3 ,12 2 ,96 1
55472 2065.500000 610.500000 ,34 1 ,53 3 ,69 1 ,86 4 ,99 4
59193 2037.000000 622.500000 ,85 1 ,7 1 ,19 1 ,89 3 ,95 2
59557 2065.500000 573.000000 ,77 3 ,91 4 ,33 5 ,52 3
59680 2070.000000 631.500000 ,69 4 ,34 3 ,23 3 ,14 3
59840 2043.000000 589.500000 ,61 5
63462 2073.000000 646.500000 ,53 2 ,99 4 ,14 5
67608 2061.000000 627.000000 ,88 2 ,79 3 ,26 3 ,1 4
68365 2047.500000 606.000000 ,18 2 ,1 3 ,51 5 ,78 4 ,54 4 ,3 3
75526 2085.000000 579.000000 ,44 5 ,28 1
78521 2061.000000 628.500000 ,66 2 ,6 5
80739 2037.000000 652.500000 ,10 5 ,98 4 ,38 1 ,62 1
81366 2053.500000 594.000000 ,92 3 ,72 1 ,78 1 ,60 4
81740 2071.500000 598.500000 ,58 5 ,38 3 ,99 5 ,36 2
84557 2047.500000 610.500000 ,69 3 ,39 5
86228 2070.000000 571.500000 ,88 4 ,23 1 ,60 2 ,78 4 ,98 4
97174 2068.500000 583.500000 ,69 1 ,12 2 ,33 4 ,27 2 ,29 3
98424 2082.000000 639.000000 ,15 1 ,19 1
