4288 4225.500000 681.000000 ,90 2 ,31 2
5387 4152.000000 693.000000 ,74 5 ,78 2 ,76 5
7997 4183.500000 675.000000 ,96 2 ,28 5 ,12 2 ,66 2
9069 4189.500000 691.500000 ,33 5 ,68 1 ,96 5 ,41 4
9911 4131.000000 612.000000 ,36 3 ,37 1 ,1 2 ,51 5
11128 4195.500000 616.500000 ,73 1 ,38 5 ,50 5 ,70 2
11428 4215.000000 655.500000 ,34 5 ,28 3
13653 4132.500000 658.500000 ,10 5 ,92 1 ,69 2
13685 4180.500000 667.500000 ,11 1 ,50 2 ,30 3 ,27 1 ,64 2 ,72 2
14607 4126.500000 595.500000 ,32 5 ,78 4 ,6 3 ,83 5
15381 4221.000000 678.000000 ,75 2 ,47 3 ,86 3 ,73 1 ,61 5 ,96 1
16629 4224.000000 625.500000 ,24 1 ,5 5 ,35 4 ,54 2 ,58 3 ,15 3
26304 4161.000000 696.000000 ,50 3 ,66 5 ,34 4 ,6 5 ,76 3 ,74 5
29906 4218.000000 693.000000 ,68 2
37110 4149.000000 690.000000 ,83 4 ,27 2
37119 4164.000000 678.000000 ,67 5 ,85 5 ,32 3
38087 4128.000000 661.500000 ,49 2 ,45 1 ,61 1 ,91 3 ,59 1 ,75 4
40236 4140.000000 657.000000 ,33 2 ,27 3 ,59 5 ,44 3 ,83 4
52041 4195.500000 669.000000 ,65 1
54806 4225.500000 672.000000 ,10 4 ,23 5 ,79 4 ,70 4
55597 4162.500000 664.500000 ,47 2 ,97 3 ,82 4 ,63 4 ,36 3 ,3 2
56781 4168.500000 687.000000 ,28 1
59773 4197.000000 697.500000 ,94 3 ,25 1 ,81 1 ,14 3 ,60 1
60813 4161.000000 685.500000 ,83 5
66356 4182.000000 681.000000 ,90 5 ,60 4 ,71 4
66867 4212.000000 688.500000 ,56 3 ,51 5 ,8 4
70409 4158.000000 673.500000 ,90 4 ,68 5 ,86 5
71685 4198.500000 666.000000 ,1 5 ,57 4 ,89 5 ,54 4 ,10 4 ,38 4
74266 4200.000000 696.000000 ,44 4 ,54 2 ,30 2 ,14 2 ,68 2
77661 4216.500000 670.500000 ,31 5
79830 4174.500000 661.500000 ,79 2 ,39 3 ,33 4 ,93 2 ,60 4 ,58 1
80811 4141.500000 673.500000 ,39 2 ,27 4 ,19 2 ,21 3 ,24 5
80970 4186.500000 655.500000 ,94 1 ,61 3 ,25 5
81073 4210.500000 663.000000 ,27 2 ,59 5 ,51 2 ,53 1
83852 4149.000000 672.000000 ,60 4 ,68 4 ,35 3 ,69 4 ,51 3 ,4 4
83975 4176.000000 655.500000 ,11 1 ,39 2
85413 4170.000000 681.000000 ,71 5 ,69 3 ,27 3 ,7 4 ,67 2
85575 4212.000000 655.500000 ,42 1 ,66 4 ,29 2 ,99 3 ,89 2
87755 4221.000000 654.000000 ,27 2 ,71 5 ,53 5 ,38 5 ,55 4
90997 4143.000000 676.500000 ,0 3 ,60 3
