2694 1653.000000 2254.500000 ,47 3 ,92 2 ,28 1 ,84 4 ,18 5 ,79 2
3037 1660.500000 2220.000000 ,97 5
3430 1641.000000 2235.000000 ,52 1
9733 1636.500000 2238.000000 ,17 5
10783 1660.500000 2239.500000 ,73 2 ,14 4 ,40 2 ,41 2
12661 1633.500000 2209.500000 ,39 4 ,70 2 ,86 5 ,95 3 ,6 4
17442 1657.500000 2265.000000 ,81 1 ,87 1 ,51 1
23538 1636.500000 2209.500000 ,21 1 ,22 4 ,43 2 ,15 3
29008 1627.500000 2239.500000 ,75 1
33306 1651.500000 2199.000000 ,36 4
33907 1657.500000 2235.000000 ,43 3 ,45 5 ,44 5 ,35 2 ,0 5 ,36 2
38902 1656.000000 2220.000000 ,88 3 ,17 5 ,39 4 ,36 3 ,76 3 ,67 4
44269 1660.500000 2232.000000 ,14 4 ,58 3 ,59 3 ,23 2 ,9 2 ,87 2
47623 1636.500000 2227.500000 ,43 4 ,6 1 ,66 4 ,25 3 ,38 2 ,73 2
50922 1653.000000 2262.000000 ,46 1 ,13 5 ,27 2 ,61 5
53258 1636.500000 2214.000000 ,18 3 ,79 2 ,80 1
54393 1642.500000 2247.000000 ,79 3 ,39 1
56282 1651.500000 2250.000000 ,48 5 ,62 1 ,85 4
60875 1629.000000 2223.000000 ,79 3 ,32 3 ,62 4
68988 1650.000000 2200.500000 ,30 1 ,73 1 ,16 3 ,64 3 ,59 5
76252 1660.500000 2199.000000 ,4 4 ,58 1
79500 1630.500000 2226.000000 ,8 5 ,11 3 ,15 1
79760 1636.500000 2266.500000 ,30 5 ,67 4 ,46 4 ,97 2
81368 1639.500000 2250.000000 ,60 1
82977 1648.500000 2259.000000 ,58 1
85215 1632.000000 2235.000000 ,54 1 ,42 4 ,9 5
93196 1629.000000 2212.500000 ,6 3 ,24 4 ,58 5 ,79 3 ,54 1
95318 1629.000000 2263.500000 ,11 3 ,63 1 ,66 2 ,88 4 ,76 4
95836 1644.000000 2235.000000 ,55 5 ,82 4 ,47 5 ,58 2 ,84 2 ,86 4
98205 1615.500000 2205.000000 ,90 1 ,3 2 ,80 4 ,30 1 ,31 4 ,9 2
