5455 1560.000000 2968.500000 ,13 5 ,53 2 ,24 1 ,97 4 ,15 4 ,87 4
6886 1549.500000 2970.000000 ,91 3
10064 1534.500000 2986.500000 ,3 3
17824 1531.500000 2991.000000 ,75 5 ,13 3 ,70 5 ,24 1 ,1 5 ,60 4
18057 1528.500000 2973.000000 ,42 5 ,14 5 ,85 5 ,48 3 ,72 1
18612 1561.500000 2988.000000 ,67 4 ,8 3 ,78 5 ,96 4 ,79 2 ,27 1
19672 1545.000000 2991.000000 ,23 5 ,63 5 ,19 2
27101 1564.500000 2964.000000 ,22 3
28342 1534.500000 2940.000000 ,0 4
33797 1552.500000 2971.500000 ,2 5 ,78 3
40579 1530.000000 2974.500000 ,6 5 ,46 4 ,53 4
62661 1560.000000 2953.500000 ,99 4 ,30 1 ,33 5 ,62 5 ,17 2
65371 1563.000000 2971.500000 ,92 5 ,69 5 ,3 3 ,80 1 ,57 2
77551 1533.000000 2997.000000 ,33 3 ,57 2 ,75 4 ,35 2
78771 1554.000000 2952.000000 ,8 2
80840 1546.500000 2976.000000 ,45 4 ,65 5 ,56 4 ,95 1 ,4 3
89961 1554.000000 2950.500000 ,57 5
92973 1536.000000 2941.500000 ,45 2 ,58 4
93351 1528.500000 2970.000000 ,57 4 ,71 5 ,17 2 ,41 1
94738 1534.500000 2967.000000 ,34 5 ,41 2 ,55 5
97826 1543.500000 2991.000000 ,36 1 ,57 1 ,60 1
