8094 817.500000 19.500000 ,39 1 ,0 1
12054 849.000000 51.000000 ,23 3 ,18 4 ,77 3
15305 846.000000 34.500000 ,39 4 ,59 5 ,81 1
19615 811.500000 64.500000 ,64 3 ,73 4
23131 808.500000 12.000000 ,96 2 ,88 5 ,65 1
26682 841.500000 16.500000 ,50 5 ,22 3 ,70 4
27536 811.500000 67.500000 ,36 4 ,84 1 ,69 4 ,6 4 ,62 2
27823 855.000000 43.500000 ,73 5 ,86 3 ,79 4 ,76 3
28065 840.000000 54.000000 ,95 3 ,92 1 ,79 3 ,33 4 ,43 3 ,8 3
35327 817.500000 55.500000 ,61 1 ,41 3 ,95 3 ,58 5
36154 838.500000 10.500000 ,4 3 ,98 4 ,59 1
36534 844.500000 27.000000 ,96 3 ,7 5 ,55 3
38404 808.500000 49.500000 ,92 5
41974 816.000000 21.000000 ,26 4
45450 840.000000 3.000000 ,8 1 ,10 5 ,40 5 ,28 2 ,87 2 ,48 5
46211 810.000000 34.500000 ,68 3 ,89 3 ,62 5 ,19 3
47659 840.000000 42.000000 ,57 5 ,88 3 ,38 4 ,74 5
49091 823.500000 60.000000 ,25 4 ,43 5 ,48 1 ,85 5 ,49 3 ,46 2
52454 819.000000 40.500000 ,55 4 ,10 5 ,87 2
55874 814.500000 27.000000 ,39 1
62593 810.000000 30.000000 ,4 3
62832 825.000000 46.500000 ,57 3 ,56 3 ,4 4 ,24 1 ,73 5 ,20 1
63223 805.500000 12.000000 ,70 4 ,21 1 ,49 5
64953 853.500000 58.500000 ,26 1 ,96 3 ,24 4 ,56 4 ,40 3
65673 810.000000 66.000000 ,6 5 ,5 3 ,70 2 ,20 5 ,19 1
75715 844.500000 22.500000 ,5 3 ,36 5 ,76 5 ,57 4 ,62 5
75800 847.500000 7.500000 ,98 2
78435 817.500000 72.000000 ,65 1 ,95 2
85690 802.500000 40.500000 ,94 2
86622 802.500000 46.500000 ,13 2 ,88 1
92182 811.500000 19.500000 ,92 5 ,9 3 ,81 4
93983 817.500000 75.000000 ,86 4 ,55 4 ,53 4 ,31 4 ,45 4 ,77 3
94164 843.000000 34.500000 ,58 1
