5103 3244.500000 1677.000000 ,82 4 ,77 4 ,37 4 ,65 1 ,72 2
5636 3265.500000 1702.500000 ,83 4
7383 3288.000000 1693.500000 ,0 1 ,59 5
7972 3297.000000 1684.500000 ,15 4 ,97 2 ,66 4 ,90 2
10906 3261.000000 1683.000000 ,88 1 ,84 1 ,10 2
13897 3255.000000 1723.500000 ,71 2 ,15 3 ,82 3 ,92 3
15046 3261.000000 1708.500000 ,71 1 ,4 5 ,43 1 ,0 4 ,22 1 ,20 4
18874 3276.000000 1722.000000 ,6 3
25927 3261.000000 1690.500000 ,89 2 ,14 3 ,12 3 ,32 4
27756 3297.000000 1686.000000 ,35 2
27801 3259.500000 1702.500000 ,74 1 ,26 2 ,95 3
28918 3292.500000 1717.500000 ,16 5 ,48 3 ,41 4 ,65 3
29894 3246.000000 1675.500000 ,53 2 ,55 5 ,16 3 ,38 1
30583 3286.500000 1680.000000 ,12 3 ,62 2 ,31 5 ,94 5
34525 3261.000000 1702.500000 ,47 5
35437 3271.500000 1678.500000 ,72 3 ,96 4 ,43 4
36507 3256.500000 1674.000000 ,72 1
43964 3223.500000 1675.500000 ,12 2 ,85 4 ,42 1
45929 3225.000000 1725.000000 ,79 2 ,99 5 ,31 4 ,30 3 ,92 2 ,88 4
48494 3244.500000 1722.000000 ,26 2 ,57 1 ,22 5 ,11 2
50420 3295.500000 1720.500000 ,0 4 ,35 4 ,70 2 ,67 2 ,80 3 ,3 1
67189 3241.500000 1675.500000 ,81 3 ,54 1 ,57 1
69729 3252.000000 1695.000000 ,35 1 ,25 2
81952 3265.500000 1711.500000 ,94 4 ,76 5 ,74 2 ,77 2 ,86 3 ,13 2
83715 3274.500000 1705.500000 ,27 5
83948 3253.500000 1705.500000 ,48 4 ,21 3
86624 3264.000000 1698.000000 ,28 4 ,74 2 ,17 4 ,57 5 ,3 3 ,69 4
96141 3297.000000 1710.000000 ,56 4 ,73 2 ,86 2 ,23 3 ,18 3
96147 3298.500000 1699.500000 ,24 4 ,64 5 ,58 5
96783 3291.000000 1707.000000 ,28 5 ,20 5 ,40 5 ,16 2 ,24 3
98653 3271.500000 1672.500000 ,6 4 ,93 1 ,45 4 ,41 5 ,2 1
98928 3246.000000 1729.500000 ,57 5 ,93 2
