1488 3838.500000 696.000000 ,80 3 ,23 2
4864 3874.500000 735.000000 ,82 2 ,35 1 ,63 4 ,43 5 ,99 2 ,14 5
6054 3832.500000 697.500000 ,14 4
8046 3849.000000 712.500000 ,62 5 ,25 4 ,24 2 ,10 1
13885 3891.000000 748.500000 ,14 4
15933 3849.000000 705.000000 ,5 2 ,48 1
16723 3868.500000 726.000000 ,73 5 ,31 3 ,97 4 ,6 4 ,50 4 ,5 5
18062 3837.000000 741.000000 ,98 4 ,87 4 ,29 5
18623 3876.000000 744.000000 ,68 5 ,70 5 ,95 1 ,82 2 ,93 4 ,6 2
24505 3882.000000 738.000000 ,43 5 ,7 2 ,27 4 ,19 4 ,97 4 ,81 4
25073 3889.500000 756.000000 ,26 4 ,16 2 ,57 5 ,71 2 ,73 2 ,39 4
29729 3876.000000 748.500000 ,23 3 ,89 1 ,87 1
31211 3891.000000 756.000000 ,11 4 ,31 5 ,18 1 ,29 4
39566 3885.000000 745.500000 ,78 1 ,80 2 ,75 1 ,8 4 ,89 4
40358 3865.500000 706.500000 ,34 2
42612 3862.500000 732.000000 ,98 5 ,41 5 ,20 3 ,27 2 ,77 1 ,52 4
42625 3891.000000 751.500000 ,81 5 ,33 1 ,31 2 ,88 2 ,62 1 ,80 5
43200 3889.500000 757.500000 ,59 5 ,40 1
46604 3894.000000 736.500000 ,70 5 ,15 3 ,3 5
51537 3859.500000 714.000000 ,88 4 ,55 1 ,5 4 ,24 3
52838 3852.000000 753.000000 ,36 3 ,83 5 ,34 4 ,47 1 ,43 3 ,10 4
56850 3858.000000 732.000000 ,8 1 ,99 3 ,24 1
58291 3892.500000 721.500000 ,8 1 ,27 3 ,78 4 ,4 4
58915 3883.500000 711.000000 ,32 4 ,97 2 ,29 3 ,52 2 ,35 5
62037 3876.000000 751.500000 ,89 4 ,97 3 ,19 4 ,84 4 ,16 1 ,51 4
70065 3894.000000 717.000000 ,91 5 ,27 1 ,59 4 ,98 5 ,44 2 ,0 3
78102 3888.000000 709.500000 ,13 5 ,37 5 ,72 3 ,70 5 ,29 4 ,34 2
95133 3855.000000 753.000000 ,88 5 ,60 1 ,21 2 ,16 3 ,39 5
