1292 967.500000 208.500000 ,98 1
2895 949.500000 198.000000 ,23 5 ,60 1
4254 922.500000 172.500000 ,34 1 ,2 2 ,28 1
4627 909.000000 201.000000 ,72 3 ,5 3 ,78 1 ,79 2 ,47 1
14958 966.000000 172.500000 ,72 1 ,98 5 ,91 3 ,19 4 ,48 5
16439 955.500000 172.500000 ,16 5 ,33 5 ,45 4 ,1 5 ,56 5 ,55 5
17073 963.000000 174.000000 ,7 3
18076 966.000000 178.500000 ,91 5 ,94 5
23012 960.000000 187.500000 ,36 2
24144 963.000000 184.500000 ,21 4 ,54 1 ,32 2 ,81 1 ,51 1
27909 963.000000 207.000000 ,15 3 ,73 1 ,91 2 ,25 2 ,72 1
31943 934.500000 169.500000 ,46 1 ,50 2 ,60 1 ,52 4 ,65 1 ,74 3
33242 954.000000 178.500000 ,6 3 ,49 1 ,44 5 ,17 5 ,25 2
37134 913.500000 196.500000 ,73 5 ,67 4 ,6 4 ,76 4
46709 933.000000 189.000000 ,17 4 ,46 5 ,96 2 ,86 4 ,56 2 ,65 2
51999 943.500000 193.500000 ,90 1
58233 921.000000 175.500000 ,77 1 ,33 1
58424 930.000000 186.000000 ,63 5 ,4 1 ,93 4
60747 931.500000 208.500000 ,90 2 ,54 1
62418 934.500000 201.000000 ,43 1
65714 910.500000 168.000000 ,98 5 ,33 5
77644 913.500000 186.000000 ,32 4 ,1 1 ,55 5 ,85 4 ,43 5
78914 969.000000 196.500000 ,12 5
79010 955.500000 196.500000 ,34 2 ,7 4 ,58 3 ,50 4 ,62 2 ,92 5
85736 952.500000 177.000000 ,5 2 ,53 5 ,98 1 ,14 5 ,35 5
89073 907.500000 196.500000 ,67 3 ,46 4
94543 928.500000 187.500000 ,31 1 ,64 2
95637 924.000000 166.500000 ,39 1
96235 934.500000 193.500000 ,28 5 ,32 4 ,22 1 ,71 5 ,63 1
98458 922.500000 205.500000 ,17 5 ,63 5 ,84 2 ,14 3 ,5 2 ,65 3
