389 142.500000 310.500000 ,55 3 ,92 2 ,20 4
4997 133.500000 307.500000 ,17 1
7673 103.500000 283.500000 ,42 4 ,60 3 ,49 1 ,9 3 ,97 2 ,90 1
14883 87.000000 315.000000 ,65 5 ,57 5 ,83 3 ,13 4 ,91 5 ,35 3
19485 102.000000 307.500000 ,2 5 ,29 3 ,79 3 ,12 5 ,64 2 ,83 2
23772 108.000000 309.000000 ,39 1 ,30 1 ,82 2 ,29 5 ,94 3 ,37 1
27503 135.000000 283.500000 ,53 2
31683 103.500000 306.000000 ,35 2 ,17 1 ,12 5 ,80 4 ,33 1 ,63 1
50416 85.500000 316.500000 ,47 3 ,83 3 ,3 1
50963 141.000000 316.500000 ,92 5 ,45 5 ,78 5
60870 105.000000 309.000000 ,57 4 ,51 3 ,17 1 ,52 2 ,63 5 ,19 4
74256 142.500000 286.500000 ,85 4 ,35 2 ,63 5 ,14 5 ,39 5
77579 117.000000 310.500000 ,78 2 ,9 1 ,42 1 ,20 3 ,58 3
83346 114.000000 294.000000 ,27 2 ,49 5 ,9 5
85321 105.000000 294.000000 ,22 3
92140 99.000000 307.500000 ,24 4 ,29 1 ,93 1 ,73 5 ,78 1 ,10 2
98755 87.000000 300.000000 ,6 5 ,85 2 ,23 1 ,22 1
