205 1387.500000 2184.000000 ,39 1 ,53 4 ,29 1 ,13 5 ,59 1 ,16 5
7445 1351.500000 2158.500000 ,78 5 ,65 4 ,33 2
12129 1360.500000 2139.000000 ,71 3 ,39 5 ,69 2 ,40 5
12354 1378.500000 2137.500000 ,33 4 ,26 2 ,34 2 ,7 5 ,13 5
17825 1395.000000 2146.500000 ,4 3
20029 1375.500000 2178.000000 ,8 5 ,85 5
23970 1351.500000 2169.000000 ,15 5 ,39 4 ,94 4
27904 1365.000000 2178.000000 ,63 2 ,99 5 ,6 4 ,23 4 ,58 4
40286 1390.500000 2178.000000 ,93 3 ,40 5 ,69 2 ,95 2
40357 1399.500000 2182.500000 ,63 2 ,45 1 ,96 5 ,37 4
42301 1359.000000 2164.500000 ,27 5
44140 1345.500000 2151.000000 ,70 3
52237 1380.000000 2175.000000 ,21 1 ,16 5 ,79 1 ,7 1 ,41 5
55549 1359.000000 2190.000000 ,61 4 ,23 4 ,25 3 ,76 5 ,6 4 ,86 4
55836 1371.000000 2157.000000 ,21 1
62529 1360.500000 2143.500000 ,67 5 ,3 2 ,20 1 ,17 4 ,40 4 ,48 5
64653 1351.500000 2155.500000 ,91 1 ,1 5
65013 1354.500000 2173.500000 ,70 5 ,67 2 ,45 1
78292 1390.500000 2190.000000 ,87 2 ,0 2
81836 1365.000000 2188.500000 ,94 3 ,55 5 ,13 1 ,5 3 ,28 1
90572 1365.000000 2181.000000 ,24 5 ,44 3 ,61 4 ,79 4 ,14 2 ,23 4
92028 1360.500000 2137.500000 ,73 2 ,85 1 ,34 2
