3325 1561.500000 819.000000 ,90 3 ,75 3
3362 1554.000000 816.000000 ,1 1 ,85 2 ,98 3 ,64 3 ,2 3
7301 1552.500000 870.000000 ,78 4 ,97 1 ,72 1 ,68 3 ,12 5 ,3 1
16573 1566.000000 835.500000 ,83 1 ,10 1 ,27 1 ,8 1 ,79 1
25746 1561.500000 814.500000 ,51 1 ,20 1 ,78 2 ,94 2
33851 1578.000000 814.500000 ,69 3 ,33 5
40908 1575.000000 849.000000 ,80 2
45577 1551.000000 879.000000 ,50 2 ,28 3 ,90 4
50052 1569.000000 870.000000 ,19 4 ,55 1 ,50 2 ,40 3
59658 1563.000000 861.000000 ,95 1 ,21 5
59915 1570.500000 817.500000 ,60 5
60935 1573.500000 837.000000 ,71 5 ,43 3 ,89 4
64239 1567.500000 829.500000 ,31 2 ,13 5 ,30 4 ,78 1 ,83 3
65690 1576.500000 847.500000 ,29 3 ,3 5
68403 1560.000000 820.500000 ,1 5 ,80 4 ,57 2 ,82 5
74537 1563.000000 844.500000 ,39 2
77603 1567.500000 819.000000 ,86 4
86955 1564.500000 885.000000 ,14 5
87265 1560.000000 871.500000 ,57 4
90422 1555.500000 861.000000 ,42 1 ,80 3 ,74 2 ,72 1 ,89 4
95466 1560.000000 853.500000 ,55 4 ,43 4 ,68 1
95723 1563.000000 882.000000 ,2 3 ,84 4
