133 2998.500000 117.000000 ,33 1
2451 3036.000000 153.000000 ,25 2 ,73 4 ,10 1
3030 3022.500000 126.000000 ,6 3
6749 3021.000000 172.500000 ,81 1
6836 3030.000000 124.500000 ,99 3 ,45 2
23069 3012.000000 100.500000 ,96 4 ,85 3
25447 2998.500000 97.500000 ,19 4 ,83 3
26927 3040.500000 94.500000 ,62 3 ,89 2
28781 3009.000000 99.000000 ,72 3
29745 3025.500000 91.500000 ,22 4 ,99 2 ,42 1 ,53 1 ,71 2 ,74 1
32049 3028.500000 123.000000 ,29 1 ,60 4 ,62 5
33665 3039.000000 177.000000 ,21 5 ,94 3 ,76 1 ,98 2 ,59 2 ,48 5
36381 3024.000000 108.000000 ,26 4 ,53 3 ,81 4 ,59 4
39451 3042.000000 141.000000 ,15 3 ,76 4
42656 3021.000000 90.000000 ,94 2 ,33 5 ,27 3 ,21 4 ,53 4 ,59 2
53727 2998.500000 144.000000 ,65 5 ,14 4 ,26 4 ,55 5 ,59 1 ,1 4
61706 3001.500000 114.000000 ,27 2 ,43 4 ,81 5
62073 3000.000000 109.500000 ,44 5 ,13 4 ,81 4
70760 2998.500000 99.000000 ,96 3
72992 3004.500000 97.500000 ,17 2 ,5 3 ,97 2 ,75 4 ,67 5 ,48 4
75945 2992.500000 177.000000 ,30 2 ,87 2 ,48 2 ,97 4 ,6 4 ,91 2
81489 3040.500000 169.500000 ,94 1 ,9 5 ,74 2 ,54 5
90208 3037.500000 154.500000 ,49 1
92381 3009.000000 141.000000 ,29 4
93779 3007.500000 106.500000 ,43 2 ,89 2
94330 3001.500000 103.500000 ,58 3
