490 1686.000000 919.500000 ,71 2 ,50 2 ,21 1 ,65 2 ,61 5 ,68 3
5317 1680.000000 919.500000 ,79 4 ,37 3
7729 1654.500000 952.500000 ,15 5 ,41 5 ,88 3 ,25 1 ,23 4 ,26 2
17418 1668.000000 925.500000 ,50 4 ,5 1 ,57 5 ,87 3 ,38 5 ,7 1
24512 1686.000000 951.000000 ,91 1 ,18 4 ,6 2
25934 1665.000000 921.000000 ,10 1
26538 1683.000000 921.000000 ,26 3
33644 1689.000000 918.000000 ,19 1 ,10 5 ,94 4
36227 1681.500000 967.500000 ,24 4 ,78 1 ,16 2 ,34 4 ,52 5
47563 1639.500000 975.000000 ,56 4 ,83 5 ,38 5 ,96 5 ,1 5
50883 1642.500000 960.000000 ,18 1
57815 1657.500000 954.000000 ,55 3 ,65 1 ,94 1 ,84 4 ,16 3 ,11 1
65639 1662.000000 945.000000 ,86 1 ,0 3
67285 1681.500000 933.000000 ,85 2 ,6 2 ,79 5 ,44 5 ,80 4
74214 1684.500000 975.000000 ,77 3 ,89 3 ,63 4 ,86 2
76173 1675.500000 967.500000 ,11 4
76253 1677.000000 960.000000 ,37 5
80608 1639.500000 957.000000 ,79 5 ,50 2
81557 1668.000000 945.000000 ,63 4
82473 1647.000000 939.000000 ,45 1 ,18 1 ,70 5 ,76 4 ,9 2 ,63 5
90317 1651.500000 952.500000 ,71 4 ,78 5 ,51 5 ,92 3 ,88 2
91237 1671.000000 946.500000 ,45 3 ,2 2 ,86 3 ,90 1
98158 1647.000000 933.000000 ,74 2 ,70 2 ,64 2
99305 1662.000000 931.500000 ,57 2 ,96 4
