1799 510.000000 949.500000 ,80 2 ,35 5 ,96 3
2388 481.500000 946.500000 ,86 3 ,81 1 ,92 1 ,91 1 ,10 2 ,56 3
4380 507.000000 919.500000 ,32 5 ,94 2 ,23 1
5449 516.000000 922.500000 ,90 5 ,72 1 ,96 5 ,5 2 ,7 4
9304 496.500000 907.500000 ,39 3 ,97 2 ,15 4
14848 513.000000 960.000000 ,77 1 ,22 3 ,86 4 ,64 2
16997 477.000000 919.500000 ,42 2
18946 502.500000 903.000000 ,23 2 ,26 2 ,59 5 ,43 1 ,14 5
24985 522.000000 922.500000 ,56 5 ,54 3 ,51 1 ,65 5
26545 501.000000 909.000000 ,33 2 ,84 4 ,87 5
28632 514.500000 922.500000 ,59 1 ,21 4 ,43 3 ,85 4 ,73 5
28711 502.500000 934.500000 ,33 5 ,98 5 ,31 1 ,90 4
44769 513.000000 924.000000 ,43 2 ,66 5
45506 480.000000 943.500000 ,62 2 ,2 3 ,42 3 ,11 5
51927 514.500000 919.500000 ,34 5 ,75 5 ,91 3 ,14 5
52756 496.500000 918.000000 ,70 3
61369 514.500000 913.500000 ,99 4 ,45 2
69361 490.500000 937.500000 ,30 1 ,83 2 ,64 4
71411 522.000000 942.000000 ,5 3 ,66 2
71998 514.500000 954.000000 ,3 4 ,98 4 ,32 3
72608 520.500000 930.000000 ,58 2
81128 486.000000 937.500000 ,58 1 ,70 2 ,32 4
85576 501.000000 963.000000 ,94 1 ,38 2 ,13 4 ,58 1 ,44 5 ,0 1
88037 507.000000 943.500000 ,30 2 ,64 5
92943 502.500000 939.000000 ,89 2 ,39 1 ,66 1 ,46 3
93628 499.500000 943.500000 ,77 3
96328 490.500000 958.500000 ,58 3 ,91 5
98281 520.500000 912.000000 ,8 1
