1424 448.500000 2881.500000 ,23 3
3386 438.000000 2875.500000 ,42 4 ,93 4
5259 424.500000 2904.000000 ,33 4 ,91 2 ,25 3 ,42 5
8785 457.500000 2874.000000 ,35 4
10215 426.000000 2919.000000 ,9 3 ,7 1
13047 460.500000 2910.000000 ,68 5 ,23 1 ,39 3 ,49 1 ,48 4 ,47 5
13144 400.500000 2916.000000 ,92 4 ,31 5 ,79 5 ,70 4 ,13 3
17230 454.500000 2874.000000 ,20 2 ,42 2
33641 439.500000 2886.000000 ,27 2 ,39 1 ,57 5 ,19 5 ,9 2 ,46 2
36785 417.000000 2914.500000 ,63 5 ,0 1 ,4 3 ,10 4
42704 469.500000 2875.500000 ,86 5
46228 409.500000 2905.500000 ,69 1 ,21 5 ,89 1 ,82 5 ,84 2 ,10 4
48250 403.500000 2878.500000 ,34 3 ,17 4 ,53 5
57757 415.500000 2895.000000 ,94 1
59240 435.000000 2911.500000 ,35 1 ,73 3
61748 453.000000 2874.000000 ,63 2 ,77 5 ,24 4
69360 408.000000 2911.500000 ,87 2 ,90 5
72963 436.500000 2889.000000 ,91 5 ,19 5
74282 438.000000 2899.500000 ,3 4 ,15 1 ,86 3 ,21 4
77462 429.000000 2881.500000 ,43 2 ,62 4 ,92 5 ,58 1 ,19 2 ,6 3
79428 420.000000 2889.000000 ,28 1 ,53 3 ,42 5 ,88 3 ,33 5
81880 435.000000 2916.000000 ,60 5
82358 442.500000 2896.500000 ,30 5 ,45 5 ,35 5 ,10 2 ,68 4 ,75 5
84649 409.500000 2908.500000 ,87 1 ,49 4 ,39 3 ,96 3 ,5 2 ,10 1
89205 463.500000 2908.500000 ,53 3
92904 465.000000 2892.000000 ,52 5
96819 412.500000 2874.000000 ,18 2
97450 405.000000 2898.000000 ,48 4 ,15 3 ,76 3 ,37 4
