2857 4195.500000 2305.500000 ,35 4 ,20 3 ,79 4 ,89 1
14697 4170.000000 2305.500000 ,65 2 ,52 2 ,26 3 ,55 5
15435 4191.000000 2290.500000 ,10 4 ,87 1 ,97 5 ,70 1 ,51 2
20329 4171.500000 2296.500000 ,82 4 ,81 3 ,6 2 ,18 2 ,12 3 ,3 2
29163 4156.500000 2304.000000 ,38 1
32094 4177.500000 2292.000000 ,85 2 ,10 3
35352 4155.000000 2289.000000 ,0 3
36039 4159.500000 2310.000000 ,97 4 ,22 1 ,14 5 ,55 4 ,35 4 ,29 5
37951 4200.000000 2307.000000 ,83 5 ,92 1
41226 4173.000000 2307.000000 ,57 1 ,35 3
42215 4137.000000 2298.000000 ,25 4 ,55 3 ,14 1 ,94 5 ,84 2 ,67 4
44981 4144.500000 2313.000000 ,65 3 ,55 5
51249 4149.000000 2310.000000 ,95 3 ,41 2 ,79 3 ,76 4 ,45 2
52781 4161.000000 2310.000000 ,58 3 ,7 3 ,89 4 ,46 1
53396 4176.000000 2235.000000 ,81 4 ,68 4 ,58 2
55457 4131.000000 2212.500000 ,93 3 ,54 3 ,76 1
55687 4125.000000 2262.000000 ,62 5 ,72 2 ,68 3 ,78 3
61467 4159.500000 2227.500000 ,18 5 ,28 2
61475 4158.000000 2278.500000 ,45 2 ,31 4 ,29 4
62839 4159.500000 2203.500000 ,12 3 ,16 3 ,35 2 ,54 3 ,49 1
63371 4155.000000 2308.500000 ,14 2 ,29 1 ,26 1 ,30 5 ,88 5
64103 4129.500000 2206.500000 ,55 5 ,72 2 ,56 1 ,30 3 ,82 1 ,17 1
65915 4171.500000 2275.500000 ,53 3 ,60 1
67549 4143.000000 2221.500000 ,36 2 ,49 2 ,60 4
67658 4165.500000 2259.000000 ,78 1 ,6 5 ,62 3 ,63 4
68688 4182.000000 2254.500000 ,98 1 ,76 4 ,63 5 ,92 1
69771 4179.000000 2220.000000 ,14 4 ,44 1 ,19 3
70374 4177.500000 2184.000000 ,79 2 ,38 4 ,94 5 ,29 3 ,12 3 ,85 4
70670 4162.500000 2184.000000 ,18 3 ,98 4
72128 4164.000000 2271.000000 ,12 2
73359 4138.500000 2235.000000 ,68 4 ,61 1
74985 4170.000000 2280.000000 ,29 1 ,62 5 ,34 3
76255 4149.000000 2305.500000 ,82 1 ,77 5
77209 4167.000000 2233.500000 ,9 1 ,77 5 ,21 5 ,83 2 ,98 3 ,23 3
88625 4155.000000 2299.500000 ,95 4
99127 4188.000000 2311.500000 ,66 2 ,17 1
