3292 3948.000000 867.000000 ,74 1 ,19 4 ,35 2 ,50 3 ,22 1
5394 3922.500000 835.500000 ,2 4 ,65 4 ,94 4 ,76 1 ,33 3 ,18 1
14555 3933.000000 871.500000 ,7 2 ,92 4 ,98 5 ,21 1 ,91 5 ,55 5
14967 3903.000000 879.000000 ,38 4 ,28 2 ,55 4 ,36 3 ,59 3 ,16 5
15203 3898.500000 855.000000 ,67 5 ,9 3
15636 3963.000000 889.500000 ,16 4 ,60 4 ,23 1 ,10 5 ,24 1 ,63 2
16271 3922.500000 886.500000 ,71 5 ,53 2 ,37 4 ,59 2 ,14 3
16392 3949.500000 889.500000 ,51 1 ,2 1 ,58 1 ,74 2
16861 3909.000000 871.500000 ,54 3 ,10 3 ,40 1 ,68 1 ,79 5
17287 3943.500000 840.000000 ,55 4 ,39 5 ,61 1
29083 3913.500000 831.000000 ,30 4 ,56 2 ,70 3 ,24 5
30355 3925.500000 882.000000 ,83 3 ,95 3 ,13 2 ,79 3
36528 3952.500000 850.500000 ,96 2 ,2 1
39128 3942.000000 886.500000 ,9 4 ,48 3 ,79 4
40165 3907.500000 880.500000 ,41 2 ,68 1 ,5 1 ,57 1 ,75 1 ,56 4
44358 3964.500000 847.500000 ,60 5 ,69 4 ,36 1 ,85 1 ,26 5
47727 3958.500000 838.500000 ,62 5 ,44 2 ,72 2
47902 3963.000000 883.500000 ,39 5 ,72 5 ,58 5 ,80 4 ,76 5 ,22 1
48486 3957.000000 832.500000 ,53 5 ,51 5 ,18 3 ,3 5
50195 3958.500000 853.500000 ,36 5
58581 3948.000000 889.500000 ,55 2
64150 3969.000000 864.000000 ,57 1 ,52 1 ,98 4 ,81 4 ,11 4 ,72 2
68601 3966.000000 846.000000 ,0 1 ,13 1 ,37 5 ,71 1 ,52 1
70486 3903.000000 853.500000 ,39 3
77281 3966.000000 832.500000 ,81 1 ,28 1 ,62 4 ,66 1 ,79 4
78941 3945.000000 888.000000 ,55 4 ,91 3
80030 3897.000000 880.500000 ,86 1 ,85 5 ,41 3 ,61 2 ,96 1
84641 3966.000000 853.500000 ,89 3 ,10 5
89608 3936.000000 888.000000 ,83 1
91591 3969.000000 847.500000 ,8 2 ,19 3 ,63 4
94823 3957.000000 847.500000 ,79 3 ,75 3 ,73 5 ,97 2 ,52 3
96971 3912.000000 846.000000 ,16 3 ,29 2 ,65 2 ,84 5 ,22 1
