3123 4143.000000 331.500000 ,90 2 ,76 1 ,52 5 ,64 4
4359 4129.500000 336.000000 ,91 5 ,59 1 ,92 4 ,65 2
8743 4168.500000 319.500000 ,30 3 ,99 5 ,94 5
18069 4149.000000 336.000000 ,51 4 ,13 3 ,49 5 ,7 4 ,39 3 ,35 3
21075 4179.000000 339.000000 ,6 4 ,16 3
21314 4168.500000 337.500000 ,59 3 ,51 5 ,34 1 ,73 1 ,85 1
23940 4195.500000 348.000000 ,97 1 ,98 2 ,59 2 ,37 2
28682 4120.500000 319.500000 ,33 1 ,55 3
29523 4186.500000 354.000000 ,75 3 ,59 4 ,79 2 ,24 2 ,6 1
33012 4180.500000 321.000000 ,15 2 ,73 5 ,35 5 ,74 4 ,36 5 ,30 3
34927 4126.500000 355.500000 ,0 4 ,71 5 ,23 4 ,60 3 ,70 3
35960 4170.000000 354.000000 ,68 4 ,63 1 ,30 1 ,7 3 ,81 2
44626 4138.500000 313.500000 ,37 3 ,87 5 ,28 4
45458 4185.000000 324.000000 ,56 2
46993 4170.000000 349.500000 ,34 4 ,71 5 ,82 3 ,56 2 ,13 4 ,16 4
48117 4173.000000 355.500000 ,3 4 ,2 1 ,78 1
58723 4194.000000 358.500000 ,34 4 ,49 3 ,91 1 ,26 4 ,24 5 ,48 4
58872 4189.500000 315.000000 ,78 1 ,51 2 ,95 3
60799 4192.500000 343.500000 ,67 4 ,17 4 ,0 2
61622 4135.500000 327.000000 ,80 1 ,81 4 ,20 1
62984 4125.000000 330.000000 ,43 2 ,59 3 ,5 2 ,44 1
68905 4147.500000 315.000000 ,86 4 ,97 1
69789 4152.000000 331.500000 ,61 4
70906 4141.500000 355.500000 ,95 3 ,99 2 ,78 2
73121 4146.000000 325.500000 ,72 4 ,45 1 ,14 2
75587 4200.000000 315.000000 ,92 2
85572 4140.000000 337.500000 ,43 4 ,55 3 ,0 4 ,38 3
87693 4171.500000 357.000000 ,31 1 ,78 1 ,53 4
88721 4215.000000 328.500000 ,26 1 ,32 5
91259 4164.000000 312.000000 ,46 1 ,92 4 ,71 1 ,81 4 ,11 3 ,4 4
94514 4131.000000 352.500000 ,51 3 ,11 1 ,18 3
95193 4195.500000 316.500000 ,33 4 ,59 2 ,63 1 ,21 1 ,18 3
96252 4131.000000 334.500000 ,45 3 ,58 1 ,81 1 ,0 5 ,76 4
96418 4122.000000 342.000000 ,89 2 ,24 5 ,57 4 ,64 4 ,76 1
96572 4173.000000 328.500000 ,9 1 ,79 3 ,24 3 ,62 3
