11869 28.500000 1833.000000 ,35 5 ,6 3 ,54 4 ,19 3 ,14 5 ,47 2
19039 37.500000 1822.500000 ,57 5 ,3 4
26813 28.500000 1839.000000 ,14 3 ,53 2
30220 46.500000 1870.500000 ,13 2 ,64 4 ,48 5 ,66 1 ,9 2 ,92 1
36532 19.500000 1824.000000 ,52 1 ,7 1 ,86 5 ,84 5 ,35 3 ,73 2
37426 39.000000 1828.500000 ,53 2 ,3 3 ,37 2 ,14 5 ,13 4
37738 36.000000 1839.000000 ,82 2 ,20 4 ,23 1 ,98 3
39203 3.000000 1840.500000 ,79 2 ,67 1 ,23 4 ,42 1 ,18 5
41540 52.500000 1867.500000 ,23 4 ,99 3 ,57 1 ,5 5
43678 37.500000 1827.000000 ,42 2 ,94 2 ,72 5 ,45 2 ,40 5
46326 27.000000 1872.000000 ,41 1 ,95 1 ,12 5 ,76 4 ,71 3 ,56 4
46517 36.000000 1857.000000 ,81 5 ,70 2 ,89 2 ,75 5 ,98 2
49309 12.000000 1846.500000 ,30 4 ,25 5 ,89 3 ,78 5 ,6 4 ,98 2
55310 37.500000 1837.500000 ,13 2
62313 51.000000 1831.500000 ,24 2 ,92 4 ,54 2
67585 27.000000 1863.000000 ,64 5 ,84 2
81638 43.500000 1854.000000 ,35 5 ,0 1
83780 15.000000 1834.500000 ,3 5 ,42 1 ,61 2 ,14 3 ,46 1 ,74 3
92783 30.000000 1846.500000 ,97 5
93903 52.500000 1821.000000 ,48 4 ,59 3 ,6 1 ,5 2 ,39 3 ,75 1
97260 42.000000 1824.000000 ,4 1 ,91 2 ,8 3 ,92 4 ,83 2
