846 2227.500000 1977.000000 ,97 3
4854 2208.000000 1908.000000 ,22 4 ,81 1 ,97 1 ,55 4
9751 2220.000000 1942.500000 ,22 2 ,78 4 ,89 3 ,32 5
14813 2211.000000 1962.000000 ,91 4 ,82 3 ,13 1 ,81 2 ,32 2 ,89 3
18515 2209.500000 1929.000000 ,89 1
18821 2205.000000 1942.500000 ,83 1 ,94 1 ,52 1
22096 2203.500000 1926.000000 ,30 2 ,13 2 ,32 4
26677 2236.500000 1927.500000 ,27 5
27749 2233.500000 1950.000000 ,4 2 ,62 2 ,23 5
30838 2232.000000 1908.000000 ,80 4 ,90 4
32295 2215.500000 1918.500000 ,6 3 ,32 3 ,99 2
33620 2206.500000 1905.000000 ,99 2 ,18 3 ,73 1 ,62 5 ,9 4
37016 2226.000000 1938.000000 ,80 2 ,52 5 ,88 1 ,18 2 ,55 4
40591 2229.000000 1935.000000 ,87 4 ,71 2 ,8 2 ,4 2 ,39 4
42159 2235.000000 1953.000000 ,81 4 ,3 3 ,96 4 ,79 4 ,69 4 ,8 4
45214 2223.000000 1953.000000 ,13 2
56728 2229.000000 1923.000000 ,89 5
59455 2206.500000 1986.000000 ,69 2
60220 2223.000000 1915.500000 ,94 4 ,71 1 ,41 2
71427 2235.000000 1978.500000 ,36 3 ,83 1
72927 2212.500000 1924.500000 ,39 3 ,97 2 ,54 2 ,21 4 ,73 2 ,48 4
74347 2208.000000 1977.000000 ,23 4 ,63 3 ,5 2 ,88 5
76610 2226.000000 1950.000000 ,79 5
78225 2217.000000 1944.000000 ,40 3 ,26 4 ,10 2 ,69 5 ,86 4
79027 2217.000000 1920.000000 ,4 1 ,81 5 ,84 5 ,94 2 ,88 1 ,0 4
79735 2203.500000 1942.500000 ,23 1 ,25 5
87948 2205.000000 1974.000000 ,2 5 ,87 2
89062 2221.500000 1936.500000 ,25 3 ,56 4 ,33 1 ,38 1 ,62 4 ,18 2
