97 94.500000 942.000000 ,29 4 ,86 1 ,24 4
375 96.000000 934.500000 ,33 1 ,7 1
2420 93.000000 949.500000 ,53 3
7182 135.000000 925.500000 ,16 5 ,42 1 ,27 3 ,18 5 ,14 1 ,98 3
10947 106.500000 931.500000 ,17 1 ,1 5 ,54 4 ,2 4
10960 91.500000 939.000000 ,3 4 ,22 4 ,67 3 ,14 4
21247 97.500000 915.000000 ,50 5 ,30 5 ,82 2 ,39 4 ,31 3 ,60 4
24518 126.000000 946.500000 ,48 1 ,27 4 ,22 2
26170 102.000000 930.000000 ,28 5 ,49 2 ,77 4
27257 90.000000 907.500000 ,42 4 ,86 3 ,5 1
27752 115.500000 940.500000 ,76 1 ,77 1
32080 82.500000 940.500000 ,63 5 ,41 4 ,19 2 ,27 2
32167 84.000000 925.500000 ,19 5 ,77 4 ,80 4 ,70 3 ,11 4 ,1 1
43368 138.000000 913.500000 ,71 2 ,27 5
48975 115.500000 924.000000 ,46 5 ,62 2 ,38 2
58980 117.000000 921.000000 ,92 1
63469 79.500000 939.000000 ,78 4 ,9 1 ,89 5 ,46 3
67951 118.500000 918.000000 ,31 5 ,20 5 ,26 4
72492 84.000000 915.000000 ,20 3 ,73 3 ,43 2 ,42 2 ,25 5
72912 135.000000 931.500000 ,51 1 ,89 3 ,57 1 ,3 5 ,58 3 ,99 1
76707 141.000000 927.000000 ,13 5 ,90 3 ,62 1
85675 82.500000 948.000000 ,20 3 ,34 1
88831 88.500000 940.500000 ,98 2 ,93 2 ,5 5 ,28 2 ,8 2
91574 85.500000 940.500000 ,27 2 ,89 1 ,95 2 ,8 2 ,61 3 ,75 5
91657 103.500000 936.000000 ,51 2 ,14 5 ,86 2 ,4 5 ,1 2
