5503 4254.000000 2515.500000 ,2 4 ,59 3 ,56 5 ,72 1
9624 4227.000000 2532.000000 ,37 3 ,76 2 ,42 4 ,46 4 ,86 1
9866 4240.500000 2518.500000 ,0 1 ,12 5 ,39 5 ,38 5
12048 4242.000000 2554.500000 ,75 3 ,31 2 ,8 4 ,82 2
16134 4260.000000 2571.000000 ,89 3 ,88 4 ,0 2 ,87 5 ,33 1 ,15 5
18693 4260.000000 2541.000000 ,68 2
24837 4207.500000 2521.500000 ,55 5 ,7 4 ,73 3 ,98 2 ,65 4 ,69 3
26070 4224.000000 2559.000000 ,85 4 ,62 1 ,28 2 ,71 2 ,89 1 ,32 3
36218 4267.500000 2571.000000 ,86 5 ,20 4 ,79 4 ,19 4 ,6 5 ,71 2
37513 4246.500000 2521.500000 ,29 4 ,45 1 ,98 5 ,71 2 ,4 3 ,9 2
40313 4272.000000 2560.500000 ,92 1 ,85 5 ,99 1 ,84 4 ,5 2
51216 4239.000000 2520.000000 ,99 1
51866 4228.500000 2539.500000 ,1 4 ,51 1 ,37 2 ,26 3 ,29 1 ,8 3
54658 4249.500000 2520.000000 ,50 1 ,65 2
55641 4284.000000 2539.500000 ,41 1 ,30 4 ,16 4 ,46 4 ,81 5 ,49 4
59111 4275.000000 2565.000000 ,20 2
63985 4254.000000 2568.000000 ,58 2
66397 4284.000000 2566.500000 ,86 4 ,50 4 ,5 1
71319 4228.500000 2542.500000 ,52 2 ,75 4 ,77 5 ,61 1
73351 4242.000000 2530.500000 ,38 3 ,62 2
76288 4204.500000 2568.000000 ,3 5 ,60 2 ,70 4
76517 4230.000000 2541.000000 ,85 5 ,35 5
78149 4203.000000 2554.500000 ,28 5 ,91 5 ,92 1 ,22 4 ,18 1
79288 4251.000000 2533.500000 ,88 1 ,76 5
83017 4278.000000 2526.000000 ,42 5 ,39 4 ,12 3
84767 4276.500000 2520.000000 ,18 3 ,19 3 ,23 4 ,25 3 ,93 5 ,58 5
88041 4252.500000 2562.000000 ,52 4 ,61 3 ,4 3 ,33 3
91143 4260.000000 2538.000000 ,34 2 ,93 3 ,1 2
93021 4263.000000 2529.000000 ,7 5 ,1 4 ,42 2 ,62 3
96912 4282.500000 2521.500000 ,77 3 ,22 5 ,7 1 ,88 1
96927 4264.500000 2566.500000 ,2 1 ,15 4 ,60 5
98119 4215.000000 2572.500000 ,78 2 ,81 2 ,35 1 ,67 1 ,32 3
