527 3807.000000 1383.000000 ,84 3 ,62 1 ,91 5 ,53 5 ,78 5 ,20 2
1879 3832.500000 1426.500000 ,64 1 ,93 5 ,29 3 ,10 2 ,38 1
2021 3825.000000 1389.000000 ,3 4 ,48 2 ,92 5 ,39 1
2758 3775.500000 1405.500000 ,93 4 ,10 3 ,40 4
3198 3817.500000 1359.000000 ,48 4 ,66 5 ,0 3
4732 3819.000000 1404.000000 ,87 4 ,28 2 ,78 1 ,30 1
8010 3798.000000 1407.000000 ,72 5 ,15 3 ,2 2
10255 3805.500000 1410.000000 ,50 5 ,90 4
13758 3774.000000 1425.000000 ,35 5
13930 3796.500000 1410.000000 ,49 4
14003 3805.500000 1381.500000 ,19 4 ,18 5 ,78 3 ,50 4 ,68 5 ,85 4
15175 3817.500000 1392.000000 ,18 5 ,64 1 ,93 1 ,94 3 ,9 5 ,11 3
16876 3798.000000 1402.500000 ,72 3 ,85 3
17494 3835.500000 1420.500000 ,58 1 ,61 2 ,32 2 ,51 3 ,59 3
18319 3795.000000 1374.000000 ,30 3 ,53 5 ,97 2
20362 3832.500000 1368.000000 ,20 1 ,68 2 ,64 4 ,80 5 ,17 1
27631 3780.000000 1354.500000 ,90 2 ,72 5 ,33 4
28155 3835.500000 1369.500000 ,12 2 ,74 1 ,60 4 ,15 3 ,26 2
28710 3805.500000 1363.500000 ,14 1 ,70 2 ,1 2
32195 3796.500000 1420.500000 ,74 2 ,75 5 ,54 2
34001 3819.000000 1371.000000 ,42 2 ,6 3 ,45 3
34311 3822.000000 1405.500000 ,43 3 ,6 3 ,5 4 ,66 5
38819 3783.000000 1374.000000 ,33 2 ,67 3 ,50 3 ,43 5
49688 3783.000000 1381.500000 ,49 3 ,60 2 ,74 2 ,66 3 ,4 5
51591 3810.000000 1381.500000 ,44 4
56658 3805.500000 1384.500000 ,28 4 ,66 4 ,56 4 ,41 3 ,53 5
60214 3834.000000 1419.000000 ,20 3 ,65 3 ,77 2
63211 3808.500000 1401.000000 ,22 3 ,48 3
70593 3793.500000 1381.500000 ,43 4 ,48 5 ,96 3 ,23 5 ,91 4 ,49 5
72357 3808.500000 1375.500000 ,27 3 ,20 2 ,86 3 ,3 2
72640 3805.500000 1423.500000 ,80 5
78516 3778.500000 1413.000000 ,21 1 ,64 1 ,57 1 ,96 1 ,1 1
81731 3807.000000 1384.500000 ,84 4 ,73 1 ,10 3
82050 3792.000000 1410.000000 ,1 1 ,80 2 ,76 2 ,13 1
82574 3820.500000 1348.500000 ,41 2 ,7 5
86950 3771.000000 1359.000000 ,98 4 ,22 2 ,30 4
92231 3802.500000 1419.000000 ,72 4 ,40 2
99468 3778.500000 1425.000000 ,28 5 ,77 4
99653 3823.500000 1407.000000 ,20 2 ,52 2 ,19 2
