92 3591.000000 540.000000 ,27 1 ,22 5 ,2 1 ,76 4
10636 3621.000000 567.000000 ,73 1 ,96 1 ,4 1 ,45 4 ,90 2 ,1 4
20779 3624.000000 562.500000 ,43 4 ,70 4 ,22 4 ,63 1
21279 3607.500000 537.000000 ,44 2 ,17 3 ,21 2 ,12 2 ,67 3
25055 3622.500000 546.000000 ,6 3 ,53 3 ,52 2 ,56 3 ,73 3
28117 3577.500000 535.500000 ,66 3
29933 3558.000000 559.500000 ,34 2 ,90 2 ,25 5
37277 3552.000000 550.500000 ,13 2 ,63 1
39569 3603.000000 564.000000 ,72 3 ,67 4 ,49 5 ,40 1 ,29 2
40449 3585.000000 555.000000 ,36 5 ,98 3 ,49 3 ,92 2
41562 3604.500000 538.500000 ,73 4 ,26 3 ,68 5 ,99 4
44842 3549.000000 546.000000 ,91 5 ,73 1 ,27 2 ,68 1
49609 3546.000000 553.500000 ,66 3 ,72 3 ,87 4
51218 3625.500000 564.000000 ,55 2 ,32 1 ,20 1 ,56 4 ,42 5 ,28 4
51812 3582.000000 559.500000 ,18 4 ,7 3 ,70 2 ,99 3 ,94 1 ,9 1
57292 3561.000000 567.000000 ,85 3 ,31 5 ,59 5
62854 3594.000000 549.000000 ,93 2 ,18 1 ,26 5 ,94 4 ,10 2
64893 3589.500000 562.500000 ,14 5 ,39 2 ,41 1
74023 3574.500000 535.500000 ,22 4 ,21 2 ,73 4 ,86 3
75578 3556.500000 534.000000 ,17 4
84318 3625.500000 544.500000 ,64 3 ,44 2 ,59 2 ,16 2 ,67 3
87408 3580.500000 534.000000 ,8 3 ,13 3 ,73 5 ,75 5 ,4 1
92344 3531.000000 555.000000 ,36 5
93765 3561.000000 537.000000 ,88 5
94224 3571.500000 535.500000 ,4 3 ,52 1 ,93 5
95793 3580.500000 537.000000 ,67 1 ,75 4 ,10 2 ,64 4 ,90 2 ,53 5
97532 3594.000000 544.500000 ,8 2 ,76 2
97666 3550.500000 550.500000 ,69 4
