1514 916.500000 808.500000 ,73 2 ,88 3 ,84 4
2832 954.000000 867.000000 ,57 5 ,96 1 ,64 2 ,32 4 ,82 3 ,59 1
4316 957.000000 795.000000 ,91 2 ,35 1 ,89 3 ,9 2 ,5 5
5020 940.500000 802.500000 ,95 4 ,10 4 ,53 1 ,66 2 ,23 4
5869 931.500000 855.000000 ,80 4 ,53 1 ,99 2
8539 915.000000 789.000000 ,0 1 ,2 4 ,92 3 ,47 3 ,94 3 ,60 1
10627 955.500000 834.000000 ,61 3
12999 937.500000 814.500000 ,26 4 ,76 3 ,77 4
21890 913.500000 850.500000 ,4 2 ,98 2 ,81 5 ,95 3 ,5 1 ,43 5
23410 928.500000 810.000000 ,58 3 ,14 2 ,38 5 ,53 5
24301 957.000000 861.000000 ,95 2 ,29 2 ,1 2
27740 946.500000 837.000000 ,84 5 ,47 3 ,35 5 ,92 5
30209 958.500000 879.000000 ,79 2 ,15 2 ,11 1
33870 906.000000 826.500000 ,43 2 ,19 4 ,46 1 ,80 3
34170 943.500000 870.000000 ,11 1 ,87 3 ,64 5 ,9 4 ,83 1 ,76 3
35150 919.500000 846.000000 ,54 1 ,91 2
36902 949.500000 880.500000 ,40 3
41241 949.500000 814.500000 ,41 2
41999 951.000000 802.500000 ,99 4 ,53 2 ,51 2 ,38 1
45611 958.500000 870.000000 ,60 1 ,57 5
50590 948.000000 808.500000 ,35 5 ,79 4 ,25 1 ,13 5
52256 949.500000 820.500000 ,7 5 ,66 4 ,93 5 ,85 1 ,50 4
52380 951.000000 826.500000 ,95 2 ,6 2 ,7 5 ,26 2 ,34 4 ,50 2
53003 954.000000 799.500000 ,25 2 ,52 5 ,27 1 ,21 1 ,14 2
55725 960.000000 840.000000 ,14 2 ,99 1 ,4 1
63228 934.500000 814.500000 ,37 1 ,10 4 ,49 3 ,19 1 ,8 3
65126 949.500000 817.500000 ,92 1 ,45 5 ,49 5 ,82 1
71643 913.500000 841.500000 ,66 2 ,63 4
74587 958.500000 796.500000 ,48 5 ,29 3 ,66 1 ,7 3 ,98 2
75247 919.500000 826.500000 ,23 5
78617 928.500000 844.500000 ,92 4 ,64 4
79256 943.500000 826.500000 ,21 1 ,0 3 ,84 4 ,8 2 ,40 3
83222 922.500000 793.500000 ,96 5
