254 3084.000000 2118.000000 ,38 2 ,70 1 ,42 3
1790 3099.000000 2130.000000 ,0 4 ,46 5 ,93 4
7187 3109.500000 2143.500000 ,46 5 ,7 2
9257 3094.500000 2089.500000 ,47 5 ,89 3 ,52 3 ,76 5 ,75 3
16008 3081.000000 2094.000000 ,11 1 ,26 1 ,7 2 ,27 2 ,97 3
17411 3061.500000 2122.500000 ,96 5 ,5 1 ,57 1 ,45 5 ,65 1
19297 3090.000000 2100.000000 ,51 1 ,94 4 ,92 1 ,18 5 ,40 4
20904 3058.500000 2143.500000 ,25 2 ,18 5
24499 3081.000000 2136.000000 ,82 5 ,30 5 ,11 2 ,23 5
28331 3064.500000 2133.000000 ,68 3 ,80 2 ,10 5 ,56 2
30629 3088.500000 2145.000000 ,12 3 ,15 3 ,43 3
31334 3075.000000 2104.500000 ,77 1 ,84 4 ,27 4 ,12 4
31665 3052.500000 2082.000000 ,99 1 ,51 2 ,49 3 ,10 5 ,3 3
32733 3078.000000 2130.000000 ,72 4 ,36 2 ,71 5
34257 3103.500000 2131.500000 ,43 3 ,69 1 ,46 3
34587 3078.000000 2107.500000 ,55 3 ,75 1
35370 3079.500000 2080.500000 ,5 1 ,3 2
37577 3066.000000 2079.000000 ,79 4 ,53 2
37954 3072.000000 2152.500000 ,89 2 ,88 4 ,4 5 ,23 4 ,41 1
41647 3079.500000 2115.000000 ,48 3 ,39 4 ,0 5 ,2 5 ,27 4
45394 3090.000000 2151.000000 ,64 3 ,24 4 ,17 5 ,56 4 ,69 3 ,94 4
61207 3103.500000 2071.500000 ,52 2 ,97 5 ,88 3 ,27 2
66962 3093.000000 2089.500000 ,66 2 ,29 2 ,82 1 ,54 1
69509 3108.000000 2092.500000 ,29 3 ,68 4 ,63 3 ,92 5 ,74 1
71070 3054.000000 2100.000000 ,29 3 ,1 3 ,24 5 ,40 4 ,8 4
74323 3061.500000 2151.000000 ,26 1 ,53 2 ,99 2 ,57 5 ,39 4 ,71 4
76065 3079.500000 2130.000000 ,70 4 ,78 2 ,88 3 ,26 1 ,11 4
78215 3082.500000 2131.500000 ,77 2 ,12 2 ,85 5
80884 3060.000000 2127.000000 ,21 1 ,95 4 ,7 4 ,80 2 ,2 5 ,81 3
81886 3091.500000 2082.000000 ,88 2 ,39 2
82176 3096.000000 2068.500000 ,38 2 ,17 2 ,19 2 ,46 4 ,0 5 ,92 1
82281 3079.500000 2088.000000 ,27 1 ,46 3 ,0 5 ,43 4 ,35 2
84302 3057.000000 2083.500000 ,67 5 ,98 4 ,83 5 ,80 4
91532 3096.000000 2079.000000 ,32 2
92110 3097.500000 2079.000000 ,15 4 ,30 5 ,52 4
98456 3115.500000 2062.500000 ,43 3 ,5 2 ,55 2 ,73 3
98794 3099.000000 2085.000000 ,85 1
