1621 186.000000 2664.000000 ,43 1 ,5 4 ,3 4 ,9 2 ,7 5
1926 261.000000 2665.500000 ,33 5 ,52 3 ,67 3 ,87 2 ,18 4
5429 214.500000 2658.000000 ,30 4 ,64 2 ,47 1 ,49 4 ,69 4 ,13 5
5685 240.000000 2670.000000 ,56 4 ,35 5 ,5 4 ,78 2 ,38 1 ,7 5
8978 220.500000 2646.000000 ,21 2 ,35 5 ,59 4 ,93 5
9154 246.000000 2662.500000 ,40 1
10222 192.000000 2650.500000 ,4 3 ,47 2
11816 178.500000 2664.000000 ,94 1 ,32 3
13205 178.500000 2643.000000 ,30 1
22821 265.500000 2655.000000 ,81 5 ,96 2 ,40 3 ,36 2 ,39 3
27569 265.500000 2652.000000 ,32 5 ,4 3 ,30 5 ,42 2 ,9 3 ,29 5
29128 175.500000 2640.000000 ,92 5 ,88 3
43456 195.000000 2665.500000 ,77 1 ,89 4
45061 175.500000 2637.000000 ,4 5 ,5 4
49046 259.500000 2661.000000 ,47 1 ,21 5 ,32 2
50933 238.500000 2643.000000 ,94 1
51118 231.000000 2650.500000 ,86 4 ,28 1 ,70 2 ,58 4 ,8 3 ,44 2
53214 181.500000 2640.000000 ,39 5 ,44 1 ,6 1 ,71 4 ,24 1
58264 267.000000 2664.000000 ,70 4 ,17 5 ,62 2
60606 190.500000 2656.500000 ,58 2 ,99 5 ,29 2 ,63 4 ,67 1 ,4 5
60690 258.000000 2637.000000 ,65 5 ,59 5 ,49 2 ,36 5 ,38 4
65666 238.500000 2644.500000 ,12 3 ,41 5 ,65 1 ,78 2 ,9 1 ,25 2
69433 244.500000 2661.000000 ,41 3
72448 193.500000 2644.500000 ,34 2 ,71 4 ,32 2 ,88 5 ,12 1
77263 225.000000 2635.500000 ,98 5 ,41 4 ,37 1 ,52 5 ,24 3
78931 253.500000 2653.500000 ,75 1 ,82 4 ,67 3 ,54 4
83728 210.000000 2656.500000 ,24 4 ,16 3
85041 247.500000 2664.000000 ,65 4 ,33 1 ,55 4 ,98 3
87899 256.500000 2670.000000 ,49 4 ,50 4 ,8 3 ,83 4 ,17 1
90526 207.000000 2644.500000 ,37 1 ,35 2 ,44 5
93791 222.000000 2668.500000 ,52 1 ,27 1 ,21 1 ,14 1 ,19 2
94562 177.000000 2637.000000 ,19 1 ,59 2 ,32 5 ,31 4 ,54 4 ,74 5
96332 228.000000 2662.500000 ,54 3
98677 196.500000 2652.000000 ,53 1 ,48 2 ,71 4 ,8 3 ,26 5 ,63 3
98761 192.000000 2650.500000 ,89 5 ,35 2
