686 1167.000000 1792.500000 ,86 3 ,29 3 ,34 5
882 1146.000000 1755.000000 ,50 2 ,81 4 ,68 4 ,61 2 ,8 3
8739 1129.500000 1785.000000 ,73 5 ,96 4 ,59 1 ,20 4
15216 1176.000000 1765.500000 ,99 1 ,63 1
17384 1129.500000 1774.500000 ,64 2 ,95 5
27150 1219.500000 1774.500000 ,21 4 ,5 2
30805 1174.500000 1795.500000 ,87 5 ,78 4 ,84 1 ,33 4 ,54 2 ,89 4
32570 1171.500000 1794.000000 ,54 4 ,2 2 ,62 5
35887 1204.500000 1747.500000 ,31 1
38838 1206.000000 1747.500000 ,97 4 ,36 1 ,22 5 ,77 2
46390 1207.500000 1782.000000 ,3 5 ,13 5
47129 1203.000000 1792.500000 ,42 5 ,68 1 ,86 4
50613 1146.000000 1750.500000 ,98 2 ,24 3 ,93 5 ,55 4 ,99 2 ,16 3
50725 1167.000000 1734.000000 ,50 1 ,11 2 ,78 3 ,89 3 ,79 4
55287 1206.000000 1750.500000 ,93 1
56629 1218.000000 1782.000000 ,24 5 ,30 3 ,95 2
62114 1218.000000 1750.500000 ,7 5
62610 1198.500000 1726.500000 ,21 5
66707 1204.500000 1767.000000 ,43 1 ,53 3 ,54 4 ,65 5 ,73 3
69153 1201.500000 1786.500000 ,43 3 ,72 5 ,24 3 ,11 1
72772 1144.500000 1779.000000 ,35 4
79234 1203.000000 1737.000000 ,49 2 ,28 2 ,69 4 ,80 5 ,21 2 ,46 4
88550 1200.000000 1755.000000 ,1 5 ,62 4 ,42 1
