7057 1336.500000 2514.000000 ,6 1 ,97 4 ,68 1
8579 1329.000000 2521.500000 ,74 4 ,12 3
9151 1356.000000 2541.000000 ,7 2 ,60 1 ,46 3 ,21 4
9626 1339.500000 2530.500000 ,22 2 ,41 5 ,17 3 ,0 1
10264 1356.000000 2524.500000 ,60 5 ,40 2 ,87 1 ,12 3 ,49 5 ,97 3
12903 1339.500000 2550.000000 ,47 5 ,18 3 ,57 2 ,46 5 ,66 4
30703 1353.000000 2524.500000 ,85 1 ,75 1
31285 1335.000000 2508.000000 ,86 4 ,30 4 ,51 5 ,32 3 ,56 5
32123 1338.000000 2515.500000 ,75 5 ,38 2 ,47 3 ,40 2 ,41 5 ,18 2
33422 1326.000000 2512.500000 ,55 3 ,71 4
35580 1359.000000 2503.500000 ,54 3 ,86 3 ,91 2
39739 1357.500000 2548.500000 ,16 4 ,77 3
44552 1327.500000 2526.000000 ,7 4 ,29 4 ,83 1 ,67 3
50223 1327.500000 2509.500000 ,56 2 ,63 1 ,75 2
58428 1350.000000 2548.500000 ,83 5
62629 1345.500000 2532.000000 ,43 3 ,48 1
67773 1351.500000 2515.500000 ,7 4 ,25 3
68857 1348.500000 2511.000000 ,35 4 ,62 5 ,0 5 ,47 2 ,7 4
69230 1335.000000 2518.500000 ,17 2 ,66 4 ,65 5
74254 1344.000000 2520.000000 ,97 4 ,92 2
81695 1354.500000 2544.000000 ,84 2 ,57 4
81830 1350.000000 2523.000000 ,66 5 ,11 1 ,34 3 ,74 4 ,16 1
90338 1359.000000 2530.500000 ,51 3 ,44 3 ,79 1
91897 1329.000000 2530.500000 ,74 3 ,72 2 ,92 3 ,84 5
93442 1333.500000 2547.000000 ,0 4 ,62 4 ,39 2
94497 1326.000000 2532.000000 ,98 4
98047 1356.000000 2530.500000 ,99 5 ,88 5 ,7 2 ,10 1
