1354 3717.000000 2587.500000 ,78 5
1576 3712.500000 2578.500000 ,60 4 ,26 4 ,24 4 ,15 3
4107 3688.500000 2565.000000 ,96 5 ,82 1 ,55 5 ,1 4
8518 3720.000000 2580.000000 ,60 4
11404 3735.000000 2532.000000 ,11 1 ,0 1 ,16 2 ,36 5 ,13 5
22156 3717.000000 2574.000000 ,18 2
23919 3712.500000 2548.500000 ,63 2
25606 3691.500000 2535.000000 ,41 2 ,59 3 ,79 3 ,44 2 ,3 4
27885 3718.500000 2521.500000 ,71 2 ,18 2 ,81 3 ,74 1 ,51 2
28074 3705.000000 2556.000000 ,47 3 ,86 4 ,98 2 ,16 3 ,50 3
28684 3703.500000 2553.000000 ,78 4 ,45 4 ,76 5
34159 3676.500000 2545.500000 ,8 5 ,15 2 ,47 5
36367 3736.500000 2554.500000 ,63 3 ,70 5 ,93 2
38749 3682.500000 2590.500000 ,55 2 ,66 5 ,39 1 ,23 1 ,84 1
38861 3697.500000 2592.000000 ,31 3
45251 3709.500000 2550.000000 ,42 2
45511 3700.500000 2541.000000 ,77 3 ,47 4 ,49 2 ,22 2 ,29 3 ,60 5
48544 3712.500000 2577.000000 ,97 2 ,54 2 ,53 5 ,4 5 ,78 5 ,18 4
49414 3739.500000 2565.000000 ,48 5 ,26 3
50892 3697.500000 2590.500000 ,65 1 ,78 1 ,48 1 ,58 2
53476 3678.000000 2542.500000 ,17 3
53634 3730.500000 2536.500000 ,98 4 ,24 4 ,17 2 ,70 2
65241 3739.500000 2560.500000 ,62 2 ,53 4
68635 3679.500000 2593.500000 ,82 3 ,49 1 ,71 3 ,68 3 ,96 3
68880 3691.500000 2533.500000 ,53 4 ,95 2 ,21 5 ,85 3 ,83 4
69095 3714.000000 2571.000000 ,44 3 ,69 4 ,64 4 ,1 4 ,4 1 ,50 2
69972 3693.000000 2583.000000 ,43 1 ,37 4
76027 3735.000000 2550.000000 ,99 1 ,97 2 ,72 2 ,63 1 ,67 3
78296 3708.000000 2581.500000 ,15 3
80312 3706.500000 2581.500000 ,60 4 ,14 1
81562 3703.500000 2586.000000 ,58 1 ,64 3 ,75 3 ,50 2
83236 3687.000000 2574.000000 ,54 3 ,25 4 ,52 2 ,62 4 ,93 4 ,47 4
83440 3682.500000 2554.500000 ,59 1 ,85 4 ,44 4
84799 3685.500000 2523.000000 ,36 3
86734 3675.000000 2578.500000 ,19 5 ,7 5
88010 3705.000000 2554.500000 ,67 2 ,28 2
93864 3690.000000 2535.000000 ,54 4 ,60 3 ,42 5
