9262 2665.500000 2281.500000 ,94 1 ,43 1
11068 2625.000000 2262.000000 ,64 1 ,84 5 ,70 1
11331 2670.000000 2250.000000 ,43 2
14154 2623.500000 2239.500000 ,9 1 ,69 1 ,28 1 ,65 5
16438 2598.000000 2247.000000 ,86 5 ,72 1 ,52 4 ,85 2 ,58 2
17728 2649.000000 2251.500000 ,46 5
18053 2637.000000 2245.500000 ,6 3 ,66 3 ,35 4 ,95 4
23929 2598.000000 2289.000000 ,40 2 ,53 1 ,64 4 ,17 2
24661 2617.500000 2259.000000 ,41 1 ,1 4 ,4 2 ,84 5 ,90 4
26918 2676.000000 2263.500000 ,87 4 ,6 1 ,41 1
28085 2668.500000 2257.500000 ,0 5 ,32 4 ,38 4
29811 2650.500000 2239.500000 ,71 1 ,4 3 ,21 4 ,2 2 ,16 5 ,47 3
30528 2662.500000 2263.500000 ,47 2 ,72 1 ,41 5
31973 2613.000000 2247.000000 ,27 5
32734 2652.000000 2244.000000 ,65 2
45468 2640.000000 2283.000000 ,30 3 ,7 1 ,93 1 ,22 2 ,6 3
49070 2619.000000 2260.500000 ,81 5 ,77 3
49963 2658.000000 2262.000000 ,42 5 ,46 2
50370 2613.000000 2244.000000 ,1 1
50632 2620.500000 2248.500000 ,41 2 ,30 4 ,96 5
51245 2656.500000 2265.000000 ,50 3
54335 2611.500000 2286.000000 ,15 1 ,54 4 ,79 3 ,1 3
56201 2610.000000 2250.000000 ,48 2 ,8 2 ,33 5
57117 2629.500000 2274.000000 ,17 2 ,47 3 ,8 1
64884 2619.000000 2284.500000 ,15 2
74938 2595.000000 2266.500000 ,45 1 ,26 2
76193 2623.500000 2272.500000 ,65 1 ,78 2 ,26 5 ,58 5 ,52 5
76547 2655.000000 2259.000000 ,87 3 ,54 5 ,70 3 ,59 1 ,48 3
77762 2655.000000 2259.000000 ,40 5 ,22 2
81840 2662.500000 2274.000000 ,70 2 ,79 1
82570 2647.500000 2280.000000 ,67 1 ,37 3 ,98 2
84245 2661.000000 2245.500000 ,65 4
94714 2673.000000 2271.000000 ,92 4 ,89 2 ,96 1 ,66 1
94954 2658.000000 2250.000000 ,46 1
95814 2611.500000 2281.500000 ,71 1 ,2 3 ,84 1 ,37 4 ,26 2
96506 2673.000000 2259.000000 ,50 1 ,56 3 ,85 1 ,89 4 ,8 2 ,54 2
