12923 622.500000 2901.000000 ,35 2 ,25 1
24604 600.000000 2908.500000 ,23 2
26561 601.500000 2844.000000 ,50 4 ,23 4 ,4 3
32707 636.000000 2889.000000 ,36 1 ,10 2 ,90 5 ,50 1 ,17 5 ,7 3
35139 631.500000 2856.000000 ,62 4 ,52 3 ,49 3 ,66 5
43477 628.500000 2883.000000 ,77 5 ,76 1 ,94 2
48578 634.500000 2878.500000 ,57 3 ,6 4 ,60 4
49851 604.500000 2845.500000 ,89 3 ,77 5 ,60 5 ,27 2 ,12 2 ,9 4
51837 604.500000 2898.000000 ,6 5 ,17 5 ,41 1 ,82 4 ,64 4 ,26 2
52718 607.500000 2904.000000 ,6 2 ,18 1 ,75 4 ,3 1
57218 598.500000 2865.000000 ,89 1 ,41 1 ,91 2 ,62 1
64811 606.000000 2908.500000 ,30 1 ,75 4 ,93 1 ,98 5 ,35 4 ,22 3
66639 616.500000 2877.000000 ,12 5 ,25 1
67305 601.500000 2857.500000 ,18 1
68032 615.000000 2905.500000 ,44 1 ,50 2 ,80 3 ,23 2 ,90 3
72071 624.000000 2863.500000 ,78 1 ,52 1 ,32 2 ,83 4 ,95 3 ,80 3
77363 598.500000 2862.000000 ,50 5 ,93 2 ,35 1 ,52 5 ,71 5
78778 615.000000 2883.000000 ,37 1 ,76 2 ,2 5 ,12 5 ,59 4 ,54 5
79621 624.000000 2905.500000 ,81 2 ,76 2
82006 637.500000 2890.500000 ,4 4 ,65 5 ,81 5 ,24 2 ,49 4 ,69 5
89131 598.500000 2875.500000 ,50 2 ,97 2 ,55 1
91702 628.500000 2869.500000 ,12 1 ,46 3 ,10 5 ,88 4 ,55 3
92820 628.500000 2848.500000 ,95 5 ,9 4 ,65 1
94586 636.000000 2884.500000 ,59 4 ,14 3 ,42 2 ,22 4 ,75 1
95467 625.500000 2910.000000 ,71 3 ,55 5 ,48 5 ,87 4
99903 610.500000 2892.000000 ,55 2 ,88 1 ,23 3 ,72 1
