10280 1728.000000 2284.500000 ,80 5 ,3 2 ,36 3 ,4 4
11230 1753.500000 2281.500000 ,62 1
15314 1765.500000 2287.500000 ,68 5
19237 1743.000000 2289.000000 ,45 3 ,60 3 ,22 2 ,40 5
40985 1740.000000 2295.000000 ,85 3 ,75 1 ,24 5 ,47 1 ,26 3 ,80 1
44881 1737.000000 2292.000000 ,6 5 ,52 4 ,87 5 ,95 3 ,40 4 ,84 1
47789 1768.500000 2296.500000 ,69 3 ,33 3 ,97 1 ,41 3
48490 1749.000000 2275.500000 ,56 4 ,36 3 ,15 2 ,66 5 ,72 5
49140 1743.000000 2293.500000 ,75 5 ,26 4
53299 1762.500000 2280.000000 ,13 4 ,89 3 ,57 1 ,35 5
53373 1737.000000 2293.500000 ,99 5 ,48 5 ,3 3
58279 1773.000000 2284.500000 ,58 5 ,87 2 ,37 2 ,35 1 ,12 4
65477 1758.000000 2284.500000 ,8 4 ,97 1 ,31 2
71167 1722.000000 2269.500000 ,31 1 ,91 1 ,40 1 ,72 3
76613 1729.500000 2289.000000 ,78 5
81179 1722.000000 2289.000000 ,73 4 ,62 2 ,24 4 ,91 2 ,11 5 ,19 4
81430 1731.000000 2278.500000 ,74 4 ,41 3 ,61 1 ,21 4 ,88 1 ,11 5
87653 1729.500000 2271.000000 ,37 4 ,92 3 ,66 3 ,70 5
94089 1731.000000 2286.000000 ,76 2 ,62 2 ,79 3
