4682 1441.500000 2814.000000 ,66 4 ,22 1 ,69 5
7571 1398.000000 2787.000000 ,28 1 ,90 3 ,50 5 ,82 5 ,66 3 ,3 2
9232 1428.000000 2785.500000 ,52 1 ,30 3 ,42 5
9450 1462.500000 2782.500000 ,36 3
9736 1440.000000 2794.500000 ,80 2 ,73 4 ,29 5
17882 1449.000000 2820.000000 ,89 5 ,54 5 ,5 2 ,10 4 ,74 2 ,65 4
20472 1429.500000 2796.000000 ,47 4 ,41 4 ,16 5 ,71 3
27113 1441.500000 2802.000000 ,86 5 ,9 1
27168 1410.000000 2821.500000 ,24 4
28912 1467.000000 2809.500000 ,32 5 ,59 3 ,97 5 ,86 4 ,57 1 ,17 5
38354 1458.000000 2818.500000 ,99 5 ,31 1 ,57 5 ,85 1
45182 1411.500000 2806.500000 ,44 1 ,62 4
48068 1408.500000 2803.500000 ,67 3 ,38 5
49633 1429.500000 2787.000000 ,37 1 ,35 1
52696 1420.500000 2815.500000 ,96 5 ,40 4 ,30 3 ,12 4 ,79 4 ,50 1
54732 1408.500000 2821.500000 ,54 4 ,73 5 ,32 1
61790 1416.000000 2779.500000 ,1 3 ,96 1 ,37 1 ,30 4
62908 1401.000000 2808.000000 ,70 1 ,81 3 ,46 4 ,91 3 ,35 5 ,32 5
67313 1410.000000 2805.000000 ,22 4 ,96 3
73033 1401.000000 2787.000000 ,23 2 ,6 2 ,38 1 ,22 4 ,26 3
83925 1401.000000 2788.500000 ,16 5 ,7 2 ,48 2
86567 1455.000000 2788.500000 ,54 1 ,78 1 ,62 4 ,65 2
89089 1428.000000 2782.500000 ,38 4 ,50 4
91081 1473.000000 2784.000000 ,79 4 ,12 4
91790 1450.500000 2820.000000 ,33 4 ,89 2 ,44 3
93862 1450.500000 2779.500000 ,98 2
97669 1425.000000 2818.500000 ,65 5 ,26 5 ,32 2 ,25 5
