852 2274.000000 2917.500000 ,73 5 ,53 3 ,67 5 ,79 4 ,9 4
5364 2328.000000 2908.500000 ,42 3 ,46 5 ,64 1
11611 2329.500000 2982.000000 ,2 4
13500 2271.000000 2932.500000 ,69 2
14129 2310.000000 2977.500000 ,2 3 ,28 3 ,56 2 ,21 2 ,15 4 ,73 4
14295 2307.000000 2922.000000 ,63 2 ,70 4 ,68 1 ,80 5
21849 2289.000000 2926.500000 ,27 1 ,1 2 ,58 3 ,16 1 ,92 2 ,24 2
27263 2316.000000 2901.000000 ,76 4 ,34 2 ,9 4 ,50 2 ,27 3 ,95 5
28564 2281.500000 2901.000000 ,46 4 ,40 5 ,82 4 ,50 3
29331 2338.500000 2974.500000 ,47 5
34717 2284.500000 2956.500000 ,4 4 ,95 4 ,53 3 ,63 5
37427 2278.500000 2958.000000 ,45 3 ,23 3 ,78 2 ,73 2 ,62 4
38897 2287.500000 2935.500000 ,77 1 ,62 1 ,55 2 ,56 5 ,37 2 ,7 3
39644 2298.000000 2907.000000 ,9 2 ,26 3 ,68 4 ,98 5 ,52 3
40274 2347.500000 2970.000000 ,10 1 ,23 2 ,62 3
44800 2278.500000 2976.000000 ,45 2 ,8 5
45135 2301.000000 2989.500000 ,66 3 ,90 5 ,17 1
46867 2304.000000 2991.000000 ,28 5 ,7 3 ,49 4 ,65 5 ,89 2 ,80 3
48884 2320.500000 2964.000000 ,69 5 ,60 3 ,11 5
48938 2329.500000 2943.000000 ,2 2 ,13 1 ,99 1 ,16 4 ,1 1
49196 2305.500000 2901.000000 ,42 4 ,72 3 ,94 3 ,0 5 ,60 4
49557 2289.000000 2917.500000 ,25 2
50577 2299.500000 2962.500000 ,29 2 ,40 1
60038 2281.500000 2994.000000 ,13 5
60893 2319.000000 2932.500000 ,88 5 ,73 4 ,50 4
62136 2347.500000 2926.500000 ,63 3 ,22 1 ,15 5
64476 2313.000000 2932.500000 ,47 5
69657 2314.500000 2953.500000 ,1 1 ,28 2
78075 2319.000000 2913.000000 ,85 4
80154 2332.500000 2952.000000 ,77 2 ,28 3 ,47 5 ,60 2
84457 2344.500000 2940.000000 ,0 2 ,81 4
89980 2323.500000 2913.000000 ,65 5
93271 2347.500000 2955.000000 ,42 1 ,4 5 ,45 2 ,9 2
