2587 660.000000 976.500000 ,18 1 ,66 5 ,48 5 ,30 2
2844 691.500000 1032.000000 ,76 3 ,10 2
5177 697.500000 1011.000000 ,20 3 ,11 5 ,14 2 ,3 5
9790 688.500000 1002.000000 ,17 1 ,78 5 ,22 3 ,43 5 ,47 2
11430 658.500000 984.000000 ,96 1 ,34 3 ,9 4
16798 684.000000 1035.000000 ,54 2 ,32 4
22082 703.500000 1021.500000 ,43 2
22498 670.500000 1027.500000 ,99 3
24948 663.000000 1012.500000 ,86 4 ,39 2
25843 669.000000 1024.500000 ,5 3
26090 675.000000 1000.500000 ,83 1 ,10 5
26946 663.000000 987.000000 ,78 1 ,5 2 ,20 3 ,52 2 ,45 2
27826 705.000000 1006.500000 ,79 5 ,17 1 ,59 1 ,96 4
35386 645.000000 1002.000000 ,88 4 ,52 3
36082 694.500000 1012.500000 ,36 2 ,25 5 ,56 5 ,80 3 ,8 2 ,55 3
37169 660.000000 1011.000000 ,10 4 ,68 2
37788 669.000000 976.500000 ,7 5 ,80 3 ,45 5 ,64 5 ,46 3 ,14 4
40989 654.000000 1006.500000 ,13 3 ,42 1
41624 666.000000 1017.000000 ,69 3 ,88 1 ,61 3 ,92 4 ,38 4
59518 682.500000 994.500000 ,21 1 ,8 5 ,97 5 ,38 3
63587 651.000000 1029.000000 ,34 5 ,13 4 ,45 3 ,26 2
64146 652.500000 979.500000 ,55 1
66684 678.000000 984.000000 ,37 1 ,28 5
68137 666.000000 1036.500000 ,57 2 ,8 1 ,89 5 ,88 1
72016 661.500000 976.500000 ,7 1
77768 649.500000 1006.500000 ,22 3 ,7 1 ,70 2 ,67 2 ,92 1 ,94 1
80123 651.000000 985.500000 ,56 5 ,13 5 ,31 4 ,68 3
80785 670.500000 1018.500000 ,52 1 ,78 4 ,55 5 ,91 3 ,46 3 ,32 3
82649 699.000000 990.000000 ,34 2 ,90 2 ,22 5
84200 670.500000 1026.000000 ,52 4 ,65 4 ,80 4 ,55 4 ,28 5 ,83 5
84904 679.500000 972.000000 ,29 5 ,3 2 ,32 4 ,44 2
94976 690.000000 1042.500000 ,68 4 ,98 4 ,87 4 ,22 2 ,3 3 ,61 4
98588 660.000000 1027.500000 ,38 3 ,4 5 ,23 2 ,51 2
99128 649.500000 978.000000 ,25 1 ,68 4 ,40 1 ,86 3 ,71 1
