1669 808.500000 1408.500000 ,17 1
2982 799.500000 1447.500000 ,77 5 ,30 4 ,54 5 ,70 4 ,67 1 ,15 4
8226 783.000000 1434.000000 ,8 5 ,4 1 ,88 2 ,69 5
10842 774.000000 1450.500000 ,57 5 ,35 4 ,61 3 ,78 1
15064 793.500000 1444.500000 ,9 4 ,22 3 ,72 4 ,30 2
18662 799.500000 1449.000000 ,84 2 ,54 2
19542 811.500000 1413.000000 ,47 5 ,66 4
21474 820.500000 1422.000000 ,65 1 ,2 5 ,56 3 ,13 5 ,70 1
24833 810.000000 1414.500000 ,2 5 ,27 5 ,1 3
26846 799.500000 1450.500000 ,26 5 ,76 1
28274 781.500000 1428.000000 ,67 1 ,77 4 ,25 4 ,97 5 ,65 4 ,17 4
35438 798.000000 1425.000000 ,83 4 ,49 2
42610 817.500000 1402.500000 ,32 5 ,49 4 ,27 3 ,77 3 ,16 5 ,92 2
51799 795.000000 1441.500000 ,74 5 ,25 3
53238 798.000000 1452.000000 ,20 4
61902 778.500000 1450.500000 ,67 3 ,50 2
64456 813.000000 1401.000000 ,54 5 ,12 1 ,91 3
64835 784.500000 1437.000000 ,85 4
78180 801.000000 1396.500000 ,14 5 ,51 1 ,38 2 ,98 5 ,5 3
79509 783.000000 1413.000000 ,64 3 ,21 5
85851 780.000000 1395.000000 ,28 5 ,4 1
94559 783.000000 1392.000000 ,13 1 ,5 5
95961 795.000000 1396.500000 ,34 3
96649 772.500000 1395.000000 ,68 3 ,82 1 ,32 2
97103 783.000000 1402.500000 ,93 2
97292 768.000000 1420.500000 ,46 2 ,31 1 ,62 3 ,7 4 ,63 5
