5664 3103.500000 2583.000000 ,61 4 ,33 1 ,68 1
9640 3099.000000 2587.500000 ,15 2 ,27 5 ,65 2 ,14 4 ,29 2 ,38 5
15694 3102.000000 2605.500000 ,93 4 ,24 3 ,22 3
16077 3103.500000 2554.500000 ,31 4 ,94 4
20452 3093.000000 2589.000000 ,9 3 ,87 3
20755 3096.000000 2556.000000 ,16 1 ,11 5 ,99 4 ,51 4
26415 3090.000000 2596.500000 ,81 3 ,34 1 ,46 2 ,42 4 ,36 3 ,0 1
32109 3103.500000 2571.000000 ,13 2 ,72 5
33842 3099.000000 2586.000000 ,40 5 ,59 1
36874 3102.000000 2554.500000 ,60 2 ,89 1 ,12 3
44170 3096.000000 2610.000000 ,95 5 ,82 4 ,69 2 ,68 1 ,33 1
51688 3112.500000 2616.000000 ,43 1 ,69 2 ,49 5
57723 3114.000000 2568.000000 ,18 3 ,68 3 ,71 5 ,57 1 ,66 1 ,38 2
59573 3097.500000 2578.500000 ,49 3 ,0 3 ,40 5 ,5 5
70534 3108.000000 2565.000000 ,3 3 ,38 4 ,59 3
71943 3120.000000 2562.000000 ,37 3 ,72 5 ,75 3 ,7 5 ,62 2 ,43 5
81578 3123.000000 2557.500000 ,59 3 ,60 2 ,68 3 ,16 3
85679 3102.000000 2601.000000 ,43 3 ,83 3 ,5 5
95979 3109.500000 2593.500000 ,42 1 ,43 2 ,52 1 ,20 1
99637 3126.000000 2559.000000 ,29 5 ,98 4 ,63 1
