4159 336.000000 1299.000000 ,4 1 ,24 4 ,7 2 ,75 1
5632 330.000000 1270.500000 ,99 5 ,12 2 ,38 3 ,28 5
10374 316.500000 1264.500000 ,11 5
18495 336.000000 1245.000000 ,29 3 ,41 1 ,37 4 ,96 4 ,53 4
18724 303.000000 1257.000000 ,26 5 ,11 2 ,27 1 ,57 5 ,24 3 ,1 3
21766 300.000000 1276.500000 ,46 5 ,48 5 ,40 2
23933 307.500000 1306.500000 ,72 3 ,38 5 ,54 1 ,81 3 ,70 1
23973 301.500000 1270.500000 ,6 4 ,14 4 ,64 3 ,34 4
30340 310.500000 1275.000000 ,29 5
33956 315.000000 1276.500000 ,34 2 ,87 1
50292 324.000000 1308.000000 ,81 1
51303 321.000000 1233.000000 ,4 5 ,85 1 ,52 1 ,73 5
59333 327.000000 1246.500000 ,78 2 ,1 1 ,3 5
64437 312.000000 1236.000000 ,87 2 ,29 2 ,19 2 ,50 3
69094 331.500000 1263.000000 ,39 1 ,21 3
75430 303.000000 1311.000000 ,84 4 ,69 5 ,97 2
75661 318.000000 1261.500000 ,90 1 ,27 1 ,18 5 ,30 5
84053 318.000000 1294.500000 ,67 3 ,31 2 ,70 5 ,45 5 ,49 2
85927 303.000000 1237.500000 ,7 3 ,81 2 ,85 1
89207 330.000000 1270.500000 ,27 4
92957 298.500000 1308.000000 ,46 2 ,68 2 ,35 2
96507 333.000000 1305.000000 ,34 2 ,21 4 ,42 5 ,2 1 ,23 2 ,95 5
99228 304.500000 1245.000000 ,30 4 ,88 3 ,4 4 ,59 5
