13914 1291.500000 2821.500000 ,32 5 ,61 1
18649 1258.500000 2794.500000 ,14 3 ,35 1 ,85 3 ,57 5 ,22 4 ,50 3
19659 1248.000000 2820.000000 ,11 5 ,8 1
22070 1293.000000 2823.000000 ,11 4 ,44 2 ,93 3 ,42 4
24798 1263.000000 2797.500000 ,16 3
31854 1254.000000 2794.500000 ,12 5 ,70 4 ,75 5
38663 1267.500000 2823.000000 ,84 2 ,82 3 ,72 1 ,44 2 ,28 2
39228 1299.000000 2797.500000 ,69 2 ,39 2 ,48 2 ,80 4
42302 1266.000000 2809.500000 ,86 4 ,63 4 ,88 5 ,38 3
44816 1261.500000 2799.000000 ,93 2 ,52 5 ,66 5 ,94 1 ,34 3
46512 1284.000000 2803.500000 ,76 1 ,26 2 ,67 5 ,96 4 ,42 5 ,61 2
50615 1257.000000 2805.000000 ,1 5 ,39 4 ,38 5 ,3 2
51440 1297.500000 2811.000000 ,64 5
56458 1284.000000 2817.000000 ,13 1 ,1 4 ,46 5 ,98 2
62024 1255.500000 2790.000000 ,96 2 ,20 5
66914 1306.500000 2814.000000 ,28 4 ,60 1 ,32 1 ,15 5 ,96 5 ,34 5
73909 1272.000000 2790.000000 ,71 1 ,79 2 ,81 3 ,84 4 ,64 1 ,66 4
98636 1252.500000 2802.000000 ,81 5 ,68 5 ,9 5 ,87 5 ,44 5
98692 1300.500000 2808.000000 ,52 1 ,35 2
