2525 2835.000000 2905.500000 ,1 5 ,85 4 ,99 4 ,92 2 ,38 4
2681 2808.000000 2911.500000 ,64 5 ,32 2
5371 2835.000000 2940.000000 ,10 4 ,45 2 ,37 4 ,70 2 ,23 3 ,28 1
6098 2800.500000 2929.500000 ,68 1 ,53 4 ,15 4 ,57 5
7094 2815.500000 2887.500000 ,33 5 ,48 2 ,92 5 ,30 3 ,60 2 ,36 2
10999 2817.000000 2928.000000 ,86 2 ,48 4 ,35 2 ,26 2 ,3 3 ,53 1
11057 2835.000000 2905.500000 ,46 1 ,49 2 ,87 3 ,30 1
13478 2835.000000 2907.000000 ,97 3 ,13 5 ,36 4 ,92 2 ,21 1
18458 2820.000000 2922.000000 ,94 5 ,60 4 ,7 4 ,37 4 ,49 1
19859 2808.000000 2895.000000 ,95 4 ,61 3 ,84 2 ,0 5 ,89 1
21937 2799.000000 2938.500000 ,92 1 ,86 4
37564 2821.500000 2902.500000 ,80 1
39765 2808.000000 2886.000000 ,78 3
42315 2836.500000 2904.000000 ,71 5 ,1 1 ,30 3 ,77 5
43579 2796.000000 2898.000000 ,32 1 ,62 1 ,93 4 ,25 4 ,33 4 ,63 4
50087 2796.000000 2899.500000 ,76 2 ,83 4
55986 2827.500000 2919.000000 ,52 3 ,62 1 ,77 3 ,90 1 ,25 4
67248 2824.500000 2919.000000 ,55 4 ,41 1 ,60 5 ,94 1 ,23 3 ,48 5
69009 2794.500000 2949.000000 ,27 4 ,6 3
77086 2824.500000 2950.500000 ,14 1 ,92 3 ,94 3 ,24 2
96976 2818.500000 2898.000000 ,13 1 ,79 3 ,74 4 ,35 5 ,64 4
