2416 2736.000000 775.500000 ,52 4 ,18 3 ,17 4
4385 2721.000000 733.500000 ,8 1 ,96 4 ,74 1 ,67 3 ,63 2 ,47 4
11014 2739.000000 757.500000 ,19 4 ,43 1
15161 2743.500000 729.000000 ,46 3 ,19 5
15901 2706.000000 753.000000 ,41 1
19629 2710.500000 765.000000 ,53 1 ,44 5 ,49 2 ,4 5
19988 2727.000000 774.000000 ,35 3 ,47 5
20223 2712.000000 765.000000 ,91 1
24963 2700.000000 732.000000 ,71 3 ,62 2 ,69 4 ,47 2
25760 2749.500000 744.000000 ,17 3 ,28 5 ,3 5 ,37 5 ,68 2 ,31 5
27010 2718.000000 765.000000 ,10 2 ,2 5 ,91 3
27417 2724.000000 772.500000 ,6 2 ,4 4 ,62 4 ,14 3
31881 2709.000000 741.000000 ,39 4
33171 2715.000000 735.000000 ,80 3 ,77 5
34130 2734.500000 753.000000 ,90 2 ,42 2 ,80 2
36369 2751.000000 732.000000 ,75 4 ,11 2 ,44 1 ,81 5 ,80 2
39970 2697.000000 735.000000 ,77 1 ,30 5 ,37 4 ,80 1 ,1 1 ,39 2
45168 2731.500000 778.500000 ,81 2 ,92 4 ,46 2 ,99 1 ,54 2
53829 2745.000000 771.000000 ,10 4 ,86 2 ,2 3
59228 2697.000000 777.000000 ,40 3 ,70 5
67227 2710.500000 762.000000 ,85 5 ,82 4 ,28 2 ,5 5
67873 2746.500000 732.000000 ,47 1
68214 2715.000000 739.500000 ,46 5 ,17 2 ,93 4 ,78 4 ,14 5
73027 2713.500000 748.500000 ,42 4 ,7 1
78370 2712.000000 756.000000 ,78 3 ,49 4 ,88 1
81432 2707.500000 735.000000 ,72 3 ,67 4 ,55 1 ,59 2 ,42 4 ,47 5
84876 2745.000000 735.000000 ,27 2 ,48 1
85556 2727.000000 732.000000 ,95 4
87297 2746.500000 748.500000 ,36 5 ,80 2 ,90 3
87440 2706.000000 735.000000 ,44 4 ,58 2 ,17 3 ,65 2 ,49 3
88351 2742.000000 756.000000 ,60 1 ,84 4 ,17 5 ,20 4 ,96 2 ,24 4
93438 2715.000000 760.500000 ,65 4 ,45 2 ,84 1 ,86 4
98480 2724.000000 744.000000 ,46 5 ,28 1 ,48 2 ,68 1 ,45 2
