6630 2272.500000 718.500000 ,55 2
9408 2320.500000 732.000000 ,71 1 ,27 3 ,57 1 ,11 4 ,35 1 ,83 1
17665 2331.000000 708.000000 ,17 5 ,5 4 ,42 5 ,8 4
25646 2307.000000 730.500000 ,11 2 ,48 1 ,9 4
28350 2340.000000 714.000000 ,69 1 ,74 3 ,77 4 ,50 4
32176 2290.500000 721.500000 ,69 4 ,71 5 ,46 1
37584 2326.500000 721.500000 ,69 1 ,45 5 ,35 2 ,63 3
39662 2284.500000 705.000000 ,53 1 ,8 2 ,12 5 ,42 4 ,79 4 ,48 4
41207 2332.500000 721.500000 ,73 5 ,10 5 ,21 1 ,37 4 ,9 3
42152 2292.000000 706.500000 ,73 5
46266 2325.000000 727.500000 ,53 3 ,71 3 ,5 5
54515 2343.000000 729.000000 ,87 1 ,6 1 ,38 1
62528 2290.500000 720.000000 ,94 1 ,27 3 ,72 4
63354 2313.000000 727.500000 ,15 3 ,90 1 ,38 1 ,52 5
66448 2311.500000 721.500000 ,25 5 ,87 3 ,7 2
68806 2310.000000 720.000000 ,38 3
70521 2319.000000 717.000000 ,35 3 ,40 1 ,90 2 ,83 1
74754 2278.500000 717.000000 ,47 1 ,85 1 ,23 3
82874 2292.000000 709.500000 ,76 1 ,26 1 ,22 4 ,34 1 ,53 3
97293 2331.000000 708.000000 ,14 3 ,40 5 ,43 1
98452 2349.000000 714.000000 ,8 4 ,92 5 ,55 3 ,19 4 ,17 4 ,37 2
