378 2689.500000 487.500000 ,42 2 ,15 2 ,47 5 ,87 4 ,46 3 ,52 3
600 2740.500000 453.000000 ,53 1 ,40 3 ,86 3 ,35 2 ,19 2
4742 2737.500000 480.000000 ,9 5 ,90 2 ,50 2 ,1 5 ,58 3
9826 2745.000000 502.500000 ,33 4 ,17 4 ,62 3 ,43 3
13056 2686.500000 465.000000 ,3 1 ,65 5
15616 2677.500000 478.500000 ,22 4 ,39 1 ,8 3 ,69 2
19357 2689.500000 457.500000 ,13 2 ,81 1 ,26 5
19583 2701.500000 498.000000 ,89 5 ,91 5 ,59 2 ,47 2 ,16 1 ,38 5
20744 2712.000000 457.500000 ,15 1
29967 2742.000000 495.000000 ,53 4
32170 2722.500000 504.000000 ,99 1 ,90 1 ,94 5 ,51 3
32944 2722.500000 484.500000 ,28 5
35542 2731.500000 498.000000 ,7 4
36368 2740.500000 465.000000 ,48 3 ,49 1 ,36 2 ,9 1 ,41 2 ,59 1
39751 2691.000000 511.500000 ,86 4 ,12 5 ,98 2
41468 2676.000000 451.500000 ,95 1
42600 2740.500000 459.000000 ,34 1 ,91 2 ,44 3 ,95 5 ,48 3 ,92 3
47973 2682.000000 441.000000 ,16 4 ,88 4
48238 2716.500000 472.500000 ,85 1 ,63 5 ,22 3 ,20 4 ,98 3 ,10 1
52067 2713.500000 484.500000 ,66 5 ,43 1 ,4 4 ,70 3 ,50 2 ,40 4
54056 2721.000000 447.000000 ,44 1
54359 2683.500000 510.000000 ,19 2 ,86 3 ,57 5 ,94 2 ,98 2
55513 2688.000000 514.500000 ,42 2 ,35 5 ,37 2 ,65 2 ,10 2
57658 2691.000000 450.000000 ,10 4 ,38 2 ,19 2 ,98 1 ,61 3
59147 2748.000000 484.500000 ,19 4 ,72 3
65860 2703.000000 459.000000 ,33 3 ,75 3 ,3 4
73960 2746.500000 498.000000 ,50 1 ,83 1 ,33 1 ,75 3 ,32 3 ,71 4
74543 2745.000000 457.500000 ,42 1 ,54 4 ,50 2 ,83 4
74649 2743.500000 513.000000 ,7 1 ,18 2 ,98 5 ,12 3
82537 2710.500000 502.500000 ,50 1 ,95 5 ,57 4 ,22 1 ,76 2 ,87 2
84609 2713.500000 444.000000 ,58 1 ,29 3 ,19 3 ,3 5 ,38 3 ,23 2
85596 2694.000000 481.500000 ,31 1 ,38 4
87627 2716.500000 504.000000 ,92 1 ,3 5
96283 2701.500000 444.000000 ,76 5 ,71 5 ,36 2 ,7 1 ,20 1 ,59 3
97842 2731.500000 486.000000 ,9 2 ,13 1 ,43 2 ,1 3
98359 2724.000000 451.500000 ,31 5
98476 2685.000000 513.000000 ,44 2 ,51 1 ,42 3
