2376 4231.500000 2437.500000 ,18 2 ,63 5
2629 4221.000000 2428.500000 ,82 4 ,28 5 ,25 3 ,12 4 ,31 4 ,20 3
6919 4206.000000 2404.500000 ,17 5 ,13 2
14470 4227.000000 2401.500000 ,75 1 ,66 5 ,40 2 ,64 3 ,84 1 ,60 5
17374 4198.500000 2398.500000 ,14 2 ,9 4 ,93 1 ,1 3 ,82 1 ,61 4
19331 4219.500000 2403.000000 ,66 5 ,50 2 ,2 3
19688 4222.500000 2397.000000 ,87 4 ,80 4 ,90 4 ,9 3 ,27 1
22916 4210.500000 2422.500000 ,61 4 ,74 3
23808 4207.500000 2398.500000 ,54 1 ,46 5 ,21 4
35089 4227.000000 2446.500000 ,31 4 ,89 2 ,34 1
35569 4209.000000 2413.500000 ,74 3 ,97 5 ,38 5 ,52 1 ,95 4 ,93 3
37266 4221.000000 2412.000000 ,21 3 ,82 5 ,31 5 ,58 4 ,10 2 ,88 5
37370 4216.500000 2407.500000 ,8 4 ,30 3 ,72 2 ,78 4 ,64 5 ,18 3
38851 4227.000000 2439.000000 ,77 4 ,55 5 ,22 3
39835 4206.000000 2440.500000 ,28 2 ,52 1 ,44 5 ,64 4 ,29 2
49628 4224.000000 2419.500000 ,41 1 ,1 4
51236 4213.500000 2422.500000 ,16 5 ,48 1 ,32 2
67648 4215.000000 2440.500000 ,9 2 ,74 3
69995 4224.000000 2413.500000 ,40 3 ,61 4
79852 4227.000000 2409.000000 ,65 1 ,80 3 ,74 2
