3655 1572.000000 2826.000000 ,15 1 ,68 2 ,87 1 ,32 3
11372 1533.000000 2770.500000 ,89 3 ,38 3 ,25 3 ,43 2
16104 1542.000000 2803.500000 ,17 5 ,0 5 ,72 5 ,6 4
16912 1537.500000 2806.500000 ,22 5 ,15 4 ,24 2 ,52 3 ,30 2 ,78 3
17161 1548.000000 2830.500000 ,89 5 ,47 1 ,9 5 ,22 2 ,31 1
18832 1545.000000 2820.000000 ,31 1 ,27 2
24319 1540.500000 2770.500000 ,55 4 ,74 1
24363 1536.000000 2800.500000 ,40 5
24792 1534.500000 2824.500000 ,72 5
31687 1539.000000 2788.500000 ,37 5 ,71 1 ,27 3 ,33 3 ,38 2
36491 1564.500000 2817.000000 ,31 5 ,91 4 ,43 2
36613 1573.500000 2826.000000 ,19 5
36627 1555.500000 2808.000000 ,63 2
44341 1561.500000 2787.000000 ,67 5 ,2 2 ,62 4
45595 1554.000000 2802.000000 ,96 5 ,71 4 ,44 2 ,92 4 ,45 3 ,24 4
46740 1530.000000 2779.500000 ,15 1
48138 1543.500000 2802.000000 ,86 5 ,70 5 ,3 3 ,17 1 ,12 2
51454 1543.500000 2794.500000 ,61 2 ,76 3 ,98 4 ,21 1
52063 1566.000000 2781.000000 ,78 2 ,10 4 ,56 2 ,89 4
53651 1549.500000 2835.000000 ,94 5 ,14 3 ,12 2 ,80 1
55389 1560.000000 2808.000000 ,68 4
57089 1530.000000 2836.500000 ,43 4 ,63 3 ,1 5
59716 1569.000000 2772.000000 ,77 1 ,13 1 ,6 1 ,31 2 ,42 3
61350 1545.000000 2776.500000 ,88 5 ,93 3 ,47 1 ,15 4 ,81 1
62813 1530.000000 2776.500000 ,95 2
64714 1563.000000 2812.500000 ,36 5 ,44 3 ,39 3
78402 1539.000000 2773.500000 ,27 2 ,85 2 ,62 2 ,14 3 ,36 4 ,19 3
80544 1552.500000 2767.500000 ,89 2 ,48 3 ,70 4 ,94 1
87506 1540.500000 2790.000000 ,51 1 ,27 2 ,43 1 ,68 2 ,15 1 ,17 4
94819 1543.500000 2760.000000 ,52 4 ,54 3 ,11 5 ,72 3 ,61 1 ,47 5
97766 1530.000000 2832.000000 ,15 3
