2033 3711.000000 232.500000 ,60 2 ,55 1 ,11 3 ,81 2 ,47 5
4649 3681.000000 234.000000 ,80 5 ,20 2
8889 3721.500000 231.000000 ,65 2 ,47 5 ,25 1
10506 3685.500000 187.500000 ,97 1 ,92 4 ,44 2 ,49 1 ,29 4
10677 3699.000000 196.500000 ,51 4
13332 3709.500000 237.000000 ,35 4 ,72 5 ,16 5 ,64 2 ,59 1 ,52 4
13469 3748.500000 222.000000 ,79 1 ,31 4 ,68 4 ,38 3
17996 3751.500000 238.500000 ,99 4 ,55 3 ,71 3 ,52 4 ,94 2 ,34 2
21094 3721.500000 204.000000 ,66 3
25946 3696.000000 217.500000 ,94 3 ,10 1 ,1 5 ,14 3 ,69 4
30232 3685.500000 189.000000 ,79 1 ,50 5 ,22 5
35238 3684.000000 214.500000 ,0 2 ,29 3 ,88 1 ,44 2 ,87 3 ,25 4
41292 3670.500000 186.000000 ,45 5 ,97 2 ,47 3
46450 3681.000000 205.500000 ,48 4 ,61 5 ,45 2
46976 3685.500000 219.000000 ,65 1 ,32 5
50371 3697.500000 195.000000 ,53 2
50433 3708.000000 234.000000 ,86 1 ,21 5 ,63 4 ,38 3
52354 3717.000000 228.000000 ,76 3 ,30 5 ,58 1 ,25 1 ,46 3 ,79 2
53502 3763.500000 192.000000 ,27 5 ,29 2 ,8 2
54595 3757.500000 226.500000 ,29 4 ,77 3 ,30 4 ,83 2 ,51 1
57950 3750.000000 195.000000 ,94 2 ,67 4 ,28 1
61433 3721.500000 198.000000 ,28 3 ,63 1 ,46 5 ,99 3 ,16 4 ,19 4
62515 3726.000000 222.000000 ,54 3 ,58 1 ,9 4 ,32 3 ,82 2
66033 3708.000000 240.000000 ,50 5 ,79 5
68094 3694.500000 213.000000 ,5 2 ,59 3 ,21 3
68146 3744.000000 190.500000 ,31 3
69356 3682.500000 211.500000 ,56 1 ,43 1 ,22 1
71347 3690.000000 235.500000 ,34 5 ,59 4 ,3 1 ,37 5 ,53 2 ,96 3
72263 3736.500000 205.500000 ,1 4 ,81 5 ,40 4 ,20 5 ,71 4
75629 3730.500000 210.000000 ,10 5 ,60 5 ,73 2
79909 3702.000000 216.000000 ,7 4
81690 3697.500000 223.500000 ,69 3 ,29 3 ,47 4 ,18 4
82661 3726.000000 229.500000 ,56 5 ,97 1 ,25 1 ,1 5 ,0 5 ,80 4
88145 3666.000000 210.000000 ,34 4 ,71 4
91153 3669.000000 205.500000 ,68 5 ,78 5 ,25 2 ,34 3 ,14 1
99752 3744.000000 231.000000 ,78 2 ,82 2
