178 318.000000 2767.500000 ,46 4
1039 337.500000 2784.000000 ,53 4 ,93 4 ,54 1 ,84 3 ,66 3 ,29 3
1819 345.000000 2811.000000 ,17 5
8364 303.000000 2803.500000 ,28 3 ,50 3 ,41 2 ,95 1 ,39 4
12893 324.000000 2760.000000 ,85 2 ,83 5 ,57 1
13576 339.000000 2752.500000 ,11 3
16590 342.000000 2788.500000 ,28 3 ,64 3 ,87 2 ,36 1 ,79 2
20068 312.000000 2802.000000 ,45 2 ,36 1 ,13 4
26111 336.000000 2806.500000 ,29 2 ,54 2 ,50 2
36527 310.500000 2772.000000 ,18 4 ,52 2
39117 340.500000 2793.000000 ,97 2 ,30 1 ,90 1 ,37 5 ,26 4 ,63 2
40423 352.500000 2811.000000 ,88 1 ,3 4 ,78 3 ,73 5 ,31 2
41605 346.500000 2806.500000 ,46 3
43381 322.500000 2788.500000 ,81 2 ,63 1
46353 345.000000 2797.500000 ,62 3 ,9 1
48949 351.000000 2763.000000 ,90 5
53312 330.000000 2784.000000 ,60 5 ,63 4 ,31 1 ,81 3 ,55 4 ,84 4
53758 342.000000 2794.500000 ,38 2 ,35 2 ,90 5 ,83 4 ,98 3 ,26 4
59715 277.500000 2764.500000 ,34 2 ,44 1 ,5 2 ,94 1 ,38 4
60301 313.500000 2773.500000 ,25 2 ,15 1 ,81 1 ,57 2 ,35 1 ,18 4
61373 346.500000 2751.000000 ,69 3 ,83 5 ,97 2
70930 345.000000 2811.000000 ,13 1 ,41 3
79499 340.500000 2799.000000 ,49 5 ,73 3
86452 360.000000 2785.500000 ,75 4 ,69 5 ,65 3 ,30 3 ,40 1 ,61 1
87490 277.500000 2751.000000 ,69 2 ,43 1 ,42 5
92290 309.000000 2793.000000 ,9 3 ,93 3
94746 321.000000 2755.500000 ,85 4 ,41 5 ,35 2 ,3 5 ,67 2
95366 358.500000 2806.500000 ,43 5
95882 327.000000 2790.000000 ,99 1 ,15 4 ,18 1 ,68 5 ,72 4 ,10 3
97219 342.000000 2799.000000 ,66 3 ,92 2 ,18 5 ,29 4
98134 298.500000 2778.000000 ,0 5 ,91 2 ,81 1 ,31 5 ,51 3
99425 288.000000 2764.500000 ,89 2 ,77 2 ,65 2
