2469 1840.500000 1095.000000 ,45 5 ,50 3 ,63 3 ,41 5 ,79 2
3334 1839.000000 1039.500000 ,6 4 ,13 3 ,5 5 ,15 5 ,58 4 ,72 3
12253 1851.000000 1050.000000 ,57 1
13898 1843.500000 1096.500000 ,62 3 ,79 1 ,31 2 ,96 3
14150 1867.500000 1062.000000 ,71 3 ,99 2 ,62 5
18846 1858.500000 1090.500000 ,97 5 ,17 5
20638 1872.000000 1033.500000 ,81 4 ,82 5 ,59 3 ,58 1 ,45 5 ,10 1
24375 1854.000000 1066.500000 ,28 4 ,49 2 ,32 1 ,51 5 ,23 4 ,21 3
25191 1849.500000 1068.000000 ,95 4 ,31 2 ,85 1 ,15 4
30141 1867.500000 1062.000000 ,2 4 ,99 2
31239 1870.500000 1062.000000 ,36 2
33207 1840.500000 1092.000000 ,49 5 ,24 4
37163 1836.000000 1060.500000 ,45 5
45146 1845.000000 1075.500000 ,18 5 ,50 5 ,64 5 ,3 1
45855 1851.000000 1054.500000 ,23 5 ,90 2
49592 1864.500000 1054.500000 ,41 2
52742 1842.000000 1045.500000 ,39 4 ,2 3 ,9 3
53495 1863.000000 1078.500000 ,47 3 ,50 4
57315 1839.000000 1042.500000 ,46 4 ,10 5 ,30 5 ,63 5 ,26 4
70905 1854.000000 1081.500000 ,62 3 ,56 4 ,89 5 ,4 1 ,41 5
71412 1837.500000 1056.000000 ,86 5 ,45 1 ,93 4 ,47 4 ,15 1
77142 1837.500000 1048.500000 ,10 1 ,86 3 ,46 4 ,61 3 ,6 4 ,54 4
81616 1843.500000 1050.000000 ,36 5 ,12 3 ,57 2
82201 1833.000000 1033.500000 ,93 1 ,49 2
88342 1861.500000 1053.000000 ,15 5 ,11 4
88564 1864.500000 1075.500000 ,85 3 ,97 2 ,93 4 ,83 3 ,12 3
89750 1854.000000 1036.500000 ,71 4 ,23 1
90842 1833.000000 1095.000000 ,32 2
92347 1869.000000 1047.000000 ,86 2 ,63 3 ,85 1
97472 1861.500000 1057.500000 ,81 4 ,16 1 ,11 5 ,73 5 ,33 4 ,79 1
99261 1849.500000 1081.500000 ,65 4 ,93 3 ,91 3
