584 3654.000000 2242.500000 ,34 4 ,45 5 ,69 3 ,9 1
3564 3633.000000 2238.000000 ,19 1 ,73 5
11487 3685.500000 2227.500000 ,35 4
18382 3664.500000 2257.500000 ,97 4
19447 3682.500000 2262.000000 ,57 4
19984 3658.500000 2233.500000 ,81 1
23529 3675.000000 2224.500000 ,8 5 ,34 4 ,80 4
26798 3687.000000 2259.000000 ,79 5 ,4 5 ,57 5
28629 3652.500000 2197.500000 ,99 5
31701 3642.000000 2233.500000 ,41 4 ,11 3 ,71 5
35790 3664.500000 2254.500000 ,79 2 ,32 4 ,57 4 ,84 5 ,52 3 ,83 5
37869 3627.000000 2254.500000 ,41 2 ,68 5
46007 3688.500000 2209.500000 ,21 4 ,55 5
49177 3654.000000 2262.000000 ,58 2 ,22 1 ,9 5 ,55 5 ,43 2
50444 3681.000000 2251.500000 ,84 1 ,7 3 ,78 2 ,61 3
51757 3670.500000 2259.000000 ,82 4 ,18 5 ,26 5 ,64 1 ,89 5
51769 3663.000000 2236.500000 ,1 3 ,29 3 ,81 5 ,68 5 ,86 2 ,73 2
52034 3652.500000 2188.500000 ,48 1 ,63 3
54165 3675.000000 2266.500000 ,16 5
56820 3654.000000 2257.500000 ,61 2 ,6 3
57676 3658.500000 2214.000000 ,94 1 ,77 3 ,56 3 ,6 1 ,39 5 ,74 2
59519 3684.000000 2260.500000 ,38 1 ,26 2
60520 3633.000000 2253.000000 ,49 1
60584 3666.000000 2263.500000 ,63 3 ,39 4 ,76 4 ,44 4
60682 3637.500000 2233.500000 ,25 3 ,41 4 ,21 5
62262 3681.000000 2190.000000 ,91 3 ,98 1 ,86 3 ,39 5 ,72 1 ,67 2
66933 3666.000000 2224.500000 ,42 2 ,0 3 ,63 5 ,46 2
72692 3660.000000 2245.500000 ,8 1 ,59 2
78100 3676.500000 2175.000000 ,56 4 ,67 2 ,82 3 ,46 4
82157 3685.500000 2253.000000 ,24 1 ,71 3 ,70 2 ,29 3 ,47 4 ,50 5
82827 3664.500000 2230.500000 ,56 1 ,79 3 ,68 2 ,70 1
83920 3658.500000 2257.500000 ,92 5 ,2 5 ,51 1 ,17 2 ,84 1
84187 3627.000000 2265.000000 ,36 4 ,53 5 ,34 2 ,82 4
87614 3640.500000 2218.500000 ,29 3 ,53 5
91202 3622.500000 2248.500000 ,40 2
98358 3664.500000 2202.000000 ,49 5 ,34 4
