2538 2842.500000 2656.500000 ,57 2 ,17 3 ,14 5
3508 2838.000000 2710.500000 ,63 1 ,77 4 ,93 2 ,44 4
11970 2842.500000 2697.000000 ,40 3 ,65 3 ,3 5
19359 2814.000000 2704.500000 ,82 4 ,21 2 ,42 2
22876 2797.500000 2704.500000 ,57 2 ,77 4 ,79 2 ,56 1 ,22 3
23204 2799.000000 2719.500000 ,89 2 ,91 1 ,99 4 ,38 4 ,55 5
23241 2806.500000 2680.500000 ,85 2 ,59 2 ,58 5
30275 2842.500000 2683.500000 ,95 3 ,67 5 ,40 5
30324 2835.000000 2674.500000 ,81 2 ,77 4
30922 2847.000000 2658.000000 ,83 1 ,51 4 ,84 1 ,31 4
31309 2799.000000 2664.000000 ,92 2 ,49 4
31656 2848.500000 2658.000000 ,50 2 ,99 2 ,93 5 ,35 5
31748 2817.000000 2673.000000 ,74 1 ,62 4 ,90 4 ,57 4 ,64 2
35407 2824.500000 2694.000000 ,71 2 ,34 2 ,48 2 ,19 1 ,58 1 ,98 3
37520 2842.500000 2656.500000 ,35 3 ,48 5 ,1 5
37805 2818.500000 2692.500000 ,78 3 ,5 3 ,28 2 ,72 1
41675 2799.000000 2701.500000 ,25 3 ,63 1 ,0 1
42267 2808.000000 2661.000000 ,11 2 ,22 1 ,86 3 ,21 3 ,35 2 ,76 3
42431 2850.000000 2700.000000 ,47 1 ,31 4
46922 2818.500000 2706.000000 ,19 4 ,7 3 ,79 1 ,60 5 ,65 1 ,1 2
49767 2839.500000 2721.000000 ,41 3
52074 2826.000000 2685.000000 ,35 5 ,99 3 ,13 3 ,6 1 ,62 3
52470 2823.000000 2676.000000 ,83 1 ,50 4
52738 2848.500000 2697.000000 ,20 3 ,58 5 ,70 5 ,40 2 ,71 2 ,92 5
53946 2826.000000 2665.500000 ,2 2 ,98 4 ,33 2
59432 2796.000000 2670.000000 ,6 5
68506 2806.500000 2670.000000 ,78 1 ,76 4
70226 2838.000000 2668.500000 ,75 1 ,63 1 ,40 4 ,31 1 ,58 5
76223 2836.500000 2722.500000 ,28 4 ,69 1 ,14 1 ,95 5 ,53 2
83919 2800.500000 2689.500000 ,82 2 ,28 2 ,71 1 ,52 5 ,29 2 ,20 2
87532 2805.000000 2691.000000 ,42 5 ,59 4 ,21 3 ,37 4 ,84 2
91792 2817.000000 2655.000000 ,10 3 ,11 2 ,58 2 ,18 4 ,34 2
94055 2839.500000 2698.500000 ,36 3 ,57 2 ,86 2
98323 2824.500000 2709.000000 ,56 5 ,82 2
