5990 3778.500000 1660.500000 ,34 4 ,91 4 ,14 5 ,80 4
7974 3772.500000 1666.500000 ,85 1 ,31 3 ,64 5 ,53 5 ,96 3 ,6 3
8221 3793.500000 1674.000000 ,72 5 ,74 3 ,53 2
9840 3813.000000 1677.000000 ,56 4 ,7 5 ,28 1 ,8 1 ,42 5
10716 3762.000000 1666.500000 ,65 3 ,36 1 ,8 5 ,28 5
11660 3820.500000 1684.500000 ,55 1 ,40 1 ,67 2
14023 3769.500000 1684.500000 ,78 4 ,93 4
16862 3820.500000 1671.000000 ,94 1 ,44 3
17558 3835.500000 1677.000000 ,28 5
19611 3781.500000 1668.000000 ,13 1 ,18 5 ,62 2 ,47 2 ,64 1
20165 3772.500000 1660.500000 ,1 2 ,93 3 ,49 5 ,17 4
22914 3811.500000 1659.000000 ,7 4 ,50 3
28579 3811.500000 1657.500000 ,97 3
33720 3810.000000 1686.000000 ,83 3 ,92 5 ,27 4 ,43 5 ,81 5 ,97 4
38928 3832.500000 1668.000000 ,95 2 ,67 3 ,99 5 ,66 1 ,71 4
40417 3825.000000 1668.000000 ,72 5 ,16 5 ,52 2
43504 3753.000000 1669.500000 ,30 4 ,73 1 ,89 3 ,59 2 ,97 4
51062 3834.000000 1651.500000 ,27 2 ,24 2 ,47 2
54645 3826.500000 1686.000000 ,35 1 ,50 3 ,25 3 ,87 5 ,62 4
57620 3826.500000 1656.000000 ,71 5
58831 3768.000000 1681.500000 ,10 2 ,65 2 ,16 3 ,93 2
67079 3805.500000 1662.000000 ,53 5 ,66 3 ,75 1
83722 3751.500000 1675.500000 ,66 4 ,69 2
83781 3754.500000 1665.000000 ,75 2
91443 3756.000000 1663.500000 ,90 1 ,17 3 ,32 1 ,34 2
96474 3834.000000 1660.500000 ,89 3 ,9 4 ,28 2 ,7 4 ,18 5 ,92 4
96692 3784.500000 1666.500000 ,27 1 ,50 3 ,97 1
99065 3828.000000 1668.000000 ,59 2
