9547 900.000000 2043.000000 ,12 4 ,87 2 ,90 1 ,77 5 ,11 5
13325 895.500000 2073.000000 ,94 4 ,1 3 ,87 4 ,77 1
17189 898.500000 2061.000000 ,42 1 ,82 2 ,89 1 ,10 4 ,21 1 ,1 4
17937 943.500000 2097.000000 ,14 1 ,12 5 ,41 2 ,69 5 ,77 4 ,71 4
18002 916.500000 2035.500000 ,60 5 ,4 2 ,20 5 ,89 1
19833 933.000000 2095.500000 ,63 1 ,5 1 ,14 3 ,83 5
20597 943.500000 2029.500000 ,96 4 ,49 2 ,65 4 ,43 1 ,10 5
26916 897.000000 2026.500000 ,23 3 ,3 5
27956 945.000000 2058.000000 ,32 5 ,60 3
29836 904.500000 2035.500000 ,25 2 ,46 3 ,10 3
29869 924.000000 2073.000000 ,34 1 ,42 1
32973 907.500000 2062.500000 ,55 2 ,52 3 ,99 3 ,34 3 ,71 2
34438 924.000000 2029.500000 ,28 3 ,10 4
37061 913.500000 2035.500000 ,26 1
39231 900.000000 2110.500000 ,17 1 ,12 1 ,42 4 ,18 2 ,8 4
41487 891.000000 2029.500000 ,33 4 ,1 2
46115 922.500000 2058.000000 ,7 5 ,35 4 ,34 5 ,84 2 ,21 5
46337 918.000000 2064.000000 ,10 4 ,22 3 ,5 2 ,52 5 ,13 2 ,49 5
46833 948.000000 2025.000000 ,28 4 ,34 4 ,48 1 ,95 5
56264 901.500000 2025.000000 ,20 2 ,47 4 ,61 4 ,43 2
57032 942.000000 2083.500000 ,43 4
57035 943.500000 2086.500000 ,41 1 ,25 1 ,57 4
60842 945.000000 2079.000000 ,79 2 ,49 2 ,67 4 ,28 5 ,60 4
62474 894.000000 2034.000000 ,23 5 ,83 2
65457 936.000000 2058.000000 ,1 4 ,81 5 ,78 5 ,18 3 ,59 4
69033 922.500000 2031.000000 ,10 4 ,83 3 ,3 5 ,29 3 ,94 3
70570 909.000000 2068.500000 ,92 1
73167 942.000000 2061.000000 ,45 4 ,49 1 ,51 1 ,39 1 ,20 2
78649 922.500000 2074.500000 ,46 1 ,75 5 ,52 4 ,65 3
80876 892.500000 2118.000000 ,30 4 ,63 5 ,94 4 ,39 3
81837 933.000000 2118.000000 ,6 2 ,30 1 ,92 5
86259 894.000000 2107.500000 ,29 1
87340 921.000000 2026.500000 ,59 2 ,11 2 ,98 3 ,66 5 ,65 3 ,82 3
88749 942.000000 2088.000000 ,2 2 ,71 4 ,19 1
94701 918.000000 2073.000000 ,58 1 ,87 2
95890 922.500000 2107.500000 ,78 5 ,66 4
96739 922.500000 2098.500000 ,66 4 ,31 1 ,70 5 ,29 5
