4591 4245.000000 2766.000000 ,14 4 ,84 2
7150 4234.500000 2766.000000 ,74 4 ,89 4 ,43 3 ,72 3
8502 4242.000000 2784.000000 ,65 5 ,50 1 ,19 4
8853 4282.500000 2787.000000 ,49 4 ,0 2 ,18 1 ,26 3
16338 4275.000000 2743.500000 ,17 2 ,15 4 ,45 4 ,11 3 ,68 4
17906 4243.500000 2758.500000 ,49 3 ,78 5 ,95 1 ,40 1 ,50 1 ,92 1
26209 4267.500000 2728.500000 ,23 2
26793 4254.000000 2790.000000 ,21 1 ,17 5 ,4 2 ,54 4 ,35 2
29511 4251.000000 2775.000000 ,14 1 ,80 3 ,39 2 ,81 4 ,16 1 ,8 2
32072 4266.000000 2754.000000 ,71 2 ,58 4 ,33 5
38704 4233.000000 2725.500000 ,83 5 ,44 4 ,52 1 ,54 5 ,99 4
40963 4230.000000 2776.500000 ,41 2 ,42 1
48102 4227.000000 2799.000000 ,75 3 ,83 1 ,67 5
48432 4248.000000 2802.000000 ,38 2 ,16 4
52226 4270.500000 2766.000000 ,10 1 ,89 4 ,32 5 ,24 2 ,58 5
56399 4221.000000 2782.500000 ,6 5 ,67 1 ,95 3 ,57 5
58509 4275.000000 2743.500000 ,75 5
65832 4275.000000 2740.500000 ,21 3 ,20 5 ,16 2
68345 4246.500000 2775.000000 ,11 2 ,56 2 ,72 1 ,80 3 ,40 5 ,68 1
70685 4219.500000 2785.500000 ,66 5 ,77 1 ,2 1
72578 4242.000000 2793.000000 ,33 2 ,29 1 ,28 3 ,4 3 ,45 2 ,37 3
74706 4218.000000 2772.000000 ,2 3 ,76 3 ,57 3 ,8 1
81190 4212.000000 2797.500000 ,20 5 ,29 5 ,84 5 ,56 2
81283 4219.500000 2746.500000 ,52 1 ,4 1
83757 4237.500000 2748.000000 ,93 3 ,53 4
84115 4237.500000 2802.000000 ,13 3 ,78 2
85676 4285.500000 2790.000000 ,16 3 ,75 2 ,62 2 ,64 3 ,32 1 ,79 3
91257 4264.500000 2763.000000 ,12 2 ,38 5 ,48 2
94260 4281.000000 2749.500000 ,29 2 ,16 4 ,23 2
96222 4240.500000 2796.000000 ,60 1 ,97 5 ,0 1
96993 4239.000000 2730.000000 ,20 3 ,43 3 ,81 5 ,58 4
98853 4254.000000 2724.000000 ,19 3 ,39 5
98855 4221.000000 2734.500000 ,1 4 ,42 1 ,98 3
99777 4255.500000 2730.000000 ,63 1 ,75 1 ,84 3
