3027 2037.000000 2065.500000 ,52 5 ,82 2
4209 2016.000000 2058.000000 ,98 3 ,41 3 ,71 4 ,6 2
6676 2026.500000 2047.500000 ,59 1 ,92 5 ,5 5 ,89 1 ,21 1
9782 2038.500000 2038.500000 ,77 1
13012 2026.500000 2070.000000 ,90 3 ,15 4 ,47 1
13290 2028.000000 2050.500000 ,16 2
19428 2014.500000 2037.000000 ,84 2 ,49 1 ,66 2 ,88 2
32069 2005.500000 2047.500000 ,70 5 ,78 5 ,52 5 ,96 2
37716 2035.500000 2076.000000 ,70 3 ,49 4 ,18 5
39383 2037.000000 2059.500000 ,25 4
39564 2059.500000 2038.500000 ,3 3 ,57 3
42327 2055.000000 2077.500000 ,68 3 ,34 4
49125 2028.000000 2065.500000 ,59 3 ,35 4 ,66 3
53765 2020.500000 2079.000000 ,0 4 ,95 2 ,20 3 ,5 2
59027 2034.000000 2064.000000 ,39 2 ,89 4 ,85 2
66297 2058.000000 2077.500000 ,12 5 ,43 3 ,94 4 ,49 5 ,46 5
68340 2055.000000 2056.500000 ,40 2 ,0 1 ,61 2 ,52 5 ,77 2
69120 2020.500000 2043.000000 ,10 4 ,46 1 ,67 4 ,97 4
75269 2020.500000 2044.500000 ,84 4 ,85 5 ,36 2 ,22 1
81528 2031.000000 2041.500000 ,72 1 ,24 4
92956 2059.500000 2080.500000 ,49 4 ,58 2 ,61 1 ,52 3 ,88 2
95638 2050.500000 2050.500000 ,45 2 ,0 5
98858 1999.500000 2037.000000 ,96 1 ,60 2 ,95 4 ,11 2 ,5 4
