714 1647.000000 2407.500000 ,8 2 ,96 5 ,5 2 ,13 1
1296 1656.000000 2392.500000 ,52 4 ,33 2 ,44 1 ,75 5
2099 1693.500000 2388.000000 ,34 1 ,48 4 ,8 2
2782 1650.000000 2368.500000 ,3 5 ,80 4
13220 1707.000000 2404.500000 ,21 5 ,19 1 ,82 2 ,29 4 ,61 1 ,36 2
15664 1704.000000 2403.000000 ,33 3 ,55 1 ,42 5 ,50 1 ,79 4
18066 1692.000000 2380.500000 ,8 4 ,34 2
21537 1648.500000 2395.500000 ,61 3 ,15 1
24999 1674.000000 2409.000000 ,40 5 ,18 1 ,17 4 ,49 1 ,0 2 ,51 5
25780 1657.500000 2382.000000 ,19 1 ,7 4
29095 1644.000000 2367.000000 ,31 1 ,82 5 ,95 2
29962 1686.000000 2383.500000 ,98 4 ,78 1 ,26 5
30534 1648.500000 2367.000000 ,5 5 ,93 1 ,22 4 ,16 3
30567 1686.000000 2374.500000 ,49 3 ,15 3
40013 1642.500000 2386.500000 ,95 4 ,54 3
43513 1669.500000 2395.500000 ,87 4
53823 1681.500000 2376.000000 ,51 5
57880 1708.500000 2376.000000 ,89 4 ,57 2
63565 1705.500000 2395.500000 ,89 5
66498 1690.500000 2368.500000 ,5 4 ,30 1 ,12 1 ,55 2 ,94 2 ,33 4
69904 1660.500000 2398.500000 ,16 5 ,87 4 ,74 4 ,64 2
71545 1698.000000 2395.500000 ,80 2 ,92 1
76157 1693.500000 2373.000000 ,70 3 ,31 4 ,6 4 ,11 4 ,37 4 ,67 2
86286 1657.500000 2413.500000 ,9 2 ,42 4 ,62 1 ,96 1 ,64 5 ,99 4
87891 1681.500000 2380.500000 ,40 1 ,9 5
88127 1662.000000 2416.500000 ,34 4 ,91 3 ,12 1 ,49 5 ,50 1
90790 1662.000000 2382.000000 ,45 2 ,10 3 ,50 5 ,4 5 ,33 2 ,51 1
92124 1638.000000 2373.000000 ,61 3
93763 1675.500000 2398.500000 ,32 2 ,22 5 ,56 3 ,86 1 ,44 4
95605 1642.500000 2403.000000 ,92 1 ,8 5
98868 1672.500000 2389.500000 ,94 3 ,5 3 ,77 3 ,52 4 ,19 2
