1150 438.000000 1671.000000 ,53 1 ,13 3 ,94 3
5240 451.500000 1731.000000 ,33 3 ,86 4 ,53 4
11546 426.000000 1672.500000 ,89 1 ,34 4 ,2 5 ,90 2
14630 432.000000 1672.500000 ,91 5 ,99 5 ,52 2 ,10 4
20243 427.500000 1666.500000 ,60 2
21672 432.000000 1741.500000 ,18 4 ,54 3 ,77 2 ,67 5
24415 448.500000 1737.000000 ,42 2 ,94 2 ,31 1 ,65 4
26417 451.500000 1713.000000 ,27 3 ,1 1 ,25 2 ,88 1 ,4 1
29052 432.000000 1689.000000 ,0 3 ,64 5 ,3 1 ,59 4 ,24 5
29347 415.500000 1738.500000 ,97 1
33275 444.000000 1731.000000 ,89 5 ,37 2
42741 447.000000 1717.500000 ,85 5 ,82 3
42858 415.500000 1707.000000 ,85 4 ,7 3 ,30 5
48666 423.000000 1728.000000 ,43 1 ,3 3 ,58 2 ,83 3
53363 457.500000 1740.000000 ,40 5 ,71 5 ,46 1 ,43 4 ,95 1
54518 444.000000 1693.500000 ,8 1 ,88 5 ,48 1
56438 418.500000 1681.500000 ,36 3 ,53 4 ,26 4 ,11 1 ,28 2 ,8 5
57668 412.500000 1672.500000 ,48 3
60187 418.500000 1710.000000 ,14 2 ,97 1 ,43 3
62055 421.500000 1728.000000 ,6 2
63851 444.000000 1717.500000 ,29 1
68610 445.500000 1746.000000 ,21 1 ,17 5 ,65 5 ,16 2 ,43 5
71782 447.000000 1669.500000 ,36 3
78028 424.500000 1734.000000 ,33 3 ,99 4 ,46 5 ,97 5 ,9 4 ,22 4
79551 433.500000 1687.500000 ,88 3 ,78 2 ,75 2
81988 448.500000 1701.000000 ,1 3 ,26 1 ,81 4 ,89 4 ,94 1
82187 453.000000 1683.000000 ,58 2 ,32 2 ,45 2
85175 423.000000 1747.500000 ,19 2 ,4 5
91583 444.000000 1743.000000 ,70 1 ,80 3
95610 414.000000 1671.000000 ,18 1 ,73 5 ,32 1
95838 430.500000 1683.000000 ,78 4 ,5 4 ,21 1 ,24 1
98245 444.000000 1720.500000 ,99 2 ,62 3 ,33 1 ,68 4
