17318 3147.000000 1153.500000 ,38 3
19201 3142.500000 1146.000000 ,24 2 ,79 4 ,29 5
19999 3153.000000 1146.000000 ,23 2 ,94 2 ,0 5 ,75 5 ,29 4 ,18 5
24875 3165.000000 1155.000000 ,94 2 ,9 4 ,6 1 ,11 1 ,10 3
25005 3144.000000 1170.000000 ,71 4 ,18 4 ,49 4
28992 3133.500000 1201.500000 ,89 4
29631 3150.000000 1156.500000 ,91 2 ,87 1 ,35 1
38019 3157.500000 1204.500000 ,23 5 ,40 1 ,13 2
41508 3157.500000 1153.500000 ,14 3 ,65 3 ,50 5
42278 3123.000000 1149.000000 ,52 4 ,42 4 ,67 2 ,27 2 ,31 5 ,71 5
42308 3145.500000 1144.500000 ,66 5 ,94 5 ,40 1 ,26 4 ,18 4
47613 3124.500000 1209.000000 ,16 3 ,39 4 ,31 2 ,85 2 ,55 3 ,93 3
51771 3133.500000 1200.000000 ,18 1 ,52 4
54208 3144.000000 1159.500000 ,99 5
59589 3120.000000 1152.000000 ,65 2 ,19 3 ,74 3 ,21 5
62328 3127.500000 1146.000000 ,35 1 ,40 3 ,85 2 ,78 2 ,9 2 ,72 5
63838 3160.500000 1141.500000 ,92 5 ,3 2 ,12 1 ,20 1
66283 3126.000000 1206.000000 ,41 4
66649 3130.500000 1179.000000 ,24 4 ,88 3 ,98 1 ,43 1
67184 3160.500000 1170.000000 ,83 3 ,81 3
67605 3118.500000 1159.500000 ,96 3 ,80 4 ,15 4 ,78 3 ,3 4 ,24 2
71568 3123.000000 1141.500000 ,80 1 ,30 1 ,70 2 ,6 2 ,60 1 ,1 3
79453 3121.500000 1168.500000 ,75 4 ,33 2
80910 3132.000000 1173.000000 ,30 3 ,14 3 ,41 1
82184 3129.000000 1177.500000 ,89 3 ,35 3 ,56 3 ,33 2 ,8 5
87802 3163.500000 1170.000000 ,98 2 ,93 1 ,81 1 ,9 1 ,50 3 ,57 4
89064 3163.500000 1138.500000 ,67 3
89624 3129.000000 1215.000000 ,40 3 ,41 1 ,61 2 ,21 4 ,65 5
89772 3147.000000 1215.000000 ,43 1
90352 3126.000000 1177.500000 ,84 3 ,32 4 ,14 2
94909 3159.000000 1186.500000 ,98 4
99216 3130.500000 1182.000000 ,20 5 ,74 1 ,11 3 ,63 4 ,27 5
99390 3145.500000 1201.500000 ,60 1
