656 1071.000000 1855.500000 ,29 2 ,55 5 ,13 2 ,52 1 ,36 4
1123 1093.500000 1911.000000 ,73 1 ,38 5 ,18 5 ,67 4
2532 1062.000000 1864.500000 ,19 2 ,28 4 ,12 1 ,30 4 ,80 1
2942 1150.500000 1912.500000 ,54 1 ,21 3 ,18 5 ,68 3 ,52 2
3937 1176.000000 1902.000000 ,8 4 ,39 5 ,48 4 ,56 1
6032 1093.500000 1815.000000 ,79 4 ,54 4 ,60 4 ,92 5
6382 1185.000000 1867.500000 ,58 3 ,75 3 ,3 4
8152 1192.500000 1825.500000 ,37 5 ,7 5 ,18 2 ,82 2
11142 1072.500000 1909.500000 ,76 5 ,71 4 ,29 1 ,77 2 ,60 1
13043 1063.500000 1920.000000 ,33 1 ,98 5 ,79 4 ,80 5
13528 1074.000000 1815.000000 ,84 3 ,17 4 ,22 1 ,75 5 ,77 3
16023 1056.000000 1870.500000 ,78 5 ,33 5 ,15 4
20783 1087.500000 1882.500000 ,86 4
21564 1092.000000 1903.500000 ,92 5 ,29 4
21685 1071.000000 1810.500000 ,2 5 ,67 1 ,72 1
23459 1167.000000 1812.000000 ,60 2
25137 1083.000000 1818.000000 ,56 3 ,57 1 ,63 2 ,43 5 ,74 2 ,90 3
27578 1074.000000 1816.500000 ,15 3 ,79 3
31228 1062.000000 1828.500000 ,66 4
32930 1074.000000 1845.000000 ,41 5 ,76 1
33760 1174.500000 1917.000000 ,27 5 ,84 4 ,22 5 ,41 4 ,9 5 ,26 5
34121 1080.000000 1899.000000 ,59 1 ,5 4 ,88 3
36363 1147.500000 1921.500000 ,70 5 ,94 3 ,13 4 ,45 2 ,79 2 ,27 4
38624 1119.000000 1884.000000 ,76 1 ,9 5
39826 1191.000000 1882.500000 ,99 3 ,18 1 ,5 1 ,90 2 ,95 1 ,56 3
40749 1108.500000 1900.500000 ,53 4 ,35 3
46064 1074.000000 1914.000000 ,78 1 ,70 2 ,43 1 ,29 5
46455 1057.500000 1891.500000 ,56 4 ,18 4 ,70 4 ,43 4 ,90 2 ,77 2
47311 1054.500000 1897.500000 ,27 2 ,22 1 ,17 3 ,9 5 ,68 4
55063 1116.000000 1879.500000 ,88 5 ,96 3 ,56 3
58883 1101.000000 1914.000000 ,17 3 ,18 3 ,10 2 ,38 5
59959 1068.000000 1885.500000 ,67 1 ,1 1 ,14 4 ,23 2 ,73 5 ,70 4
67896 1068.000000 1882.500000 ,78 1 ,44 3 ,49 4 ,2 5
70290 1053.000000 1813.500000 ,64 2 ,41 2
70673 1062.000000 1873.500000 ,99 5 ,33 4 ,65 1 ,16 3 ,24 5
77569 1093.500000 1873.500000 ,48 4 ,66 5 ,64 1
88033 1123.500000 1881.000000 ,92 3 ,43 5
88156 1102.500000 1884.000000 ,99 5 ,69 3 ,23 1 ,72 4
92320 1101.000000 1908.000000 ,89 2 ,13 3 ,43 1 ,23 2 ,54 4
96908 1116.000000 1909.500000 ,89 3 ,43 3
