1142 129.000000 820.500000 ,59 5 ,49 5 ,12 5 ,57 4 ,50 1
3916 165.000000 823.500000 ,43 2 ,10 3 ,89 4
8533 120.000000 853.500000 ,45 4 ,46 1 ,71 1 ,17 1 ,66 4
9397 150.000000 813.000000 ,3 2 ,34 1
13104 136.500000 810.000000 ,40 4 ,54 2 ,51 4 ,18 1
13455 117.000000 849.000000 ,54 5 ,73 2 ,67 5 ,14 3 ,69 2 ,75 2
22710 148.500000 819.000000 ,41 2 ,18 1 ,92 3
23112 129.000000 807.000000 ,36 1 ,33 1 ,47 1 ,88 2 ,99 4
27739 121.500000 808.500000 ,99 1 ,23 5 ,37 1 ,22 1 ,3 5 ,11 2
27952 151.500000 807.000000 ,73 5 ,52 3
29291 151.500000 810.000000 ,20 2 ,18 1 ,74 4 ,34 1
31470 132.000000 822.000000 ,66 2 ,63 1 ,98 2
40455 157.500000 846.000000 ,87 2 ,4 5 ,36 3 ,81 4 ,73 1
56353 117.000000 835.500000 ,0 2 ,77 2 ,25 3 ,17 3
60889 142.500000 829.500000 ,79 2 ,1 3 ,74 5 ,76 3 ,34 3
73639 147.000000 805.500000 ,84 4 ,96 1 ,67 3
75877 145.500000 837.000000 ,94 5 ,81 5 ,15 1 ,98 1 ,41 1
76303 162.000000 852.000000 ,38 2 ,95 4 ,33 1 ,27 3
77574 121.500000 828.000000 ,51 1 ,70 1 ,97 5 ,72 3 ,35 4
79471 151.500000 817.500000 ,32 2
95063 126.000000 823.500000 ,90 2 ,75 2
99418 105.000000 819.000000 ,92 2 ,23 5 ,54 2 ,83 5
