4869 2962.500000 274.500000 ,65 2 ,34 4 ,96 4
7173 2956.500000 268.500000 ,17 2 ,9 1 ,82 1
8400 2994.000000 253.500000 ,41 3 ,74 2 ,58 2 ,59 5 ,94 5
9926 3007.500000 253.500000 ,45 5
12019 3024.000000 270.000000 ,19 2 ,47 1 ,59 2
14128 2973.000000 241.500000 ,8 3 ,49 4
14202 3009.000000 246.000000 ,16 5
16370 2994.000000 246.000000 ,94 2 ,8 3 ,95 3 ,24 5 ,83 5 ,29 2
17119 3058.500000 243.000000 ,42 5 ,7 4 ,92 2 ,62 3 ,1 1
19361 2956.500000 262.500000 ,43 5 ,49 4 ,8 4 ,95 1 ,17 4
20140 3004.500000 247.500000 ,83 5
20454 3009.000000 265.500000 ,40 2 ,90 4 ,82 4 ,27 3 ,2 1
20616 3033.000000 264.000000 ,51 3 ,9 2 ,25 4 ,19 1
25067 2959.500000 244.500000 ,77 5 ,45 4
25446 3021.000000 265.500000 ,98 1 ,60 5 ,70 4 ,67 5
26802 3034.500000 256.500000 ,47 1 ,32 3 ,62 2
32976 3051.000000 258.000000 ,61 1 ,58 2 ,12 4 ,74 4 ,2 1
33368 3046.500000 259.500000 ,84 1
34432 2991.000000 271.500000 ,85 1 ,70 5 ,50 3 ,67 5 ,97 5
40285 3052.500000 270.000000 ,66 4 ,91 3
40420 3058.500000 255.000000 ,26 3
40424 2983.500000 265.500000 ,21 1
44607 2982.000000 241.500000 ,19 2 ,14 3 ,69 2 ,91 3 ,79 1
45539 2992.500000 271.500000 ,12 5 ,94 2 ,97 3 ,43 4 ,66 1 ,9 3
46949 3025.500000 274.500000 ,35 2 ,42 5
55602 3012.000000 264.000000 ,77 1
66940 3027.000000 252.000000 ,17 4 ,24 4 ,49 2 ,64 4 ,30 5
67552 3046.500000 261.000000 ,3 3
69271 2995.500000 268.500000 ,38 3
80469 3004.500000 256.500000 ,89 5
85073 3004.500000 247.500000 ,11 3 ,51 5 ,21 4 ,43 1 ,65 2 ,37 4
87688 3013.500000 273.000000 ,6 1 ,93 4 ,62 1 ,49 4 ,48 1
88682 3048.000000 274.500000 ,82 5 ,2 3 ,43 5 ,8 4 ,60 2
98463 3043.500000 252.000000 ,47 4 ,57 3 ,43 1 ,37 4 ,95 3
