670 517.500000 385.500000 ,54 4 ,73 1
2316 547.500000 358.500000 ,99 4 ,27 1 ,91 1 ,96 2 ,4 4 ,7 1
5523 532.500000 421.500000 ,93 3 ,30 5
6608 502.500000 403.500000 ,30 3 ,24 2
12649 508.500000 396.000000 ,3 5 ,81 4 ,29 4 ,80 3 ,65 5 ,24 2
15592 552.000000 372.000000 ,86 3 ,27 5
17484 550.500000 403.500000 ,68 1 ,84 1 ,28 5 ,2 1
20639 516.000000 415.500000 ,63 1 ,0 5 ,86 5
22149 511.500000 412.500000 ,44 1 ,86 4
26378 508.500000 352.500000 ,8 3 ,50 3 ,81 4 ,54 3 ,97 5
29088 514.500000 403.500000 ,72 1 ,91 1 ,22 1
31913 531.000000 423.000000 ,96 4 ,6 5 ,84 3
35739 514.500000 403.500000 ,82 4 ,13 5
36729 543.000000 417.000000 ,69 4 ,24 1 ,16 3 ,2 3 ,47 3 ,4 5
40054 510.000000 375.000000 ,14 5 ,10 5 ,40 3
41671 546.000000 387.000000 ,94 1 ,22 3 ,48 5 ,99 4 ,39 2
46731 502.500000 382.500000 ,93 2 ,69 3
46870 541.500000 411.000000 ,19 2 ,87 3 ,89 5 ,15 1 ,81 2
50668 516.000000 406.500000 ,22 1 ,28 2 ,52 1 ,18 1
56459 531.000000 403.500000 ,61 5 ,46 1 ,74 2 ,17 5 ,12 2
59452 567.000000 376.500000 ,70 4 ,93 2 ,47 4 ,83 4 ,22 3 ,24 5
61331 559.500000 391.500000 ,37 2 ,32 3 ,8 5
65575 526.500000 396.000000 ,16 4 ,61 2
69026 538.500000 372.000000 ,8 1 ,44 3
70551 513.000000 405.000000 ,59 4 ,9 5 ,35 3 ,43 2 ,19 2 ,71 5
73159 508.500000 379.500000 ,65 4 ,46 2 ,56 4 ,34 2
74798 525.000000 387.000000 ,69 1 ,5 2 ,78 3 ,28 5 ,15 1 ,81 3
75717 552.000000 370.500000 ,63 4 ,33 5 ,24 1
75866 505.500000 355.500000 ,66 5 ,16 5 ,69 2 ,51 2 ,31 4
80669 544.500000 393.000000 ,61 4 ,3 4 ,82 1 ,40 4
84144 546.000000 384.000000 ,39 2 ,87 5 ,75 2
84518 567.000000 370.500000 ,3 3 ,61 4
92692 525.000000 375.000000 ,65 3 ,76 2 ,82 5 ,58 2 ,51 2 ,8 1
95880 517.500000 352.500000 ,60 5 ,11 1 ,58 5 ,14 3 ,38 3 ,94 4
