925 2122.500000 451.500000 ,45 3 ,63 1 ,99 5 ,96 2
3411 2109.000000 445.500000 ,5 4
12571 2115.000000 465.000000 ,59 2 ,32 4 ,17 5 ,27 5
13659 2110.500000 436.500000 ,19 3 ,13 2 ,25 4 ,50 3 ,61 3 ,8 4
14715 2109.000000 439.500000 ,67 2 ,72 4 ,34 5
15300 2115.000000 481.500000 ,77 5 ,76 4 ,86 4 ,37 2 ,97 3
16794 2115.000000 463.500000 ,34 4 ,98 4 ,53 2
26883 2109.000000 445.500000 ,11 4 ,73 4
34171 2113.500000 438.000000 ,85 4
40294 2119.500000 441.000000 ,37 2 ,30 4
48489 2119.500000 483.000000 ,97 3 ,8 4 ,37 4 ,28 1 ,64 2
62739 2112.000000 454.500000 ,45 1 ,58 1
70975 2121.000000 457.500000 ,83 5 ,15 2
71951 2121.000000 423.000000 ,72 1 ,8 2 ,68 2 ,26 5 ,94 4
74194 2113.500000 436.500000 ,94 5 ,59 1 ,90 4
75729 2109.000000 426.000000 ,11 2 ,7 4 ,73 2
84241 2115.000000 424.500000 ,24 1 ,9 3 ,62 4 ,71 4 ,65 5 ,92 3
86850 2119.500000 459.000000 ,54 1
94285 2110.500000 457.500000 ,17 1
