4978 1054.500000 2755.500000 ,77 1 ,63 3 ,38 4 ,70 1 ,82 2 ,42 2
7294 1059.000000 2737.500000 ,76 5 ,57 4 ,45 5
8452 1032.000000 2760.000000 ,68 1 ,46 3 ,64 2 ,94 5 ,90 5 ,66 2
10775 1048.500000 2763.000000 ,30 4 ,3 3
13096 996.000000 2739.000000 ,25 2 ,96 4 ,73 1
22769 997.500000 2752.500000 ,53 4 ,5 3 ,25 5 ,93 2 ,86 4
23052 1053.000000 2728.500000 ,95 4 ,14 5 ,48 4 ,69 5
23947 1051.500000 2715.000000 ,34 3 ,30 2 ,14 3
25466 993.000000 2757.000000 ,6 3 ,63 2 ,49 5
26945 1017.000000 2730.000000 ,97 1 ,56 4 ,45 5 ,58 1
28313 1023.000000 2752.500000 ,13 3 ,87 4 ,68 1
29820 1020.000000 2743.500000 ,8 5 ,1 1 ,12 3 ,42 3 ,36 5 ,39 1
30206 1032.000000 2725.500000 ,52 5 ,18 3
31018 990.000000 2734.500000 ,64 4 ,27 1 ,18 4 ,37 4 ,35 4 ,38 5
31379 988.500000 2715.000000 ,76 2 ,69 2 ,16 5
35589 990.000000 2730.000000 ,57 4 ,72 4 ,42 2 ,38 2 ,86 5 ,50 3
40425 1053.000000 2694.000000 ,80 4 ,72 2 ,61 1 ,34 3
41463 1024.500000 2754.000000 ,78 4
42363 1038.000000 2706.000000 ,70 2 ,2 4 ,56 4 ,25 4 ,45 1
43224 1027.500000 2749.500000 ,88 5
44043 1002.000000 2724.000000 ,61 5 ,5 3 ,27 4 ,13 4 ,6 3
44508 1033.500000 2701.500000 ,56 4 ,74 2
45358 1020.000000 2676.000000 ,58 4 ,0 1 ,25 5 ,36 5 ,90 2
49055 1048.500000 2755.500000 ,27 3 ,8 2
49664 987.000000 2707.500000 ,52 2 ,58 3 ,0 5
53993 1051.500000 2758.500000 ,37 3 ,44 4 ,30 3
59867 1033.500000 2748.000000 ,37 3 ,89 3 ,52 5 ,74 4 ,2 3
67273 1039.500000 2764.500000 ,69 4 ,48 3 ,50 2 ,20 3 ,68 4 ,16 2
69055 990.000000 2733.000000 ,57 3 ,15 3 ,71 2 ,56 2 ,51 4
70743 1039.500000 2703.000000 ,83 1 ,19 1 ,96 2 ,25 4 ,23 3 ,5 5
72317 994.500000 2766.000000 ,70 1 ,43 2 ,44 4
78667 1032.000000 2704.500000 ,53 1 ,12 1 ,38 3 ,96 5
82692 1038.000000 2767.500000 ,53 3 ,51 3 ,70 3 ,65 3 ,36 4
83941 1062.000000 2680.500000 ,64 1 ,80 5 ,54 4 ,66 3
86816 999.000000 2712.000000 ,22 5 ,41 2 ,65 1 ,27 4 ,36 5 ,11 4
91439 1003.500000 2676.000000 ,25 3 ,70 1
92384 1065.000000 2701.500000 ,82 1
93513 1033.500000 2754.000000 ,83 4 ,26 5 ,47 3 ,17 5 ,32 2
99717 1050.000000 2710.500000 ,48 3 ,30 3
99743 1057.500000 2755.500000 ,20 3 ,64 5 ,28 1 ,14 2 ,40 5
