1693 2904.000000 1144.500000 ,51 1 ,78 3 ,14 3 ,26 3
2510 2938.500000 1138.500000 ,78 3 ,67 3 ,58 2
3596 2917.500000 1125.000000 ,47 1 ,69 4 ,35 1 ,11 1 ,28 1
5505 2895.000000 1108.500000 ,2 2 ,25 4 ,45 1 ,48 1 ,41 4 ,73 3
6562 2917.500000 1090.500000 ,82 4 ,56 5 ,69 1 ,11 4 ,21 3
8714 2928.000000 1080.000000 ,57 1 ,90 1
14702 2940.000000 1086.000000 ,83 4 ,36 5 ,84 5
30311 2899.500000 1147.500000 ,6 4
37765 2931.000000 1096.500000 ,61 4 ,13 4 ,78 3
42809 2908.500000 1090.500000 ,29 2 ,88 5
42935 2941.500000 1129.500000 ,32 3 ,62 1 ,29 4
46847 2932.500000 1090.500000 ,84 3 ,50 1 ,91 3
48575 2941.500000 1147.500000 ,85 1 ,70 1
49279 2919.000000 1134.000000 ,62 5 ,97 2 ,44 3 ,89 1 ,34 3
53983 2938.500000 1111.500000 ,62 2 ,24 2
56620 2928.000000 1147.500000 ,0 3 ,44 2
57872 2908.500000 1140.000000 ,73 2 ,59 2 ,64 4 ,53 3
58819 2896.500000 1147.500000 ,75 3
67819 2902.500000 1123.500000 ,76 5 ,17 2 ,10 4 ,20 3 ,60 1
71361 2893.500000 1135.500000 ,74 5 ,28 5
72706 2934.000000 1090.500000 ,79 1 ,76 2 ,45 1 ,12 3
73793 2907.000000 1105.500000 ,33 2 ,53 2 ,78 1 ,64 2 ,65 4
75621 2925.000000 1098.000000 ,84 4 ,24 2 ,73 3 ,69 2
75823 2931.000000 1152.000000 ,20 3 ,76 4 ,7 1 ,30 1
77915 2898.000000 1132.500000 ,12 1 ,34 4 ,40 3 ,84 4 ,51 1
78172 2923.500000 1138.500000 ,22 3 ,26 1 ,4 4 ,46 2
85702 2923.500000 1080.000000 ,62 2 ,18 5 ,17 2 ,6 4 ,9 2 ,64 1
93535 2890.500000 1090.500000 ,4 1 ,99 3
94196 2916.000000 1143.000000 ,59 4 ,71 4 ,2 3 ,24 1 ,64 5
94671 2929.500000 1147.500000 ,29 1
95699 2929.500000 1147.500000 ,10 5 ,56 1
99109 2938.500000 1089.000000 ,65 5
