6726 793.500000 2809.500000 ,64 4 ,27 2 ,5 4 ,83 1 ,30 5 ,1 4
7777 771.000000 2829.000000 ,17 3 ,35 1
8091 786.000000 2800.500000 ,76 2
15619 771.000000 2790.000000 ,22 5
20585 795.000000 2793.000000 ,5 2 ,32 1 ,40 2 ,96 2
21712 801.000000 2812.500000 ,9 5 ,95 3 ,92 4 ,26 5 ,25 3
25899 760.500000 2808.000000 ,3 3 ,61 5 ,63 1 ,53 4 ,56 3
26991 760.500000 2811.000000 ,32 1 ,21 5 ,79 4 ,27 2 ,94 3 ,2 3
34569 774.000000 2823.000000 ,20 1 ,54 1 ,65 1 ,29 1 ,75 1 ,26 5
38216 790.500000 2817.000000 ,59 1 ,42 1 ,11 1 ,94 2 ,28 1 ,50 2
38356 807.000000 2797.500000 ,59 4 ,45 5
39950 781.500000 2793.000000 ,35 5 ,2 4
44077 768.000000 2806.500000 ,12 5 ,34 4 ,77 2
44672 763.500000 2794.500000 ,33 1 ,49 1 ,91 5
45015 772.500000 2803.500000 ,46 5 ,89 5 ,61 3 ,15 5 ,5 1 ,41 2
45299 801.000000 2797.500000 ,75 4 ,18 3 ,25 1 ,76 5
46931 748.500000 2799.000000 ,84 5
49393 753.000000 2796.000000 ,47 5
53230 783.000000 2827.500000 ,85 3
55298 765.000000 2808.000000 ,14 2 ,61 2 ,33 5
56385 801.000000 2803.500000 ,17 5 ,63 3 ,70 4 ,89 3
56437 781.500000 2829.000000 ,80 4
61061 798.000000 2814.000000 ,56 2 ,24 5 ,65 5 ,40 1 ,9 2
67232 774.000000 2785.500000 ,34 2 ,76 3 ,90 2 ,18 5
71882 759.000000 2787.000000 ,26 1 ,53 5 ,96 2 ,30 2
84107 811.500000 2793.000000 ,57 3 ,36 5
84426 759.000000 2809.500000 ,10 1 ,58 3 ,83 2 ,67 5 ,51 3 ,24 4
84495 775.500000 2811.000000 ,21 5 ,12 5 ,83 3 ,44 4 ,86 1 ,2 5
85989 745.500000 2823.000000 ,75 5 ,99 2 ,32 3 ,59 1
86972 793.500000 2812.500000 ,79 5 ,17 4
98290 799.500000 2803.500000 ,19 3 ,86 1 ,76 5 ,91 5 ,72 4 ,40 3
99686 811.500000 2788.500000 ,15 2 ,36 2 ,10 4 ,22 3 ,6 5 ,84 3
