1708 2539.500000 1695.000000 ,45 3 ,67 5 ,12 2 ,53 4 ,87 1
1936 2533.500000 1680.000000 ,99 2 ,34 1 ,68 1 ,69 1 ,39 5 ,20 5
1941 2508.000000 1699.500000 ,26 4 ,87 4 ,71 4 ,7 4 ,10 5 ,76 5
4924 2526.000000 1737.000000 ,80 1 ,93 3 ,94 5 ,13 1 ,28 4
6896 2506.500000 1683.000000 ,18 1 ,5 2
6929 2514.000000 1674.000000 ,66 3 ,13 1 ,23 5 ,65 5 ,86 1
8961 2503.500000 1728.000000 ,1 5 ,44 1 ,51 5 ,53 5 ,33 3
14404 2545.500000 1740.000000 ,5 4 ,98 2 ,48 3 ,84 1
15291 2536.500000 1677.000000 ,7 4 ,13 3
17262 2502.000000 1702.500000 ,96 1
17592 2536.500000 1737.000000 ,66 2 ,49 2
18403 2539.500000 1689.000000 ,50 2
20518 2503.500000 1743.000000 ,4 2 ,83 4 ,33 2 ,55 4 ,24 1
21031 2511.000000 1696.500000 ,32 2 ,36 2
21255 2509.500000 1746.000000 ,64 1
21395 2520.000000 1680.000000 ,32 1 ,72 1 ,62 5 ,74 2 ,76 4
24501 2542.500000 1713.000000 ,19 5 ,56 3 ,71 3 ,72 3 ,30 1 ,65 2
31276 2530.500000 1693.500000 ,85 1 ,27 5 ,55 1 ,69 3 ,2 3 ,56 5
33251 2512.500000 1741.500000 ,22 4 ,42 5 ,33 2 ,16 1 ,57 2 ,65 1
38767 2521.500000 1735.500000 ,80 3 ,96 4
39908 2532.000000 1675.500000 ,47 3 ,59 5 ,18 3 ,54 3 ,74 4 ,1 2
41806 2533.500000 1740.000000 ,9 5 ,28 3
47676 2515.500000 1756.500000 ,42 3 ,40 5 ,73 2 ,64 5 ,60 3
58959 2521.500000 1680.000000 ,16 1 ,11 5 ,74 2
67348 2520.000000 1693.500000 ,49 1 ,34 5 ,4 2 ,92 1
68236 2526.000000 1690.500000 ,8 3 ,44 4 ,66 2 ,73 3
70327 2527.500000 1743.000000 ,47 4 ,23 1 ,22 3
80296 2514.000000 1677.000000 ,42 3 ,32 5 ,51 3 ,16 2 ,7 1
81982 2502.000000 1693.500000 ,3 1 ,92 2 ,56 1 ,94 1 ,62 5
84051 2515.500000 1747.500000 ,97 4 ,43 5 ,55 3 ,56 3
85613 2512.500000 1738.500000 ,22 5 ,74 4 ,61 4
86059 2523.000000 1683.000000 ,0 5 ,75 2 ,56 2
86403 2520.000000 1677.000000 ,57 4 ,23 2 ,30 4 ,36 2 ,95 3
99319 2545.500000 1740.000000 ,25 5
