662 2008.500000 1971.000000 ,68 4 ,10 4 ,44 3 ,48 1
2044 2004.000000 1962.000000 ,83 3 ,11 4
10869 2010.000000 1963.500000 ,69 1
24691 2005.500000 1954.500000 ,24 1 ,66 3 ,62 4
26829 2004.000000 1950.000000 ,79 5 ,15 2
28229 2014.500000 1914.000000 ,93 3 ,0 5
41615 2010.000000 1948.500000 ,60 2 ,69 3 ,71 1 ,9 2 ,40 4 ,57 5
42886 1999.500000 1963.500000 ,38 1 ,89 3 ,92 5 ,47 1
43785 2004.000000 1923.000000 ,14 4 ,27 5 ,63 2 ,85 2
44051 2014.500000 1933.500000 ,58 5 ,79 1 ,90 2 ,74 2 ,1 4
44466 2011.500000 1960.500000 ,8 3 ,1 1 ,6 2 ,9 2 ,57 5
54601 2014.500000 1953.000000 ,42 5 ,31 4 ,34 4 ,52 2 ,96 4 ,72 2
54847 2007.000000 1974.000000 ,30 1 ,14 4 ,71 4 ,32 3 ,56 5
59906 2001.000000 1947.000000 ,14 5 ,47 4 ,3 1 ,78 5 ,51 4 ,21 4
68441 2004.000000 1917.000000 ,48 4 ,28 4 ,7 5 ,95 5
82360 2002.500000 1950.000000 ,56 2 ,20 5 ,34 3
88998 2013.000000 1960.500000 ,96 5 ,8 5 ,25 1 ,53 1 ,92 4 ,54 5
