2051 2019.000000 84.000000 ,91 4 ,48 2 ,40 1 ,45 5 ,12 4
2077 1999.500000 81.000000 ,57 5 ,17 2 ,93 3
2662 2026.500000 58.500000 ,22 2 ,57 4 ,38 3 ,66 2
2841 2025.000000 48.000000 ,16 5
3043 2028.000000 67.500000 ,56 5 ,6 3 ,9 2 ,69 2 ,89 1 ,0 2
4279 2004.000000 27.000000 ,24 1 ,91 3 ,23 1
12427 2019.000000 37.500000 ,8 1 ,3 1 ,34 3 ,82 3 ,12 3
17627 2014.500000 58.500000 ,52 3 ,39 5
18281 2013.000000 25.500000 ,36 3
19580 1999.500000 18.000000 ,48 1 ,85 3 ,76 1
20394 2007.000000 15.000000 ,97 2 ,85 5 ,58 1 ,64 4
23027 2011.500000 22.500000 ,2 5
24472 2025.000000 43.500000 ,54 2 ,25 5 ,46 1 ,11 2 ,38 1 ,81 4
25050 2007.000000 9.000000 ,18 1
26992 1999.500000 37.500000 ,48 3
29491 2016.000000 7.500000 ,65 3 ,12 2 ,30 1
29623 1999.500000 27.000000 ,95 4 ,81 1 ,47 1 ,19 4
41347 2016.000000 51.000000 ,97 3 ,76 2 ,50 4 ,11 5 ,56 2 ,92 1
41793 2022.000000 43.500000 ,64 3 ,67 2 ,1 4 ,73 1 ,32 1 ,71 3
45834 2004.000000 57.000000 ,81 1
58390 2022.000000 87.000000 ,36 1 ,15 4
62254 2002.500000 30.000000 ,16 4
64353 2007.000000 40.500000 ,71 2 ,13 2
68895 2031.000000 54.000000 ,36 5 ,13 2 ,76 1 ,88 2
74319 1998.000000 46.500000 ,44 1 ,84 3 ,39 4 ,94 4 ,37 3 ,61 1
74356 2017.500000 27.000000 ,78 3 ,71 4 ,93 2 ,21 1
77002 2022.000000 36.000000 ,44 1 ,80 2
90029 2011.500000 37.500000 ,32 4 ,74 1
90110 2010.000000 57.000000 ,27 4 ,19 2
90147 1998.000000 57.000000 ,0 1 ,68 3 ,43 3
92001 2019.000000 6.000000 ,71 3 ,92 3
93756 2008.500000 52.500000 ,32 3 ,39 1
94760 2011.500000 78.000000 ,49 5 ,93 2 ,69 2 ,22 5 ,15 4 ,53 5
