2852 2656.500000 1809.000000 ,26 3 ,32 4 ,86 3 ,58 2
5618 2625.000000 1774.500000 ,72 3
5738 2595.000000 1840.500000 ,58 5
6350 2659.500000 1846.500000 ,78 2
7242 2643.000000 1858.500000 ,31 1 ,91 2 ,67 3 ,81 1
8342 2608.500000 1819.500000 ,87 2 ,52 3 ,75 4 ,59 5
10414 2647.500000 1813.500000 ,40 1 ,19 1 ,69 4
12189 2659.500000 1852.500000 ,66 4 ,85 5 ,53 3 ,8 3 ,80 3
12228 2599.500000 1849.500000 ,26 1
15442 2611.500000 1854.000000 ,95 3 ,60 2 ,77 2 ,55 4 ,69 1
15489 2619.000000 1819.500000 ,2 3 ,74 1 ,45 2 ,40 2
17693 2596.500000 1854.000000 ,95 4 ,37 1 ,19 4 ,22 4 ,75 5
18842 2655.000000 1756.500000 ,77 1
23732 2622.000000 1791.000000 ,5 4 ,79 5
25811 2616.000000 1815.000000 ,3 2 ,27 3
28543 2644.500000 1860.000000 ,75 3 ,43 4
30503 2595.000000 1801.500000 ,49 4 ,47 4 ,42 5
31373 2640.000000 1857.000000 ,7 1 ,16 4
31621 2589.000000 1810.500000 ,81 1
33062 2644.500000 1825.500000 ,63 2 ,7 5 ,27 3 ,70 1 ,55 3 ,81 5
35649 2661.000000 1839.000000 ,60 1 ,89 2 ,53 4 ,18 2
36319 2601.000000 1800.000000 ,93 3 ,20 3 ,72 5 ,16 1 ,71 4 ,47 2
36325 2647.500000 1858.500000 ,36 5 ,87 3 ,61 5
37421 2628.000000 1860.000000 ,92 1 ,72 2 ,27 4
38830 2613.000000 1858.500000 ,75 1 ,12 4 ,52 5 ,24 2 ,97 1
41466 2659.500000 1861.500000 ,21 2 ,4 5 ,35 1 ,19 4 ,36 5
42155 2595.000000 1858.500000 ,24 2 ,17 4 ,65 4
43901 2599.500000 1786.500000 ,36 5 ,9 2 ,16 5 ,91 4 ,63 1 ,92 5
46497 2625.000000 1773.000000 ,51 4 ,25 4 ,59 3 ,56 4 ,78 5 ,38 3
46966 2662.500000 1855.500000 ,18 3 ,90 2 ,7 2
54786 2661.000000 1854.000000 ,35 2 ,66 5 ,2 4 ,24 3
57121 2659.500000 1819.500000 ,75 3 ,92 4 ,30 4 ,41 3 ,70 5 ,39 4
63972 2646.000000 1857.000000 ,57 5 ,49 1
68350 2661.000000 1812.000000 ,9 2 ,43 5 ,92 3 ,52 2
75675 2632.500000 1809.000000 ,81 4
92444 2653.500000 1821.000000 ,30 3 ,88 3
93647 2647.500000 1791.000000 ,43 5 ,6 4
95652 2619.000000 1798.500000 ,1 1 ,44 4 ,99 4 ,98 4 ,10 5 ,48 5
97496 2623.500000 1834.500000 ,99 5 ,27 3 ,30 3 ,12 5 ,13 1 ,58 4
