4354 1726.500000 1878.000000 ,92 1 ,51 1 ,10 3 ,81 4 ,9 4 ,57 5
6979 1740.000000 1875.000000 ,29 5 ,41 1 ,36 3 ,32 2 ,62 1 ,97 4
13217 1738.500000 1896.000000 ,14 1 ,64 3
14944 1725.000000 1911.000000 ,1 5 ,8 5 ,7 4
16061 1744.500000 1881.000000 ,97 1 ,64 2 ,17 4 ,88 4
16070 1713.000000 1888.500000 ,42 4 ,23 2
16754 1738.500000 1863.000000 ,93 3
18633 1729.500000 1879.500000 ,39 3 ,31 1 ,23 2 ,89 5 ,95 5 ,75 2
18774 1738.500000 1861.500000 ,49 1 ,93 2 ,52 5 ,23 4 ,22 2 ,63 3
19883 1746.000000 1890.000000 ,63 3 ,45 1 ,0 1
20773 1716.000000 1864.500000 ,62 2 ,11 4 ,84 1 ,25 4
24876 1707.000000 1873.500000 ,14 2 ,1 3 ,17 3 ,41 5 ,89 2 ,63 1
26875 1713.000000 1899.000000 ,55 3 ,98 5 ,64 2 ,2 3
30530 1753.500000 1890.000000 ,37 2 ,78 2 ,40 3 ,12 2
31110 1711.500000 1893.000000 ,12 5
32754 1729.500000 1858.500000 ,66 4 ,6 1 ,50 5
46218 1728.000000 1909.500000 ,99 2 ,52 2 ,47 1
56447 1737.000000 1863.000000 ,6 3
76977 1725.000000 1854.000000 ,79 4 ,75 4 ,92 2 ,97 5 ,36 1
82716 1737.000000 1905.000000 ,76 1 ,70 1 ,59 5
87589 1741.500000 1884.000000 ,91 3 ,18 1 ,80 1 ,53 4 ,9 1
