12 3391.500000 1170.000000 ,93 2 ,41 5 ,49 4
4414 3399.000000 1149.000000 ,12 5 ,40 2
11694 3399.000000 1209.000000 ,79 5 ,83 2 ,85 4 ,95 4 ,94 4
16834 3402.000000 1174.500000 ,75 5 ,44 4 ,18 4
17863 3393.000000 1153.500000 ,88 3 ,71 4
20190 3388.500000 1210.500000 ,27 3 ,65 4 ,88 1 ,77 3 ,1 2 ,47 4
22685 3411.000000 1213.500000 ,37 3 ,21 3 ,45 5
23902 3409.500000 1173.000000 ,70 5 ,0 4 ,7 1 ,87 4 ,24 4 ,53 4
28946 3391.500000 1194.000000 ,23 1 ,40 4
31768 3378.000000 1212.000000 ,80 4 ,95 2 ,51 1 ,10 5 ,74 2
35850 3397.500000 1147.500000 ,94 3
36327 3405.000000 1158.000000 ,44 1 ,93 3 ,87 3 ,3 4
36976 3394.500000 1155.000000 ,20 5 ,17 1 ,24 1 ,49 5 ,12 4
40666 3376.500000 1174.500000 ,81 3 ,43 5 ,82 3
41442 3402.000000 1192.500000 ,79 4 ,74 1 ,81 5 ,90 3 ,18 3
44276 3402.000000 1206.000000 ,18 3 ,93 4 ,26 2 ,95 4 ,8 2
46467 3403.500000 1162.500000 ,7 3 ,81 1 ,57 3 ,65 3
53837 3406.500000 1171.500000 ,49 4 ,0 4
61500 3384.000000 1150.500000 ,5 4 ,46 2 ,84 5 ,34 2 ,90 5 ,56 1
67540 3403.500000 1161.000000 ,50 1
74490 3399.000000 1218.000000 ,97 1
86304 3379.500000 1177.500000 ,22 5 ,75 1
98056 3400.500000 1198.500000 ,6 2 ,48 4
