991 1630.500000 2161.500000 ,80 4 ,94 3
1263 1608.000000 2109.000000 ,2 5 ,84 1 ,11 2 ,52 2 ,96 2 ,17 1
1478 1599.000000 2116.500000 ,14 1 ,6 5
5670 1611.000000 2110.500000 ,15 1 ,81 3 ,45 2 ,28 2 ,87 1 ,74 1
5865 1639.500000 2151.000000 ,96 1 ,82 4
6691 1641.000000 2187.000000 ,33 5 ,6 4
11459 1606.500000 2181.000000 ,88 3
16487 1606.500000 2140.500000 ,65 1
17687 1599.000000 2133.000000 ,58 3 ,92 3 ,38 3 ,16 4 ,23 2 ,45 4
19090 1605.000000 2124.000000 ,13 2 ,50 4
19548 1612.500000 2149.500000 ,26 3 ,83 2 ,44 2 ,48 4 ,17 1 ,66 4
19863 1639.500000 2124.000000 ,40 4 ,49 3 ,53 2
20087 1617.000000 2133.000000 ,97 3 ,51 4
21146 1635.000000 2121.000000 ,43 4
23044 1635.000000 2110.500000 ,42 3 ,51 3 ,78 4 ,59 3 ,91 2
24590 1599.000000 2188.500000 ,8 2 ,86 2 ,80 1
34013 1636.500000 2122.500000 ,38 3 ,55 2 ,65 4
35378 1626.000000 2193.000000 ,25 3 ,13 1
36815 1612.500000 2191.500000 ,94 3
38953 1635.000000 2101.500000 ,79 4
43487 1639.500000 2142.000000 ,40 2 ,30 2 ,50 4 ,81 2
46623 1629.000000 2149.500000 ,19 5 ,73 2 ,51 3
46803 1638.000000 2142.000000 ,1 5 ,82 5 ,45 3 ,2 2 ,68 3
46926 1620.000000 2170.500000 ,72 2 ,7 1 ,44 4 ,45 2 ,43 1
50685 1618.500000 2116.500000 ,69 5 ,37 4 ,34 1 ,94 1
56002 1603.500000 2154.000000 ,9 3
63247 1602.000000 2173.500000 ,53 4 ,47 5 ,86 5 ,58 3 ,32 1
69232 1638.000000 2100.000000 ,72 5 ,30 2 ,31 2 ,20 2 ,73 3
75418 1638.000000 2151.000000 ,51 3 ,23 5 ,95 4 ,12 5
77246 1627.500000 2112.000000 ,35 1 ,78 1
77978 1624.500000 2160.000000 ,97 4 ,35 3 ,62 1 ,89 3 ,4 3 ,64 1
79307 1603.500000 2191.500000 ,40 5 ,56 5 ,33 3
83805 1630.500000 2157.000000 ,78 4 ,56 2 ,4 3
87270 1624.500000 2182.500000 ,21 5
88868 1617.000000 2109.000000 ,11 3 ,4 3 ,30 4 ,60 1
89002 1615.500000 2173.500000 ,48 1 ,91 5
90423 1632.000000 2100.000000 ,71 5 ,57 3 ,20 1 ,94 5
99474 1638.000000 2170.500000 ,34 3 ,66 1 ,69 5
