153 319.500000 367.500000 ,53 1
3302 343.500000 388.500000 ,66 4 ,73 3 ,52 3 ,46 1 ,98 5
4240 349.500000 426.000000 ,79 3 ,31 2 ,69 5 ,92 5 ,9 1
5953 319.500000 414.000000 ,16 3 ,11 5 ,32 5
6844 339.000000 405.000000 ,15 5 ,67 2 ,31 2 ,69 2 ,81 3 ,74 3
9249 345.000000 403.500000 ,27 1
13275 348.000000 364.500000 ,34 4 ,37 3 ,52 1
18566 339.000000 397.500000 ,18 5 ,0 2
19668 339.000000 366.000000 ,7 1
23423 345.000000 427.500000 ,38 1 ,5 3 ,79 5
24537 343.500000 376.500000 ,27 1 ,68 5 ,21 4 ,81 1 ,31 4 ,30 2
37356 319.500000 367.500000 ,66 5 ,86 4 ,83 5
37720 333.000000 381.000000 ,84 1 ,0 4 ,23 5 ,36 3 ,7 3
38662 304.500000 397.500000 ,49 3 ,22 3
39311 346.500000 415.500000 ,16 2 ,44 2 ,22 1 ,74 5
41772 313.500000 418.500000 ,11 4
48653 319.500000 379.500000 ,19 5 ,42 1
49561 313.500000 412.500000 ,78 4
53304 333.000000 387.000000 ,20 3 ,93 5 ,96 2 ,64 4 ,37 2
56132 343.500000 411.000000 ,91 5 ,95 2
56934 306.000000 424.500000 ,64 2 ,60 1
62656 336.000000 423.000000 ,58 2
64121 309.000000 420.000000 ,64 2 ,26 5 ,16 2
66305 331.500000 403.500000 ,5 5 ,17 2
70491 346.500000 418.500000 ,90 1 ,71 3 ,65 3 ,10 1 ,79 5 ,54 1
70819 304.500000 369.000000 ,75 1
71104 331.500000 403.500000 ,66 4 ,4 5 ,18 4 ,5 2 ,99 2
72269 331.500000 403.500000 ,97 3 ,89 1 ,59 2 ,11 4
73467 306.000000 403.500000 ,6 1 ,70 1 ,24 4 ,22 1 ,78 5
75603 348.000000 402.000000 ,7 4 ,12 4 ,94 3 ,83 2 ,55 3 ,77 4
75769 300.000000 421.500000 ,18 4 ,25 4
85137 348.000000 355.500000 ,54 5 ,25 3
98501 307.500000 358.500000 ,19 1 ,25 5 ,42 5 ,64 5 ,66 1 ,79 3
98996 342.000000 417.000000 ,72 5 ,75 4 ,67 4 ,54 4 ,24 3
99181 312.000000 390.000000 ,31 4 ,53 3 ,17 1 ,3 1
