3602 1779.000000 544.500000 ,62 3 ,34 1 ,31 4
3780 1788.000000 535.500000 ,13 1
5227 1765.500000 547.500000 ,77 1 ,50 2 ,35 3
7298 1791.000000 540.000000 ,45 5 ,49 2 ,8 5 ,61 5 ,99 4
15166 1755.000000 528.000000 ,7 5 ,24 5 ,33 4 ,38 3 ,55 5
17833 1756.500000 529.500000 ,27 1 ,17 2 ,31 5
20122 1794.000000 550.500000 ,70 5
21175 1785.000000 541.500000 ,67 5 ,99 2 ,76 5 ,65 4 ,34 2
23950 1770.000000 531.000000 ,68 4 ,27 4
24226 1798.500000 555.000000 ,6 5 ,99 4 ,34 3 ,27 2 ,96 1 ,64 3
26745 1771.500000 538.500000 ,34 1 ,25 4 ,31 1 ,98 2 ,4 5 ,29 4
35446 1780.500000 526.500000 ,29 5 ,32 1 ,43 5 ,2 1 ,16 2
41827 1795.500000 550.500000 ,66 4 ,52 2 ,95 2
44423 1800.000000 525.000000 ,66 2 ,38 5 ,89 2 ,20 5
45023 1755.000000 553.500000 ,79 2 ,64 4 ,26 2 ,37 1 ,48 2
48194 1789.500000 556.500000 ,52 4 ,85 5 ,93 2 ,75 1 ,43 5 ,14 1
52689 1788.000000 537.000000 ,53 3 ,81 3 ,31 1 ,44 5
57064 1770.000000 549.000000 ,89 1
73826 1792.500000 535.500000 ,54 3 ,70 4
75349 1774.500000 528.000000 ,46 4 ,91 4 ,20 3 ,90 1 ,98 5 ,13 2
77936 1794.000000 534.000000 ,7 5 ,50 2 ,10 4
85820 1786.500000 528.000000 ,60 5 ,36 4
92360 1771.500000 559.500000 ,94 1 ,42 3 ,44 2 ,18 4
