2364 1768.500000 1320.000000 ,84 3
4524 1798.500000 1300.500000 ,55 1 ,74 4 ,11 3
5248 1780.500000 1288.500000 ,36 1 ,26 1 ,24 3
5862 1806.000000 1333.500000 ,7 2 ,59 3 ,95 4 ,63 3 ,48 2 ,66 2
8334 1786.500000 1285.500000 ,31 4 ,44 4 ,50 2
13236 1783.500000 1302.000000 ,40 1
21105 1798.500000 1263.000000 ,94 2 ,82 4 ,5 3 ,13 5 ,63 3 ,29 4
22199 1774.500000 1329.000000 ,43 1 ,88 4 ,66 1 ,32 3 ,71 5
35194 1759.500000 1314.000000 ,24 1 ,59 2 ,45 4 ,64 4 ,12 4
35344 1764.000000 1275.000000 ,48 5 ,28 5 ,69 5
37323 1771.500000 1333.500000 ,81 2 ,15 2 ,4 3 ,87 1 ,46 3
38582 1786.500000 1299.000000 ,18 2 ,98 1 ,68 2
40101 1800.000000 1263.000000 ,67 1
44291 1798.500000 1276.500000 ,72 3 ,41 2 ,53 3
46401 1755.000000 1300.500000 ,24 5 ,69 5
52722 1791.000000 1276.500000 ,24 3 ,22 4 ,60 3 ,67 1 ,52 4 ,35 5
55679 1758.000000 1276.500000 ,77 3 ,99 3 ,35 4 ,82 1
58576 1764.000000 1318.500000 ,3 1 ,36 4
60992 1761.000000 1288.500000 ,25 2 ,43 1 ,60 5 ,96 5
65506 1803.000000 1267.500000 ,51 4 ,1 5 ,52 5 ,80 2 ,89 2
66197 1762.500000 1312.500000 ,95 4 ,1 4 ,29 3
66378 1777.500000 1270.500000 ,23 5 ,53 5 ,49 3 ,76 4 ,99 4
66683 1768.500000 1291.500000 ,42 1 ,13 1 ,97 2
70632 1785.000000 1266.000000 ,50 3 ,65 3 ,32 5 ,35 5
77061 1803.000000 1315.500000 ,88 5 ,63 5 ,1 1 ,79 3
77352 1756.500000 1312.500000 ,54 2 ,76 5 ,73 4
92280 1771.500000 1282.500000 ,47 1 ,17 3 ,62 4
92910 1761.000000 1297.500000 ,51 1
93759 1764.000000 1258.500000 ,58 2 ,49 2
95127 1759.500000 1288.500000 ,68 2 ,7 5 ,57 5 ,1 4 ,40 1 ,32 4
95297 1786.500000 1267.500000 ,28 5 ,81 1 ,0 3 ,70 2
