2119 648.000000 1227.000000 ,19 3 ,68 4 ,30 3
11501 655.500000 1221.000000 ,74 5
17740 649.500000 1186.500000 ,88 3 ,44 1
18067 676.500000 1240.500000 ,53 4 ,59 2 ,64 5 ,33 5 ,37 2 ,76 4
21326 672.000000 1182.000000 ,20 3 ,54 3 ,17 3 ,77 2 ,73 3
22859 678.000000 1221.000000 ,74 3
24320 675.000000 1201.500000 ,59 3 ,54 1 ,8 3 ,74 1
26126 594.000000 1237.500000 ,4 4 ,14 5 ,33 1
26891 594.000000 1221.000000 ,17 5
27471 657.000000 1254.000000 ,14 2 ,2 2 ,93 3 ,39 3
27961 613.500000 1245.000000 ,91 1 ,54 3 ,60 4
30169 610.500000 1234.500000 ,28 2 ,57 3 ,47 5 ,68 1
30513 682.500000 1191.000000 ,46 5 ,56 5
32606 675.000000 1177.500000 ,49 1 ,7 4 ,75 5 ,11 3 ,51 1 ,58 4
33238 657.000000 1233.000000 ,37 2 ,89 5 ,33 2
42303 661.500000 1188.000000 ,10 3 ,8 1 ,91 4
44314 670.500000 1237.500000 ,30 5 ,72 4 ,51 3 ,37 5 ,8 4 ,23 5
45184 603.000000 1246.500000 ,51 5 ,56 4 ,47 3 ,93 3
45905 687.000000 1177.500000 ,7 1 ,1 2
51422 589.500000 1201.500000 ,70 2 ,58 4
53004 655.500000 1198.500000 ,32 2 ,73 5
53895 664.500000 1189.500000 ,60 1 ,5 1 ,0 1 ,8 2 ,93 4 ,88 1
56443 666.000000 1185.000000 ,22 4 ,74 3 ,86 5 ,29 1 ,72 2
61257 688.500000 1212.000000 ,58 2
64317 669.000000 1248.000000 ,76 4 ,54 2
67247 649.500000 1192.500000 ,15 1
67564 673.500000 1180.500000 ,53 3 ,16 2 ,47 1 ,26 5 ,82 2 ,40 4
68049 685.500000 1174.500000 ,93 1 ,7 5 ,86 5 ,40 5 ,63 2 ,57 3
69411 648.000000 1245.000000 ,86 3 ,22 4 ,12 1
69733 682.500000 1252.500000 ,98 5 ,36 2 ,81 3 ,56 2 ,34 1
70442 646.500000 1246.500000 ,32 4 ,70 3
71151 643.500000 1192.500000 ,27 4 ,5 5 ,73 1
76511 684.000000 1204.500000 ,96 4 ,79 5 ,50 3 ,12 2 ,25 5 ,69 1
77407 663.000000 1239.000000 ,25 2 ,15 2
87199 666.000000 1222.500000 ,99 2
87955 667.500000 1198.500000 ,0 5 ,36 5 ,42 4
89889 669.000000 1201.500000 ,64 3 ,57 4 ,31 4 ,35 2 ,53 1
90603 672.000000 1209.000000 ,88 2 ,15 2 ,44 3 ,42 1 ,65 3 ,18 2
91442 643.500000 1222.500000 ,0 5 ,83 5 ,70 5 ,39 5 ,27 4 ,57 5
98529 666.000000 1222.500000 ,15 2
