3455 2104.500000 2733.000000 ,45 5 ,43 4 ,55 4 ,10 5 ,9 5
7331 2079.000000 2739.000000 ,29 1 ,69 1 ,64 3
7419 2088.000000 2731.500000 ,25 3 ,95 5 ,39 5
8153 2119.500000 2733.000000 ,74 1 ,37 3 ,8 4 ,80 1
11443 2119.500000 2740.500000 ,47 2 ,87 4 ,77 2 ,51 4 ,89 5 ,33 1
12658 2086.500000 2761.500000 ,65 5 ,82 4
12735 2083.500000 2755.500000 ,0 4
15648 2065.500000 2725.500000 ,40 5 ,87 3 ,56 5 ,68 2 ,33 2 ,41 5
17086 2047.500000 2749.500000 ,43 1 ,47 5 ,82 5 ,95 2
28002 2073.000000 2757.000000 ,23 4 ,9 5 ,6 4
29416 2058.000000 2721.000000 ,49 2 ,8 3 ,30 4 ,1 5 ,90 4 ,24 4
32078 2128.500000 2728.500000 ,5 2 ,48 5 ,85 1 ,17 5 ,19 3 ,75 4
34007 2059.500000 2758.500000 ,42 4 ,21 3
39563 2104.500000 2767.500000 ,35 1 ,84 1 ,81 2 ,67 3 ,96 2 ,72 2
40519 2100.000000 2766.000000 ,45 1 ,87 3
41855 2113.500000 2736.000000 ,15 4 ,65 1
45105 2092.500000 2746.500000 ,85 5
48401 2077.500000 2734.500000 ,93 4 ,67 3
60840 2079.000000 2728.500000 ,87 5 ,15 4
68405 2094.000000 2731.500000 ,83 4
79878 2061.000000 2724.000000 ,61 1 ,18 1 ,74 4 ,98 1
85764 2055.000000 2722.500000 ,93 2 ,99 1
88414 2106.000000 2736.000000 ,15 5 ,31 5 ,6 2
95782 2058.000000 2737.500000 ,98 3 ,66 1
98885 2041.500000 2761.500000 ,18 1
