548 564.000000 2392.500000 ,99 2 ,65 5 ,42 2 ,92 4 ,87 3 ,94 3
1356 573.000000 2356.500000 ,9 4 ,16 2 ,34 4 ,62 1
5915 585.000000 2391.000000 ,83 5 ,35 3 ,87 4 ,98 2
7502 574.500000 2392.500000 ,6 3 ,18 1 ,85 3
7959 556.500000 2374.500000 ,70 1 ,22 1
9324 562.500000 2389.500000 ,16 4 ,18 5 ,40 5 ,9 2
20273 574.500000 2374.500000 ,85 3 ,9 1 ,78 1 ,19 3 ,17 1
21594 561.000000 2352.000000 ,59 4 ,42 2 ,87 5 ,64 5
23328 558.000000 2382.000000 ,46 3 ,3 4 ,44 5
26256 585.000000 2370.000000 ,41 5 ,94 5 ,55 4 ,7 4 ,79 4 ,5 5
26334 546.000000 2368.500000 ,71 5 ,52 5 ,86 4
30488 555.000000 2391.000000 ,21 2 ,86 5 ,18 3
33474 570.000000 2373.000000 ,93 5 ,39 4
40319 549.000000 2346.000000 ,35 4
41162 543.000000 2343.000000 ,10 4 ,27 4 ,94 2 ,18 3 ,41 5
45179 582.000000 2344.500000 ,77 5 ,53 4 ,21 3 ,11 4 ,20 1
53050 541.500000 2386.500000 ,98 1 ,47 4 ,96 3 ,7 5 ,71 2
53615 579.000000 2368.500000 ,41 3 ,5 1 ,29 1 ,49 5
55447 544.500000 2347.500000 ,58 5 ,95 3 ,70 5 ,12 2 ,86 1 ,78 3
67288 555.000000 2374.500000 ,87 3
67858 586.500000 2343.000000 ,42 5
68202 550.500000 2364.000000 ,54 4 ,62 5
74899 549.000000 2350.500000 ,17 1 ,32 3 ,58 2 ,39 2 ,90 1
86520 558.000000 2386.500000 ,29 3 ,54 3
89326 564.000000 2352.000000 ,1 1 ,36 4
95783 574.500000 2389.500000 ,86 3 ,6 3 ,10 5 ,89 1 ,65 4
