3343 4207.500000 2881.500000 ,78 2 ,68 4 ,30 5 ,1 3 ,67 2 ,59 5
4448 4188.000000 2905.500000 ,40 5 ,41 4 ,4 4
6302 4165.500000 2889.000000 ,30 3
9554 4152.000000 2902.500000 ,6 1 ,72 3 ,97 5 ,27 3 ,78 4 ,69 2
13494 4192.500000 2899.500000 ,58 2 ,15 4 ,91 4 ,92 1
13641 4168.500000 2907.000000 ,17 4 ,2 4 ,52 1 ,22 5 ,57 2
18039 4191.000000 2890.500000 ,35 5 ,56 1 ,83 4
20834 4153.500000 2902.500000 ,98 2 ,8 3 ,43 3 ,72 3 ,50 3 ,83 5
21568 4123.500000 2902.500000 ,76 4 ,28 1 ,58 1 ,62 4 ,87 5 ,54 2
22426 4192.500000 2905.500000 ,27 3 ,49 5 ,48 4 ,56 3 ,60 1
25046 4155.000000 2863.500000 ,42 5 ,29 2 ,62 2 ,26 2 ,39 5
25969 4144.500000 2860.500000 ,47 5 ,70 2 ,84 1 ,45 3 ,66 5
29673 4155.000000 2884.500000 ,41 3
32631 4197.000000 2908.500000 ,31 1
34468 4123.500000 2901.000000 ,29 2 ,17 5 ,44 5 ,39 3 ,57 2
38510 4156.500000 2908.500000 ,35 2
45228 4155.000000 2889.000000 ,41 2
47498 4182.000000 2878.500000 ,59 2 ,35 4 ,61 2 ,51 3 ,69 1 ,39 1
49072 4143.000000 2907.000000 ,62 1
49100 4191.000000 2895.000000 ,6 2 ,22 3 ,74 5 ,2 2 ,24 2 ,59 5
52737 4158.000000 2862.000000 ,93 5
54986 4185.000000 2878.500000 ,61 1 ,31 1 ,80 2 ,59 5
57755 4150.500000 2898.000000 ,70 5 ,94 5 ,15 3 ,39 5 ,63 4 ,5 4
60469 4158.000000 2865.000000 ,86 2 ,17 1 ,25 1 ,73 5 ,3 3 ,94 2
61426 4171.500000 2880.000000 ,15 3 ,60 1 ,27 1
65576 4209.000000 2881.500000 ,41 3
73264 4132.500000 2871.000000 ,6 1 ,39 4 ,32 2 ,86 5 ,56 4 ,7 1
78730 4174.500000 2880.000000 ,10 1 ,97 5
84927 4153.500000 2896.500000 ,73 5 ,11 4 ,47 2 ,35 2 ,43 1 ,25 5
88129 4128.000000 2875.500000 ,93 4 ,11 3 ,42 3 ,57 4 ,81 4
88299 4141.500000 2865.000000 ,0 4 ,49 5 ,73 4 ,33 1 ,96 3
91787 4161.000000 2899.500000 ,82 1 ,36 3 ,32 4 ,63 2 ,11 4
94088 4120.500000 2896.500000 ,83 3 ,48 5 ,66 2 ,95 1 ,67 5
