1040 2643.000000 2193.000000 ,42 2
2583 2650.500000 2217.000000 ,21 3 ,77 2 ,23 3 ,61 5 ,39 4
7989 2658.000000 2202.000000 ,68 2 ,52 1 ,75 2 ,25 3 ,95 5 ,98 2
12717 2653.500000 2163.000000 ,75 3 ,26 3 ,90 5 ,50 2 ,15 3 ,19 1
15133 2643.000000 2227.500000 ,34 1 ,60 4 ,10 3 ,67 4 ,41 4 ,31 1
21282 2664.000000 2215.500000 ,11 3 ,26 2
25422 2659.500000 2235.000000 ,83 3 ,91 2 ,24 5 ,32 3 ,84 5 ,31 3
28383 2650.500000 2172.000000 ,58 5 ,46 2 ,36 1
30044 2653.500000 2196.000000 ,49 3
31957 2637.000000 2227.500000 ,89 5 ,54 1 ,50 2 ,70 2
32974 2626.500000 2235.000000 ,80 3 ,70 1 ,37 4 ,94 2 ,81 1
33593 2622.000000 2226.000000 ,21 1 ,72 4 ,32 4 ,90 1 ,87 5
55606 2647.500000 2197.500000 ,52 1 ,19 1 ,66 2
55924 2628.000000 2179.500000 ,82 4 ,80 4 ,85 3
63168 2631.000000 2190.000000 ,43 4 ,81 1 ,37 4 ,38 4
70709 2637.000000 2178.000000 ,14 3 ,59 1 ,62 3
72945 2625.000000 2184.000000 ,89 2 ,47 3 ,27 5
73841 2634.000000 2194.500000 ,89 2 ,82 5 ,93 3 ,56 4
83476 2632.500000 2199.000000 ,47 4 ,99 5 ,69 2
83827 2634.000000 2226.000000 ,69 2 ,26 4
86100 2629.500000 2205.000000 ,15 5
88474 2625.000000 2230.500000 ,66 1
91986 2652.000000 2185.500000 ,71 2
93741 2650.500000 2178.000000 ,4 1 ,50 1 ,18 1
94733 2640.000000 2227.500000 ,81 3 ,91 3 ,38 5 ,82 4
96818 2647.500000 2214.000000 ,16 3
