8718 189.000000 2367.000000 ,71 1 ,59 4 ,28 1 ,92 1 ,6 5
9107 169.500000 2397.000000 ,12 5 ,73 5 ,3 4 ,19 1 ,86 5
10373 192.000000 2373.000000 ,27 5 ,33 2 ,32 1 ,14 4 ,78 3
14186 204.000000 2367.000000 ,95 5 ,22 5 ,83 5 ,77 1 ,51 4 ,54 4
15443 222.000000 2406.000000 ,79 1 ,66 1 ,67 4 ,92 5 ,33 1 ,9 2
16904 232.500000 2379.000000 ,55 1 ,69 5 ,24 3 ,96 4 ,73 1 ,54 2
17794 234.000000 2364.000000 ,5 3 ,16 4 ,52 3 ,40 1 ,21 2 ,56 3
20094 210.000000 2379.000000 ,25 3 ,94 4 ,22 2 ,81 3
21633 192.000000 2376.000000 ,52 5 ,24 1
21907 202.500000 2370.000000 ,7 2 ,62 3
25093 231.000000 2358.000000 ,20 5 ,77 3
27148 228.000000 2367.000000 ,5 2 ,48 5 ,99 5 ,86 1
33559 199.500000 2406.000000 ,91 1 ,3 5 ,27 3 ,76 3 ,94 3 ,49 5
42173 196.500000 2403.000000 ,6 1 ,73 2
48144 165.000000 2406.000000 ,41 5 ,64 3 ,73 2
53546 237.000000 2356.500000 ,9 2 ,73 4 ,65 4 ,90 3
55015 223.500000 2385.000000 ,61 3 ,6 2
58508 246.000000 2374.500000 ,38 2
63163 268.500000 2380.500000 ,38 4 ,93 4 ,60 5
64345 207.000000 2358.000000 ,24 1 ,4 5
65704 174.000000 2364.000000 ,21 5 ,5 4
74743 229.500000 2397.000000 ,19 4
75190 243.000000 2349.000000 ,82 4 ,3 2 ,31 4 ,43 2
76461 181.500000 2377.500000 ,65 1
76506 223.500000 2388.000000 ,43 3 ,26 1 ,48 4 ,93 5
77755 240.000000 2352.000000 ,59 1 ,63 1 ,93 3
84256 237.000000 2353.500000 ,7 1 ,22 4 ,20 4 ,12 2 ,6 2 ,2 2
87821 211.500000 2352.000000 ,24 3 ,42 3
