8729 396.000000 2125.500000 ,1 3 ,60 5 ,0 2 ,65 2 ,36 2 ,58 2
8810 381.000000 2143.500000 ,80 5 ,57 3 ,69 1 ,88 1 ,6 2 ,38 1
9446 390.000000 2137.500000 ,0 5 ,29 3 ,98 3 ,15 4 ,44 2 ,72 4
11993 420.000000 2128.500000 ,18 1 ,12 4 ,58 1
21583 379.500000 2136.000000 ,48 1 ,92 5
29197 366.000000 2173.500000 ,3 2 ,67 2
33967 427.500000 2130.000000 ,77 3 ,5 1 ,28 2 ,7 2 ,94 5 ,99 2
40249 400.500000 2134.500000 ,6 1 ,80 4 ,14 5 ,98 4 ,68 3 ,48 1
41472 376.500000 2167.500000 ,0 4 ,31 3 ,46 1 ,52 3 ,57 4 ,61 5
45066 432.000000 2169.000000 ,15 2 ,86 5 ,91 4 ,33 3 ,74 1
45985 423.000000 2137.500000 ,12 5 ,71 5
48552 369.000000 2160.000000 ,62 5 ,48 5 ,35 4 ,18 5
48985 421.500000 2170.500000 ,24 4
49389 421.500000 2158.500000 ,36 5 ,81 2 ,19 4 ,46 1 ,77 2
51813 387.000000 2170.500000 ,77 5
53428 381.000000 2130.000000 ,94 1 ,34 5 ,10 2
59822 366.000000 2131.500000 ,81 4 ,23 3
61006 394.500000 2130.000000 ,51 3 ,47 4 ,32 5 ,54 3 ,53 1 ,52 3
63616 379.500000 2157.000000 ,33 4 ,24 1 ,37 3
64145 396.000000 2167.500000 ,41 4
64611 391.500000 2146.500000 ,62 4 ,72 4 ,41 5 ,6 4
67686 402.000000 2164.500000 ,73 2 ,59 5 ,97 2 ,33 1 ,98 1
73578 396.000000 2154.000000 ,36 2
82684 382.500000 2146.500000 ,3 5 ,15 4 ,33 4
83521 412.500000 2134.500000 ,76 5
86035 406.500000 2125.500000 ,31 2
89348 421.500000 2173.500000 ,16 5 ,19 5 ,94 4 ,54 1 ,58 4
89782 376.500000 2175.000000 ,20 3 ,72 1 ,73 4
91340 364.500000 2163.000000 ,37 3 ,16 3 ,54 2 ,64 5 ,76 1
93183 426.000000 2145.000000 ,17 5 ,28 2 ,80 4
93632 430.500000 2136.000000 ,0 2
95153 415.500000 2167.500000 ,55 2 ,85 5
99772 370.500000 2151.000000 ,72 1
