1635 3969.000000 2316.000000 ,15 3 ,50 1 ,41 5 ,45 1 ,33 1
2693 3985.500000 2349.000000 ,93 5 ,70 5 ,36 3 ,99 5 ,62 2
4409 3969.000000 2301.000000 ,23 1 ,73 5 ,63 4
7504 3984.000000 2326.500000 ,65 1 ,44 3 ,7 5 ,4 5 ,42 2 ,70 2
8563 3960.000000 2347.500000 ,71 4 ,52 4 ,17 2 ,70 5 ,30 1
8595 3997.500000 2335.500000 ,29 2 ,11 4 ,94 1 ,6 1 ,7 3
18287 3997.500000 2319.000000 ,21 3 ,72 3 ,29 3 ,40 2
20210 3960.000000 2344.500000 ,5 5 ,77 3 ,42 2
22739 3990.000000 2346.000000 ,61 5 ,60 5 ,31 1 ,69 1 ,62 4
25179 3954.000000 2289.000000 ,21 4 ,84 2 ,59 5 ,13 4 ,29 5 ,16 1
25461 3996.000000 2289.000000 ,9 1 ,36 3 ,61 1 ,42 4
35302 3963.000000 2295.000000 ,12 4 ,33 2 ,98 1
36941 4003.500000 2317.500000 ,61 5 ,26 2 ,23 4
39141 3975.000000 2292.000000 ,15 2 ,63 3 ,62 2 ,88 1
45791 3984.000000 2298.000000 ,62 3 ,23 4 ,64 5 ,8 2 ,16 2
51988 3958.500000 2329.500000 ,71 1 ,28 5 ,91 3
56149 3999.000000 2311.500000 ,9 3
56374 3996.000000 2293.500000 ,30 3 ,74 1 ,87 4 ,35 2
56776 3988.500000 2332.500000 ,64 3 ,40 1 ,7 5 ,84 5 ,19 2 ,92 3
66164 4002.000000 2302.500000 ,89 3 ,30 3 ,67 4 ,91 1 ,8 4
69096 4002.000000 2289.000000 ,7 4 ,17 3 ,42 4 ,2 2
69594 3954.000000 2350.500000 ,11 4 ,28 5 ,52 2 ,85 3 ,13 3 ,67 4
70974 3991.500000 2313.000000 ,56 5
73058 4003.500000 2356.500000 ,60 3 ,47 4 ,63 5 ,67 3
73750 3967.500000 2293.500000 ,71 5 ,69 1 ,83 3
74614 3978.000000 2326.500000 ,35 2 ,55 2
79817 3961.500000 2290.500000 ,28 4 ,75 1 ,34 4 ,77 3 ,78 4 ,26 3
81713 3994.500000 2338.500000 ,12 2 ,37 3 ,41 3 ,73 2 ,21 3 ,99 3
82346 3979.500000 2343.000000 ,70 1 ,51 1 ,99 2 ,13 2 ,86 2
88343 4005.000000 2356.500000 ,63 5 ,6 1
89398 4003.500000 2299.500000 ,46 5
89410 3990.000000 2310.000000 ,9 4 ,60 5 ,51 2
94427 4002.000000 2323.500000 ,95 4 ,94 2 ,56 3 ,42 3 ,60 1 ,96 1
99489 4000.500000 2332.500000 ,12 2 ,24 4 ,15 2
