1138 1843.500000 2904.000000 ,60 1
2686 1888.500000 2856.000000 ,80 5 ,27 2
3035 1884.000000 2857.500000 ,89 5 ,40 1 ,62 3 ,14 4 ,67 2
5811 1852.500000 2892.000000 ,75 4 ,14 1 ,3 1
10540 1858.500000 2881.500000 ,45 4 ,60 5
15449 1861.500000 2874.000000 ,29 2 ,14 2 ,69 5 ,88 2
19977 1839.000000 2889.000000 ,43 3 ,26 5 ,29 3 ,84 4 ,36 1
20804 1869.000000 2872.500000 ,20 1 ,11 5 ,65 5 ,9 1
32230 1855.500000 2871.000000 ,26 2 ,98 2
32254 1863.000000 2863.500000 ,63 1 ,84 1 ,74 2 ,26 4 ,62 3
35098 1854.000000 2868.000000 ,85 5 ,4 3 ,96 2 ,10 1 ,18 4
37795 1873.500000 2877.000000 ,36 2 ,99 5 ,10 4 ,52 1
39389 1890.000000 2892.000000 ,79 2 ,76 4 ,10 1 ,86 2 ,15 4 ,27 5
42715 1881.000000 2856.000000 ,1 3 ,67 2 ,28 1 ,71 5
48351 1860.000000 2884.500000 ,2 5 ,43 3
52622 1846.500000 2874.000000 ,26 4 ,16 3 ,42 5 ,66 5 ,25 3
60946 1860.000000 2866.500000 ,29 4 ,7 4 ,56 2 ,62 4
60951 1845.000000 2871.000000 ,40 1 ,91 2 ,89 4
60959 1887.000000 2865.000000 ,38 5 ,65 1 ,52 2 ,29 1
62557 1885.500000 2857.500000 ,60 3 ,74 2 ,89 5 ,41 5
62611 1855.500000 2869.500000 ,27 3 ,92 4 ,70 2
63005 1849.500000 2860.500000 ,51 1
63237 1857.000000 2898.000000 ,0 3 ,20 2 ,74 1
73642 1891.500000 2884.500000 ,10 5 ,85 5
76602 1875.000000 2866.500000 ,15 4 ,3 5 ,74 4 ,56 5
78191 1875.000000 2863.500000 ,7 3 ,30 3 ,89 4 ,96 2 ,86 4
80136 1840.500000 2860.500000 ,28 4 ,40 3 ,12 1 ,46 1
82218 1887.000000 2874.000000 ,1 1 ,25 2
84019 1887.000000 2914.500000 ,95 3 ,58 2
84664 1872.000000 2913.000000 ,75 3 ,19 1 ,30 1
90002 1882.500000 2863.500000 ,90 3 ,40 1 ,70 3 ,80 3 ,73 1
