1677 2283.000000 589.500000 ,12 3 ,98 4 ,66 1 ,33 4 ,93 4 ,15 3
2715 2289.000000 562.500000 ,11 5 ,63 4 ,83 5 ,34 3 ,75 2 ,32 2
7790 2286.000000 562.500000 ,51 5 ,12 4 ,2 3 ,89 1 ,24 1
8240 2278.500000 597.000000 ,1 1 ,90 2 ,7 3
16937 2304.000000 564.000000 ,78 1 ,0 3
17960 2280.000000 556.500000 ,25 3 ,47 3 ,86 4 ,57 4
23149 2284.500000 573.000000 ,37 4 ,29 4
23904 2326.500000 550.500000 ,33 4 ,99 1
27047 2302.500000 556.500000 ,38 5 ,69 2
29009 2316.000000 553.500000 ,9 2
35742 2287.500000 558.000000 ,4 1 ,3 4 ,62 2 ,99 5 ,38 3 ,90 2
36839 2322.000000 567.000000 ,86 4 ,68 3 ,77 5 ,73 3
38412 2319.000000 582.000000 ,77 1 ,35 1
39949 2322.000000 571.500000 ,11 5 ,58 4 ,52 4
39982 2293.500000 586.500000 ,39 1 ,16 1 ,8 5 ,65 3 ,85 1
43370 2275.500000 580.500000 ,5 4 ,17 4 ,89 1 ,30 5
54314 2301.000000 561.000000 ,23 1 ,54 1 ,12 3 ,39 4 ,17 3
57730 2272.500000 573.000000 ,96 3 ,45 3
58550 2310.000000 594.000000 ,73 5 ,23 2 ,52 2 ,70 1 ,74 3
65876 2314.500000 585.000000 ,31 1 ,42 5 ,85 4 ,19 1 ,45 3 ,38 5
67960 2289.000000 549.000000 ,40 1 ,18 4 ,53 5
88373 2308.500000 558.000000 ,21 4 ,63 3 ,28 3
93157 2323.500000 567.000000 ,55 1 ,52 4
94691 2304.000000 564.000000 ,7 3 ,83 5 ,32 4 ,89 3 ,11 2
97636 2313.000000 601.500000 ,31 4 ,68 2 ,75 4 ,8 5 ,7 5 ,49 3
98607 2314.500000 595.500000 ,94 1 ,27 1
99863 2286.000000 574.500000 ,79 2
