754 7.500000 2124.000000 ,48 1 ,60 4 ,19 4 ,35 3 ,91 5
1180 58.500000 2100.000000 ,74 5 ,48 3 ,17 3 ,37 2
15525 33.000000 2128.500000 ,43 1 ,78 3 ,84 5 ,70 2
20758 3.000000 2118.000000 ,31 3 ,11 3 ,77 4 ,17 3
20846 48.000000 2109.000000 ,60 2 ,69 3
25261 18.000000 2109.000000 ,14 4 ,94 4 ,30 4
26937 18.000000 2100.000000 ,93 3 ,31 3 ,92 3 ,14 1 ,18 4 ,6 1
28778 52.500000 2125.500000 ,73 5 ,98 2 ,88 2 ,22 1 ,78 1
30722 12.000000 2106.000000 ,81 5 ,96 4 ,47 5 ,9 1 ,18 5
40477 19.500000 2112.000000 ,46 4 ,50 2 ,47 5 ,66 5
49589 43.500000 2130.000000 ,7 1 ,2 5 ,70 2
55688 7.500000 2121.000000 ,33 3 ,99 4 ,45 3 ,95 2
57565 16.500000 2095.500000 ,76 5 ,43 4 ,93 4 ,79 5 ,49 3
64109 21.000000 2097.000000 ,76 4 ,29 4 ,52 3 ,65 5 ,84 5
64472 7.500000 2110.500000 ,16 3 ,66 3 ,45 1
66496 16.500000 2104.500000 ,33 5 ,40 1 ,61 1 ,51 4 ,82 2 ,81 5
66935 39.000000 2097.000000 ,83 1 ,54 4 ,64 3 ,41 1 ,36 1
67675 52.500000 2127.000000 ,95 2 ,92 5 ,64 5
77441 54.000000 2124.000000 ,68 4 ,5 3
81199 49.500000 2133.000000 ,8 1 ,81 2 ,57 5 ,32 5 ,89 5 ,0 4
84280 25.500000 2112.000000 ,9 3 ,27 3 ,33 3 ,24 3 ,98 1
84504 57.000000 2119.500000 ,71 4 ,30 3 ,61 4 ,66 3 ,1 1
86345 9.000000 2115.000000 ,76 3 ,30 4 ,89 5 ,54 5 ,95 4
92324 48.000000 2097.000000 ,8 4 ,68 4 ,94 5 ,98 5 ,63 3
94521 51.000000 2116.500000 ,50 2
97752 39.000000 2092.500000 ,49 1 ,61 2 ,29 1 ,74 4 ,25 4
