8921 4230.000000 1087.500000 ,46 2 ,76 2 ,2 2
10363 4257.000000 1093.500000 ,43 3 ,51 3 ,98 1 ,10 4 ,30 1
11793 4273.500000 1095.000000 ,47 4
15879 4275.000000 1050.000000 ,69 3
18331 4233.000000 1057.500000 ,63 2 ,25 5 ,86 1
22792 4257.000000 1101.000000 ,18 4 ,21 4 ,68 5 ,6 5 ,56 2 ,14 3
23957 4275.000000 1086.000000 ,8 5 ,10 3 ,90 1 ,60 5
25274 4272.000000 1053.000000 ,21 2
25388 4242.000000 1053.000000 ,61 1 ,38 2
28702 4234.500000 1099.500000 ,22 5 ,9 5 ,94 5
30165 4248.000000 1120.500000 ,36 1
31010 4275.000000 1080.000000 ,74 2 ,1 2 ,78 4
34285 4270.500000 1086.000000 ,74 1 ,4 5 ,92 3
45090 4260.000000 1092.000000 ,30 5 ,37 3
45922 4254.000000 1038.000000 ,98 4 ,69 2 ,36 4
48650 4236.000000 1093.500000 ,32 3 ,15 4 ,8 4
50470 4234.500000 1099.500000 ,38 2
50716 4275.000000 1093.500000 ,0 5 ,29 5 ,96 3 ,17 1 ,10 3 ,98 1
52949 4272.000000 1063.500000 ,27 2 ,45 2 ,82 4 ,54 5
54737 4260.000000 1119.000000 ,63 4
56569 4264.500000 1125.000000 ,17 4
60490 4243.500000 1086.000000 ,54 3 ,67 2 ,14 4 ,60 4
61490 4245.000000 1065.000000 ,91 4 ,76 5 ,71 1 ,51 1 ,12 5
62259 4257.000000 1063.500000 ,57 3 ,60 4 ,35 4 ,46 3 ,53 5 ,79 2
63219 4224.000000 1116.000000 ,0 2 ,36 1 ,72 5 ,91 1 ,97 5
71154 4243.500000 1048.500000 ,90 1
72210 4254.000000 1074.000000 ,20 5
75333 4266.000000 1116.000000 ,88 5 ,51 4 ,68 1 ,99 1 ,81 5 ,47 3
79263 4258.500000 1042.500000 ,79 5 ,11 5 ,22 1 ,55 3
80945 4245.000000 1096.500000 ,31 4 ,85 3
85299 4258.500000 1063.500000 ,14 3
92143 4258.500000 1075.500000 ,2 2 ,27 3 ,43 2
92475 4266.000000 1084.500000 ,35 2 ,40 4 ,71 1
94536 4242.000000 1108.500000 ,42 5 ,28 2 ,16 3 ,76 4
99501 4267.500000 1045.500000 ,44 4 ,28 3 ,9 1 ,19 2 ,24 1 ,0 3
