695 759.000000 1183.500000 ,98 3 ,8 4 ,60 4 ,30 4
2354 760.500000 1233.000000 ,22 2 ,8 1 ,62 1 ,75 3
9389 763.500000 1182.000000 ,59 2
13437 781.500000 1227.000000 ,97 5 ,62 5
13776 783.000000 1194.000000 ,69 3 ,81 1 ,2 3
14912 804.000000 1216.500000 ,9 1 ,78 5 ,6 1 ,52 1
19677 795.000000 1182.000000 ,62 2
19947 786.000000 1197.000000 ,74 5
25906 771.000000 1177.500000 ,20 5 ,4 2 ,63 4 ,57 4 ,92 3
26513 805.500000 1234.500000 ,31 4
39807 756.000000 1212.000000 ,83 2 ,0 5 ,66 4 ,19 3 ,90 2 ,12 1
42579 783.000000 1231.500000 ,21 5 ,57 4
47269 775.500000 1186.500000 ,12 2 ,55 5 ,53 3
48302 763.500000 1224.000000 ,55 4 ,14 4 ,95 5 ,48 1 ,99 1 ,42 5
48327 789.000000 1180.500000 ,98 4 ,96 4 ,78 3
64506 780.000000 1195.500000 ,52 3 ,50 1
64597 787.500000 1236.000000 ,53 3
69676 768.000000 1215.000000 ,83 1 ,51 4
71225 760.500000 1222.500000 ,43 3 ,46 4 ,55 5 ,97 2 ,27 1
74932 765.000000 1230.000000 ,90 4 ,22 2 ,13 1 ,68 5 ,55 4
82719 801.000000 1185.000000 ,44 5 ,18 2 ,70 3 ,36 1
83005 762.000000 1209.000000 ,57 2 ,30 4
84448 781.500000 1210.500000 ,23 5 ,27 5 ,30 3 ,71 5
92946 780.000000 1212.000000 ,57 1
93945 795.000000 1191.000000 ,70 5
95241 759.000000 1237.500000 ,44 2
96324 772.500000 1218.000000 ,63 2 ,68 4
97351 762.000000 1192.500000 ,27 5 ,66 1
97890 789.000000 1239.000000 ,95 1
