3668 331.500000 2223.000000 ,27 3 ,78 4 ,68 5 ,95 3 ,30 3
7885 384.000000 2256.000000 ,17 5 ,21 3 ,12 3 ,43 5
9305 387.000000 2302.500000 ,90 4 ,19 3 ,29 3 ,33 1 ,43 5 ,4 3
13072 354.000000 2295.000000 ,87 1 ,31 5 ,1 5
14547 330.000000 2299.500000 ,63 2 ,32 3 ,45 2 ,47 3 ,3 5 ,55 1
15100 363.000000 2268.000000 ,90 1 ,15 4 ,98 4
18867 358.500000 2266.500000 ,14 3
21605 361.500000 2251.500000 ,57 3
23590 349.500000 2262.000000 ,97 1 ,98 4 ,35 4 ,79 2 ,13 2 ,7 5
26145 358.500000 2259.000000 ,96 2 ,88 2 ,57 4 ,28 5
26740 330.000000 2226.000000 ,64 5 ,93 4 ,0 4 ,23 2 ,83 1 ,12 1
29799 387.000000 2287.500000 ,61 4 ,54 1 ,7 1 ,2 1 ,68 4
33974 390.000000 2293.500000 ,10 4 ,49 1
37089 355.500000 2283.000000 ,85 3 ,3 3 ,28 5 ,87 1
37241 348.000000 2295.000000 ,55 3 ,81 2
37459 373.500000 2286.000000 ,26 3 ,3 5 ,94 3 ,58 3 ,75 4 ,69 3
38281 384.000000 2251.500000 ,29 4 ,83 5 ,42 5 ,32 3
39598 361.500000 2296.500000 ,69 1
40645 366.000000 2277.000000 ,78 1 ,69 2 ,37 2 ,73 1 ,44 2 ,20 3
41843 370.500000 2223.000000 ,59 3 ,5 1
42268 357.000000 2301.000000 ,14 2 ,74 2 ,20 5 ,35 5 ,69 3 ,18 3
45443 373.500000 2296.500000 ,19 4
50174 384.000000 2274.000000 ,23 4 ,55 1 ,46 1
51188 379.500000 2284.500000 ,58 2
54913 334.500000 2269.500000 ,9 4 ,1 5 ,24 2
61416 337.500000 2275.500000 ,43 2 ,64 5 ,53 5 ,0 1 ,99 2
64775 343.500000 2274.000000 ,0 1 ,52 3 ,88 2 ,47 1 ,84 3 ,34 1
65610 336.000000 2272.500000 ,55 3 ,38 2 ,2 1 ,67 3 ,13 2 ,28 1
66840 372.000000 2266.500000 ,9 5 ,55 4 ,32 3
67367 331.500000 2257.500000 ,40 1 ,96 2 ,24 2
69249 342.000000 2244.000000 ,32 4 ,82 2
76275 390.000000 2233.500000 ,83 1 ,15 2
76662 360.000000 2293.500000 ,29 1 ,15 1 ,42 5 ,66 5 ,26 4 ,30 1
82549 364.500000 2280.000000 ,52 2 ,39 2 ,71 2 ,3 4 ,35 2 ,63 4
89289 357.000000 2232.000000 ,25 5 ,9 2
94734 369.000000 2263.500000 ,57 3 ,88 4 ,17 2 ,64 1
94850 333.000000 2235.000000 ,41 1 ,59 3 ,77 4 ,69 2 ,8 5
95162 369.000000 2226.000000 ,8 3 ,18 3 ,75 5 ,87 3
96289 387.000000 2296.500000 ,89 2
98315 381.000000 2296.500000 ,66 4 ,77 2
