2828 2182.500000 1279.500000 ,55 1 ,57 5 ,62 1
3856 2166.000000 1276.500000 ,29 3 ,91 5
6633 2193.000000 1275.000000 ,58 5 ,73 2 ,84 3 ,45 5 ,10 2 ,27 1
11964 2202.000000 1290.000000 ,21 2 ,0 3
16066 2160.000000 1287.000000 ,12 5 ,28 1 ,17 3 ,21 1 ,50 2
23032 2182.500000 1302.000000 ,59 2 ,89 2 ,13 1 ,23 5
30764 2193.000000 1282.500000 ,37 5
36356 2196.000000 1266.000000 ,35 3 ,37 4 ,55 2 ,23 2
37238 2190.000000 1306.500000 ,26 4
37960 2158.500000 1270.500000 ,54 1
54355 2161.500000 1285.500000 ,67 4 ,80 5 ,26 3 ,22 5
59192 2170.500000 1306.500000 ,37 4 ,41 4 ,26 5 ,59 4
60765 2151.000000 1306.500000 ,37 4 ,21 1
73882 2199.000000 1282.500000 ,36 1
73921 2202.000000 1279.500000 ,62 2 ,55 3 ,14 5 ,19 3
82686 2151.000000 1302.000000 ,25 2
88212 2163.000000 1273.500000 ,70 3 ,52 2 ,32 4
92896 2172.000000 1300.500000 ,69 2 ,60 3 ,32 3 ,53 1
94913 2200.500000 1288.500000 ,80 5
95159 2167.500000 1306.500000 ,6 4 ,30 2 ,0 1 ,72 2
95486 2151.000000 1272.000000 ,40 1 ,34 2 ,73 5
97469 2161.500000 1282.500000 ,33 5
