4452 1174.500000 816.000000 ,85 3 ,13 1 ,36 5 ,40 4
7634 1215.000000 829.500000 ,52 3
11848 1183.500000 828.000000 ,82 1 ,30 4 ,75 1 ,40 4
15093 1156.500000 817.500000 ,74 5 ,99 2 ,56 5 ,82 3
18952 1230.000000 834.000000 ,15 4 ,4 3 ,49 1 ,45 3
19796 1167.000000 825.000000 ,46 3 ,1 5
21195 1188.000000 828.000000 ,45 4 ,83 3 ,5 5 ,64 5 ,52 3
27145 1170.000000 825.000000 ,19 3
28330 1212.000000 834.000000 ,54 4 ,92 1 ,95 2 ,43 4 ,38 5 ,58 3
35315 1210.500000 838.500000 ,42 2 ,74 3 ,29 1
43722 1215.000000 850.500000 ,2 4 ,86 2 ,62 1 ,56 1 ,51 3 ,20 3
45109 1162.500000 822.000000 ,14 4 ,97 5
46425 1153.500000 829.500000 ,89 3 ,14 1 ,16 1 ,64 5 ,83 4 ,8 5
47326 1207.500000 846.000000 ,97 2 ,9 5 ,73 5 ,41 3 ,15 5 ,85 1
47568 1161.000000 858.000000 ,6 3 ,26 4
51583 1161.000000 838.500000 ,23 1 ,82 5 ,50 5 ,2 5
52854 1158.000000 816.000000 ,61 4 ,18 5 ,3 5 ,13 4 ,20 2 ,69 1
55865 1162.500000 844.500000 ,40 2 ,61 3 ,57 2
57034 1168.500000 819.000000 ,34 1 ,17 4 ,5 1 ,51 1 ,70 2 ,62 5
59235 1191.000000 822.000000 ,88 1 ,80 2 ,6 1
62279 1197.000000 846.000000 ,33 4 ,14 2 ,59 1 ,78 5
63674 1156.500000 858.000000 ,0 1 ,49 5 ,34 2 ,50 1 ,17 4 ,80 5
64732 1171.500000 834.000000 ,24 5 ,1 1 ,25 4 ,70 5 ,2 4
64949 1150.500000 835.500000 ,33 3 ,35 4
69390 1195.500000 858.000000 ,90 3 ,96 2
69477 1194.000000 814.500000 ,94 1 ,1 2 ,64 5 ,88 5
73016 1215.000000 843.000000 ,71 2 ,63 3 ,39 2 ,78 2
78893 1161.000000 852.000000 ,6 4 ,4 4 ,77 2 ,23 1 ,48 2
80194 1170.000000 814.500000 ,7 4 ,30 5 ,12 2 ,86 3
88170 1197.000000 834.000000 ,42 4 ,20 5 ,92 5
89705 1218.000000 835.500000 ,89 4 ,68 3 ,0 3 ,60 5 ,51 1 ,84 2
94296 1150.500000 820.500000 ,18 2 ,94 1 ,14 3 ,55 2 ,40 3
95755 1207.500000 823.500000 ,83 5 ,61 1 ,43 3 ,20 3 ,19 2 ,9 5
96072 1219.500000 859.500000 ,28 5 ,96 3 ,42 2 ,39 2
97399 1168.500000 817.500000 ,25 2 ,37 5 ,56 4 ,73 5 ,18 4 ,19 3
