2624 2422.500000 921.000000 ,27 2 ,54 1 ,43 1 ,78 2
4664 2439.000000 963.000000 ,75 2 ,51 4 ,20 4 ,6 5
5221 2398.500000 939.000000 ,38 3 ,60 5 ,14 3
17017 2425.500000 937.500000 ,7 5 ,73 1 ,72 1
19369 2466.000000 961.500000 ,66 4 ,2 5 ,87 3
20753 2440.500000 931.500000 ,38 5 ,65 2 ,29 1 ,75 3
22634 2457.000000 937.500000 ,13 4 ,99 1
23828 2406.000000 936.000000 ,91 1 ,6 4 ,18 2 ,28 3 ,49 3 ,48 5
26273 2403.000000 930.000000 ,40 1 ,19 1 ,97 3 ,7 3 ,62 1
26835 2440.500000 931.500000 ,82 3 ,55 5 ,66 4 ,81 1 ,0 3
27452 2433.000000 930.000000 ,35 3 ,66 1 ,17 1 ,85 5 ,27 4
31088 2433.000000 955.500000 ,65 1 ,69 1 ,26 2
31281 2455.500000 946.500000 ,36 4 ,14 4
35976 2406.000000 954.000000 ,14 4 ,85 1 ,55 5 ,90 2 ,64 2
43247 2437.500000 963.000000 ,25 4 ,94 4
45386 2395.500000 960.000000 ,95 4 ,9 5 ,8 5
47652 2464.500000 945.000000 ,44 4 ,70 5 ,32 3 ,4 3 ,19 5
53666 2395.500000 918.000000 ,47 3
54489 2439.000000 931.500000 ,34 4 ,79 4 ,13 1 ,7 5
59683 2416.500000 934.500000 ,8 5
61775 2410.500000 933.000000 ,22 1
63543 2461.500000 951.000000 ,18 3
66429 2424.000000 945.000000 ,14 3
66807 2443.500000 913.500000 ,90 2
68186 2443.500000 928.500000 ,27 3 ,7 2 ,49 4 ,93 1 ,62 1 ,45 3
68211 2464.500000 952.500000 ,57 1 ,18 4 ,22 4 ,40 3 ,81 1
70220 2440.500000 921.000000 ,69 3
71913 2413.500000 916.500000 ,20 4 ,49 5 ,6 4 ,2 3 ,59 2
72784 2409.000000 946.500000 ,44 2 ,7 4 ,64 5 ,21 1
89672 2392.500000 933.000000 ,4 1
93276 2401.500000 916.500000 ,6 3 ,92 3 ,10 4 ,91 3 ,32 1 ,11 1
99005 2397.000000 942.000000 ,11 2 ,23 3
