5270 4225.500000 187.500000 ,66 2 ,55 1 ,3 5 ,29 2 ,49 5
5415 4248.000000 216.000000 ,49 1 ,54 2 ,15 4 ,9 5 ,58 2 ,83 3
6503 4204.500000 216.000000 ,3 2 ,13 3 ,24 4 ,12 4
9372 4236.000000 223.500000 ,89 2 ,88 3 ,49 2 ,22 5
11288 4249.500000 190.500000 ,14 4 ,53 1 ,28 5 ,42 3 ,56 4
11421 4230.000000 196.500000 ,7 2
12000 4213.500000 225.000000 ,20 2
18679 4252.500000 205.500000 ,83 1 ,93 3 ,87 1 ,0 4 ,48 5
19961 4234.500000 211.500000 ,13 1 ,63 4 ,26 5 ,30 5 ,66 2
22722 4224.000000 201.000000 ,16 4
36472 4206.000000 202.500000 ,93 5 ,20 4 ,71 3 ,43 5 ,45 4 ,99 2
37861 4246.500000 214.500000 ,20 4
39893 4246.500000 196.500000 ,17 4
40149 4210.500000 219.000000 ,49 5 ,63 2 ,91 4
52436 4251.000000 202.500000 ,28 1 ,60 2 ,53 1 ,27 4 ,64 1
60103 4230.000000 195.000000 ,17 4 ,22 5 ,9 4
63572 4228.500000 216.000000 ,43 4 ,30 3 ,81 2
68652 4210.500000 223.500000 ,29 1
68903 4215.000000 214.500000 ,6 1 ,97 4 ,18 3 ,32 5 ,19 3
71844 4231.500000 211.500000 ,59 3 ,99 4 ,60 1 ,87 3
81195 4242.000000 192.000000 ,24 4 ,97 4 ,27 4 ,32 4
85999 4233.000000 214.500000 ,22 4 ,6 5 ,41 2 ,12 4
86422 4249.500000 184.500000 ,82 4 ,37 4 ,86 1 ,38 1
87395 4230.000000 226.500000 ,19 2 ,30 1 ,27 3 ,17 3 ,65 2
