19488 1957.500000 2524.500000 ,89 5 ,44 1 ,63 1 ,82 5 ,2 2 ,54 4
20448 1924.500000 2542.500000 ,76 4 ,51 5
25916 1950.000000 2550.000000 ,64 3
33682 1915.500000 2554.500000 ,50 5 ,81 4 ,29 1 ,12 1 ,77 1 ,52 5
41082 1930.500000 2526.000000 ,95 4
42823 1947.000000 2559.000000 ,11 1
46195 1932.000000 2554.500000 ,3 3 ,15 2
50958 1936.500000 2526.000000 ,6 2 ,85 2 ,47 2 ,83 3
57471 1920.000000 2538.000000 ,98 5 ,39 3 ,31 3
66355 1963.500000 2542.500000 ,15 3 ,60 4 ,12 4 ,72 4
67516 1947.000000 2536.500000 ,92 3 ,10 5 ,89 5 ,24 1
71752 1935.000000 2560.500000 ,88 5 ,20 3 ,18 1 ,78 3
77756 1956.000000 2524.500000 ,71 1 ,55 3 ,56 3 ,86 5
80720 1936.500000 2550.000000 ,7 1 ,72 4 ,78 4 ,50 5 ,17 2 ,98 3
85527 1914.000000 2559.000000 ,36 4
89099 1918.500000 2556.000000 ,86 5 ,16 2
93262 1917.000000 2554.500000 ,12 1
94371 1960.500000 2553.000000 ,3 1 ,18 1 ,51 5
97676 1947.000000 2521.500000 ,44 3 ,41 5 ,10 2 ,62 4
