849 3012.000000 646.500000 ,75 1 ,81 4 ,44 2 ,18 5 ,13 4
945 3006.000000 597.000000 ,96 2 ,53 2 ,41 1
1182 2991.000000 588.000000 ,6 3 ,56 2 ,43 3 ,32 2
4734 2998.500000 583.500000 ,95 3 ,16 1 ,80 1 ,38 4
7415 3009.000000 651.000000 ,8 5 ,43 1 ,15 1 ,54 5 ,9 2 ,4 5
14206 3009.000000 649.500000 ,72 4 ,21 4 ,8 1
21830 3009.000000 640.500000 ,11 4
21972 2979.000000 639.000000 ,87 4 ,0 4 ,35 4
24152 3016.500000 616.500000 ,50 4 ,0 2 ,29 3
27447 2995.500000 637.500000 ,42 4 ,57 4 ,96 1
33337 3006.000000 603.000000 ,34 1 ,51 4
33952 3000.000000 622.500000 ,48 2 ,4 1 ,2 3
34148 3003.000000 588.000000 ,91 1 ,77 4 ,51 3
37634 2994.000000 618.000000 ,97 1 ,35 2 ,90 2 ,46 4
38610 2988.000000 649.500000 ,46 4 ,5 3 ,69 4 ,17 3
41575 2971.500000 631.500000 ,34 4
42373 3003.000000 606.000000 ,4 3 ,73 3 ,76 5
43208 2997.000000 646.500000 ,75 1 ,82 3
43793 2986.500000 591.000000 ,59 5 ,75 1 ,54 2 ,27 2 ,21 2 ,25 5
50141 2982.000000 655.500000 ,60 4 ,43 3 ,63 2 ,14 1
51124 2973.000000 658.500000 ,65 1 ,40 5 ,31 5 ,69 5 ,78 2
65124 2974.500000 658.500000 ,35 2
75485 3010.500000 655.500000 ,46 2 ,37 5 ,33 2 ,9 4
78739 2994.000000 642.000000 ,87 5 ,26 5
82610 3009.000000 648.000000 ,0 3 ,42 5 ,79 2 ,71 3 ,95 4
85969 2979.000000 618.000000 ,80 3 ,19 2 ,18 4 ,25 1 ,62 2 ,23 5
86889 3015.000000 610.500000 ,35 5 ,36 3 ,82 3 ,8 4
87507 2994.000000 640.500000 ,47 4 ,46 2
87798 2974.500000 609.000000 ,23 2 ,37 2 ,40 4 ,45 3 ,41 4 ,70 4
89746 2970.000000 613.500000 ,60 2 ,4 4
90399 2977.500000 598.500000 ,36 1 ,48 2 ,24 4 ,57 1 ,95 3
96118 2971.500000 636.000000 ,4 2 ,47 3 ,2 2 ,95 5 ,76 4
96949 3004.500000 598.500000 ,52 4 ,66 1 ,14 4 ,28 2 ,2 2 ,76 1
98326 2980.500000 582.000000 ,85 2 ,55 1 ,51 5 ,19 1 ,12 3
99528 2980.500000 619.500000 ,17 5 ,47 1
99644 2992.500000 595.500000 ,73 4 ,58 1 ,32 5 ,15 3 ,72 2
99980 2977.500000 601.500000 ,8 1 ,61 4 ,16 2 ,81 1
