3377 4030.500000 1995.000000 ,98 1 ,45 4 ,63 3
4355 4027.500000 2011.500000 ,75 2 ,30 1 ,89 1 ,13 5 ,59 5 ,26 3
9677 4017.000000 2019.000000 ,74 3 ,39 3
10152 4020.000000 2046.000000 ,43 3 ,39 4 ,38 5 ,71 1
11310 3999.000000 1996.500000 ,90 3 ,25 3 ,20 1 ,48 3 ,32 4
14490 4015.500000 1996.500000 ,6 2 ,66 5 ,1 5 ,61 3 ,86 1 ,12 3
14914 3978.000000 2005.500000 ,96 1 ,27 5 ,39 1 ,99 4 ,58 2
15331 3993.000000 2040.000000 ,95 4 ,69 4 ,54 3 ,75 2 ,43 1
18016 3991.500000 2029.500000 ,45 2 ,57 4 ,21 4
18156 4033.500000 2032.500000 ,26 3 ,37 4
20043 4030.500000 2035.500000 ,59 4
20421 4012.500000 2028.000000 ,67 5 ,68 2 ,91 4 ,49 4 ,79 1 ,97 3
21999 3981.000000 2008.500000 ,41 2 ,52 3 ,28 4 ,83 4 ,39 3
22418 3984.000000 2008.500000 ,54 2
26725 3976.500000 2025.000000 ,93 5 ,84 1 ,60 4 ,4 3 ,8 5 ,13 4
32746 4017.000000 2001.000000 ,85 1 ,84 5 ,93 4 ,76 1
41667 3975.000000 2041.500000 ,77 1 ,95 1 ,17 1 ,11 5 ,31 3 ,88 1
44939 3973.500000 2019.000000 ,90 3 ,51 5
48693 4017.000000 2011.500000 ,91 1 ,20 2 ,84 2 ,12 2
57230 3997.500000 2008.500000 ,65 3 ,14 4 ,30 4 ,41 2 ,71 3
62280 3990.000000 2013.000000 ,78 2 ,57 2 ,17 1 ,29 2
62730 4020.000000 2001.000000 ,70 3 ,34 3 ,8 5 ,1 2 ,5 2 ,62 5
66003 3982.500000 2025.000000 ,83 1 ,84 3 ,15 3 ,44 3 ,73 2 ,67 2
66668 4020.000000 1996.500000 ,58 3 ,46 3 ,49 5 ,57 1 ,22 2
67458 4017.000000 1995.000000 ,50 5
70052 4003.500000 2014.500000 ,36 2 ,18 3 ,64 2 ,2 2 ,89 3 ,4 5
72066 3993.000000 1993.500000 ,70 4
74664 4005.000000 2035.500000 ,34 4 ,56 1 ,83 1 ,0 3 ,51 4 ,17 2
84097 3972.000000 1995.000000 ,21 5 ,46 1 ,67 1 ,13 3 ,37 3
84617 4002.000000 2002.500000 ,88 5 ,81 5 ,93 3
84691 4014.000000 2037.000000 ,36 3 ,82 3 ,94 4 ,34 3 ,29 4
84906 4000.500000 2026.500000 ,3 3 ,81 2 ,24 3 ,21 5 ,75 4
85478 4006.500000 2011.500000 ,18 1
85667 4033.500000 2020.500000 ,2 1 ,37 3
87339 4009.500000 2037.000000 ,2 1 ,95 4 ,45 1 ,60 2 ,98 2 ,79 2
92435 3979.500000 1995.000000 ,42 5 ,75 5
98248 4024.500000 2020.500000 ,72 1 ,13 1 ,44 3 ,66 4 ,53 5
99740 4038.000000 1998.000000 ,58 5 ,24 5 ,97 3 ,91 2
