8393 781.500000 2152.500000 ,35 1 ,50 1 ,67 1 ,80 5
16502 738.000000 2139.000000 ,8 1 ,75 3 ,23 5 ,80 5 ,16 1
17480 708.000000 2106.000000 ,45 5 ,93 4
17664 768.000000 2098.500000 ,7 4
20644 717.000000 2127.000000 ,50 5 ,52 1 ,54 4 ,43 4 ,38 2 ,37 5
20771 798.000000 2116.500000 ,9 5 ,10 2 ,25 2 ,72 3 ,29 1 ,57 1
20961 753.000000 2104.500000 ,28 1 ,99 3 ,5 4 ,14 5
24215 775.500000 2148.000000 ,81 4 ,12 2
25973 744.000000 2103.000000 ,86 1 ,22 5
30180 745.500000 2121.000000 ,28 3 ,75 5 ,39 3
32361 774.000000 2097.000000 ,57 4 ,30 4
35500 786.000000 2146.500000 ,92 1 ,10 1 ,25 2 ,73 3 ,33 3 ,28 3
38887 796.500000 2143.500000 ,9 2 ,5 5 ,17 2 ,40 1
42836 792.000000 2146.500000 ,10 5 ,82 2 ,65 3 ,59 2 ,24 5 ,98 1
43571 724.500000 2140.500000 ,91 3 ,68 2 ,64 4 ,75 5
47674 792.000000 2109.000000 ,76 3 ,8 1 ,97 1 ,69 5 ,78 3 ,84 5
48807 753.000000 2155.500000 ,98 2 ,18 4 ,5 1 ,97 1 ,11 4
50164 706.500000 2110.500000 ,1 5 ,39 2 ,91 5
52664 715.500000 2112.000000 ,14 4 ,7 5 ,13 5 ,45 4 ,49 2 ,53 5
53800 706.500000 2095.500000 ,69 2 ,99 4
55739 765.000000 2149.500000 ,25 5 ,20 1 ,70 2 ,17 3 ,68 3 ,84 3
61265 745.500000 2139.000000 ,62 5 ,30 4 ,13 2 ,50 3
62380 709.500000 2109.000000 ,11 5 ,42 4 ,22 5 ,43 5 ,27 3 ,53 1
64699 760.500000 2122.500000 ,61 1 ,41 4
66785 795.000000 2151.000000 ,58 5 ,44 1
70081 790.500000 2146.500000 ,12 4 ,45 4 ,10 5 ,95 2 ,1 1
70237 781.500000 2100.000000 ,47 5 ,11 3
71106 777.000000 2110.500000 ,0 3
71852 730.500000 2139.000000 ,29 2 ,93 1
85753 727.500000 2133.000000 ,31 1 ,94 4 ,60 2
88357 753.000000 2131.500000 ,3 4 ,94 4 ,30 4
89503 715.500000 2151.000000 ,11 4 ,38 5 ,17 2
92024 787.500000 2134.500000 ,45 4 ,41 4 ,21 3 ,64 1 ,17 4 ,66 1
93443 756.000000 2136.000000 ,8 3 ,39 2 ,81 1 ,73 3
94369 744.000000 2145.000000 ,33 1 ,71 1 ,79 2 ,42 4
