1102 432.000000 2593.500000 ,5 4 ,78 3 ,45 2
8406 453.000000 2604.000000 ,41 5 ,39 1 ,19 4
11665 460.500000 2595.000000 ,19 5 ,14 2 ,29 5
22115 406.500000 2611.500000 ,44 5 ,28 1 ,77 4 ,71 4
22179 424.500000 2620.500000 ,85 4 ,23 4 ,78 5 ,41 4 ,33 1
26634 438.000000 2620.500000 ,82 3 ,33 3 ,61 4 ,58 1 ,10 2
34565 448.500000 2614.500000 ,49 2 ,3 5 ,0 4 ,60 3 ,38 4 ,2 5
42473 426.000000 2622.000000 ,43 3 ,64 2
46293 427.500000 2623.500000 ,89 5 ,5 3 ,80 2 ,8 2 ,25 4 ,45 1
47225 414.000000 2625.000000 ,96 1
50522 402.000000 2616.000000 ,71 3 ,52 5 ,32 3
51313 424.500000 2596.500000 ,34 5
52199 453.000000 2616.000000 ,49 3 ,98 3 ,16 1 ,93 4 ,82 1
60422 402.000000 2622.000000 ,31 2 ,28 5 ,69 4 ,73 3 ,44 4 ,60 1
61314 454.500000 2608.500000 ,21 5
64288 463.500000 2593.500000 ,26 3
64752 450.000000 2623.500000 ,6 5
65211 448.500000 2626.500000 ,22 2 ,73 2 ,83 5 ,50 1
68391 432.000000 2599.500000 ,44 3 ,13 3 ,76 3 ,27 3 ,98 2
72562 405.000000 2622.000000 ,87 4 ,37 4
72723 444.000000 2610.000000 ,18 2
74986 423.000000 2622.000000 ,44 4
84706 433.500000 2604.000000 ,28 3
88616 463.500000 2605.500000 ,98 5 ,58 4
96428 414.000000 2602.500000 ,46 3 ,19 5 ,63 4
96543 406.500000 2593.500000 ,3 5 ,67 2
96938 450.000000 2608.500000 ,85 5 ,46 1 ,78 2 ,3 1
