6108 4057.500000 2658.000000 ,77 3 ,10 4 ,21 4
10213 4041.000000 2680.500000 ,75 2 ,97 5
15297 4038.000000 2679.000000 ,12 3
22236 4075.500000 2652.000000 ,26 1 ,79 5 ,65 4 ,31 1 ,74 4
26499 4075.500000 2667.000000 ,35 5 ,91 3
28805 4080.000000 2664.000000 ,44 2 ,83 3 ,38 3 ,85 1 ,88 4
34682 4057.500000 2683.500000 ,53 5 ,56 2 ,10 4 ,1 1 ,18 4 ,75 1
34904 4068.000000 2661.000000 ,25 3
35774 4057.500000 2685.000000 ,32 5 ,10 4 ,83 2 ,82 2 ,7 3 ,63 3
36119 4039.500000 2650.500000 ,34 2 ,11 2 ,64 5 ,62 4 ,12 5
38680 4035.000000 2635.500000 ,10 5
39864 4036.500000 2646.000000 ,12 1
40198 4072.500000 2637.000000 ,38 3 ,16 2 ,79 1 ,34 5
40571 4054.500000 2634.000000 ,40 2 ,93 5
41243 4060.500000 2647.500000 ,87 1 ,73 2 ,58 5 ,92 3
44708 4057.500000 2637.000000 ,76 2 ,25 4 ,74 4 ,86 5 ,35 1
45546 4042.500000 2680.500000 ,68 1 ,76 5 ,44 5 ,92 2 ,67 4 ,13 2
46486 4084.500000 2650.500000 ,85 2 ,24 3 ,43 2
47428 4036.500000 2683.500000 ,73 3 ,67 4 ,28 2
54962 4063.500000 2658.000000 ,37 3 ,12 3 ,30 1 ,82 4
56220 4074.000000 2685.000000 ,60 5 ,2 4 ,8 1 ,36 1 ,78 1 ,59 5
56343 4063.500000 2658.000000 ,47 5 ,9 4
61052 4042.500000 2668.500000 ,55 5 ,26 5 ,7 4 ,5 1
63159 4050.000000 2644.500000 ,14 3 ,31 4 ,17 5 ,62 5 ,86 3
69663 4039.500000 2683.500000 ,98 1 ,68 3 ,21 2 ,46 5
72881 4048.500000 2656.500000 ,61 5 ,14 2 ,51 3 ,96 4 ,90 4
76795 4050.000000 2656.500000 ,66 3 ,5 2
80048 4090.500000 2674.500000 ,16 3 ,28 4 ,52 2 ,98 3 ,2 2
84009 4081.500000 2677.500000 ,0 4 ,47 4 ,56 2 ,9 2 ,34 4 ,65 4
85068 4087.500000 2632.500000 ,31 2 ,16 2 ,44 1 ,72 5 ,4 4
91064 4096.500000 2644.500000 ,29 1 ,59 1 ,58 4 ,71 2
97233 4057.500000 2673.000000 ,27 1 ,72 1 ,88 2
