2035 2685.000000 2559.000000 ,7 1 ,78 1 ,61 1 ,24 5 ,73 3
2801 2680.500000 2563.500000 ,56 4 ,76 5 ,2 2 ,98 5
4634 2695.500000 2629.500000 ,29 1 ,11 5 ,16 3 ,81 5 ,2 4 ,34 2
5686 2691.000000 2616.000000 ,81 4 ,2 2 ,33 3 ,82 5
15550 2704.500000 2580.000000 ,75 3 ,49 1 ,51 1 ,68 1
16855 2719.500000 2583.000000 ,29 2 ,24 4 ,44 4 ,92 3 ,55 3 ,91 2
18286 2710.500000 2592.000000 ,5 5 ,58 1 ,17 4 ,66 1 ,24 4
19731 2688.000000 2556.000000 ,7 5 ,40 1 ,49 1 ,31 1
20001 2682.000000 2596.500000 ,91 4 ,18 2 ,81 4 ,17 5 ,99 1
22288 2701.500000 2566.500000 ,77 1
22300 2676.000000 2629.500000 ,27 4 ,55 3 ,75 2 ,11 5 ,12 5
22435 2689.500000 2616.000000 ,19 1 ,31 4 ,71 5 ,15 2 ,63 5 ,55 1
24409 2733.000000 2563.500000 ,99 1 ,92 5 ,19 5 ,28 4 ,94 2 ,47 2
24618 2695.500000 2625.000000 ,86 3 ,73 2 ,8 3
26951 2716.500000 2638.500000 ,51 1 ,77 2 ,34 2
31020 2682.000000 2601.000000 ,27 1 ,19 2 ,98 3 ,33 1 ,20 3
31570 2709.000000 2580.000000 ,40 5 ,24 3 ,70 5 ,30 2 ,98 3 ,71 1
34297 2698.500000 2554.500000 ,4 5 ,39 4 ,87 3
39723 2676.000000 2575.500000 ,93 3
52389 2722.500000 2628.000000 ,55 4 ,15 2 ,53 2 ,36 2 ,50 2
52762 2692.500000 2601.000000 ,40 4 ,49 3 ,74 3
55042 2689.500000 2553.000000 ,30 1 ,81 1 ,85 3
60278 2737.500000 2589.000000 ,10 5 ,18 5 ,9 1 ,38 4 ,20 5 ,41 2
62224 2739.000000 2599.500000 ,32 3 ,85 5 ,83 4 ,74 5
69116 2728.500000 2577.000000 ,10 1
71335 2704.500000 2607.000000 ,95 4 ,19 1 ,62 3 ,25 5
72702 2685.000000 2602.500000 ,80 4 ,81 4 ,64 2
72751 2734.500000 2593.500000 ,9 2 ,29 4
75108 2689.500000 2592.000000 ,95 5 ,25 4 ,44 1 ,72 1
78785 2727.000000 2641.500000 ,57 3 ,74 3 ,96 5 ,5 5
78846 2674.500000 2593.500000 ,3 1 ,64 3 ,31 5 ,37 3 ,41 4
81912 2728.500000 2620.500000 ,38 1 ,24 5 ,22 1 ,78 1 ,68 3
83200 2686.500000 2631.000000 ,81 2
83819 2716.500000 2583.000000 ,18 2 ,75 3
84582 2730.000000 2578.500000 ,97 4
90300 2719.500000 2623.500000 ,63 5 ,68 4
91853 2716.500000 2611.500000 ,36 5 ,66 1 ,73 5 ,67 5
93979 2692.500000 2596.500000 ,16 4 ,0 3 ,80 5
97957 2740.500000 2574.000000 ,39 5
