890 46.500000 1758.000000 ,13 4 ,17 4
10555 39.000000 1725.000000 ,14 1
12624 30.000000 1722.000000 ,82 4 ,98 5 ,52 3
16322 28.500000 1747.500000 ,20 5 ,73 3 ,55 2 ,59 2 ,11 2
23239 31.500000 1728.000000 ,13 2 ,12 3 ,62 3
23848 22.500000 1768.500000 ,49 3 ,31 5 ,84 4
26730 25.500000 1726.500000 ,8 2
33659 30.000000 1752.000000 ,14 1 ,21 2
34918 42.000000 1768.500000 ,15 1 ,39 5 ,67 2 ,70 1 ,65 5 ,28 4
38562 19.500000 1756.500000 ,18 1 ,40 5
39488 24.000000 1729.500000 ,27 1 ,98 1 ,51 3
49597 0.000000 1767.000000 ,10 5 ,55 2 ,29 1 ,57 5 ,51 1
49812 13.500000 1762.500000 ,27 5 ,89 3 ,9 5 ,4 2
57428 48.000000 1756.500000 ,91 2 ,51 5 ,88 2 ,39 5 ,70 2 ,75 5
68558 15.000000 1732.500000 ,72 2 ,47 1
74221 46.500000 1758.000000 ,65 2
76485 39.000000 1774.500000 ,71 2
86801 1.500000 1782.000000 ,52 1 ,2 5 ,46 5 ,16 3
87206 25.500000 1767.000000 ,44 3 ,46 3 ,62 4 ,59 2 ,80 4
89460 12.000000 1764.000000 ,5 4 ,77 5 ,35 2 ,74 1 ,57 5 ,43 1
95437 48.000000 1747.500000 ,90 5 ,35 1 ,96 4 ,83 2 ,75 5
95830 19.500000 1717.500000 ,8 4 ,45 5 ,38 1
