1387 1368.000000 1609.500000 ,88 1 ,20 1
2281 1359.000000 1642.500000 ,24 5 ,76 1 ,60 1 ,90 4
8429 1354.500000 1630.500000 ,27 3 ,86 4
17881 1365.000000 1675.500000 ,20 2 ,83 3 ,27 4 ,12 3 ,78 1 ,24 4
36603 1381.500000 1681.500000 ,82 5
44231 1354.500000 1603.500000 ,78 3 ,69 4 ,30 2 ,57 4
47233 1366.500000 1629.000000 ,56 1 ,55 4
49521 1377.000000 1609.500000 ,59 3 ,86 1
55640 1357.500000 1611.000000 ,20 5 ,64 2 ,90 4 ,30 2 ,85 2
56207 1365.000000 1614.000000 ,27 3 ,74 3 ,35 1 ,90 5 ,33 3
58288 1378.500000 1605.000000 ,20 2 ,51 4 ,64 5
60867 1348.500000 1605.000000 ,81 3 ,55 1 ,57 3 ,10 4 ,19 3
62186 1387.500000 1638.000000 ,50 3 ,2 2 ,16 4 ,64 3 ,95 1
64636 1354.500000 1629.000000 ,48 5 ,84 1 ,52 3 ,30 3 ,31 4 ,62 2
70554 1378.500000 1609.500000 ,66 2 ,2 4 ,11 5 ,89 2 ,48 4 ,58 1
70801 1389.000000 1605.000000 ,14 5 ,28 2 ,55 3 ,93 5 ,58 3 ,2 2
71542 1360.500000 1657.500000 ,69 4 ,21 4 ,55 1 ,6 3 ,8 2
83445 1356.000000 1675.500000 ,76 3 ,42 4 ,11 3 ,64 1 ,34 3
92800 1380.000000 1603.500000 ,94 4 ,58 3 ,69 5 ,35 2 ,77 3
95409 1350.000000 1612.500000 ,0 4 ,84 1 ,55 2 ,78 4 ,89 5 ,15 3
95800 1374.000000 1611.000000 ,32 4 ,58 3 ,39 1
98861 1372.500000 1624.500000 ,60 2
