611 310.500000 58.500000 ,58 2 ,34 2 ,20 4 ,61 2
4126 334.500000 37.500000 ,75 2 ,49 3 ,1 1 ,63 1 ,29 1
11301 325.500000 33.000000 ,59 4 ,43 4 ,67 3 ,20 3 ,64 1
11853 310.500000 58.500000 ,41 3 ,53 2 ,85 2
17470 327.000000 51.000000 ,5 1 ,17 1 ,69 2
35477 316.500000 37.500000 ,60 4 ,73 1 ,7 3 ,99 2
35891 333.000000 42.000000 ,52 5 ,56 1 ,68 2 ,66 1
39314 301.500000 25.500000 ,26 4
44699 307.500000 61.500000 ,55 1 ,67 2 ,35 1 ,13 4 ,44 2 ,47 4
53774 333.000000 10.500000 ,9 2
59376 298.500000 12.000000 ,79 2 ,97 2
63472 322.500000 69.000000 ,70 2 ,7 4 ,91 4 ,96 4 ,89 2 ,64 5
64686 340.500000 67.500000 ,59 1 ,73 3 ,15 4 ,82 2
67018 319.500000 58.500000 ,46 5 ,78 2
67021 300.000000 51.000000 ,36 1 ,74 3
71131 298.500000 63.000000 ,95 5 ,82 2 ,62 4 ,29 4 ,77 4
71410 304.500000 42.000000 ,15 5
74802 331.500000 13.500000 ,83 3 ,30 4 ,53 3 ,31 3 ,89 5 ,98 1
75505 313.500000 30.000000 ,41 4 ,61 4 ,16 3
75672 297.000000 63.000000 ,68 5 ,78 1 ,53 2 ,79 3 ,77 3 ,15 2
80106 304.500000 51.000000 ,77 1 ,22 5 ,63 2 ,29 4
88218 303.000000 61.500000 ,61 2 ,39 3
88759 316.500000 16.500000 ,31 5 ,13 3 ,11 5 ,55 4 ,37 5
92075 310.500000 42.000000 ,29 3 ,24 3 ,56 5 ,57 5 ,58 4 ,46 1
92949 306.000000 13.500000 ,66 2 ,42 1 ,43 4 ,36 5 ,2 3 ,5 1
94489 313.500000 69.000000 ,81 4 ,91 1 ,54 4 ,51 1 ,67 4 ,62 2
