5804 3292.500000 2146.500000 ,59 3 ,53 2 ,50 5 ,48 3
6404 3339.000000 2125.500000 ,25 2 ,51 2 ,41 5 ,18 4 ,80 3
15256 3316.500000 2146.500000 ,81 4 ,4 1 ,70 1 ,26 2
17243 3325.500000 2122.500000 ,93 3 ,76 3 ,65 1 ,51 1 ,82 4 ,34 3
18044 3309.000000 2136.000000 ,18 3 ,67 1 ,40 3
18969 3316.500000 2115.000000 ,71 5 ,77 1
21881 3292.500000 2142.000000 ,29 3 ,99 3 ,23 2 ,19 4
25207 3343.500000 2143.500000 ,88 4 ,48 1 ,90 5 ,73 4 ,80 2
38046 3343.500000 2118.000000 ,44 4 ,84 4 ,51 1 ,60 4 ,16 1 ,70 1
41239 3325.500000 2140.500000 ,12 4 ,19 4 ,52 2 ,92 3 ,91 1
41747 3318.000000 2139.000000 ,46 4 ,0 1
46118 3277.500000 2140.500000 ,17 5 ,35 2 ,49 5 ,13 1 ,33 3 ,10 5
49681 3289.500000 2124.000000 ,96 3 ,4 3 ,33 5 ,16 1 ,20 2 ,65 2
53000 3334.500000 2122.500000 ,65 5 ,81 5 ,98 1 ,42 4
57328 3310.500000 2148.000000 ,44 1 ,96 2
63725 3319.500000 2134.500000 ,78 2 ,2 1 ,63 1
65218 3312.000000 2127.000000 ,83 2
67569 3330.000000 2148.000000 ,0 1 ,10 1
67988 3342.000000 2125.500000 ,4 2 ,30 3
68575 3324.000000 2112.000000 ,21 5 ,10 2 ,93 1
68585 3322.500000 2134.500000 ,98 4 ,56 1 ,60 5 ,19 5 ,48 5
73609 3300.000000 2112.000000 ,95 3 ,44 2
78062 3333.000000 2143.500000 ,33 5 ,14 3 ,64 5
83954 3289.500000 2131.500000 ,2 5 ,0 1 ,35 2 ,65 1
86085 3318.000000 2146.500000 ,78 5 ,9 3 ,68 1 ,89 1
86407 3289.500000 2128.500000 ,32 4
87850 3309.000000 2149.500000 ,72 3 ,34 4 ,33 2 ,20 5
88423 3291.000000 2115.000000 ,93 1 ,0 2
89308 3309.000000 2121.000000 ,63 4 ,85 1 ,42 4 ,94 1 ,33 4
94635 3324.000000 2142.000000 ,27 4 ,1 4 ,95 3 ,21 3 ,82 5
