349 1369.500000 1276.500000 ,21 1 ,25 4
17091 1341.000000 1270.500000 ,60 1 ,24 3
17343 1360.500000 1272.000000 ,32 5 ,55 5 ,70 2 ,42 5 ,7 3 ,38 2
19865 1363.500000 1245.000000 ,94 1 ,91 3 ,68 1 ,55 3 ,92 2 ,32 3
20599 1332.000000 1243.500000 ,67 4 ,77 3 ,43 2 ,25 2
21113 1350.000000 1261.500000 ,73 3 ,90 5 ,91 3 ,45 1 ,15 4 ,99 3
22457 1333.500000 1251.000000 ,7 4
23336 1339.500000 1263.000000 ,75 5 ,92 4 ,45 5 ,94 3
28744 1351.500000 1245.000000 ,82 5 ,38 2
34635 1359.000000 1258.500000 ,10 2 ,66 1 ,18 5 ,0 4
35228 1338.000000 1230.000000 ,61 5 ,85 4 ,96 5 ,87 4
38618 1360.500000 1275.000000 ,17 3 ,9 4 ,70 3 ,7 3 ,40 3 ,52 5
39811 1335.000000 1242.000000 ,97 1 ,21 1 ,27 4
39999 1366.500000 1228.500000 ,95 1
40304 1366.500000 1237.500000 ,68 2 ,4 5
42660 1354.500000 1272.000000 ,71 4 ,85 4 ,52 2 ,65 2
43077 1348.500000 1278.000000 ,44 4 ,89 4 ,63 2
43283 1368.000000 1243.500000 ,5 4 ,37 1 ,69 5 ,21 2
44848 1335.000000 1276.500000 ,65 1 ,32 4
46264 1323.000000 1266.000000 ,4 4 ,85 1 ,89 3
47803 1354.500000 1266.000000 ,0 3 ,81 1 ,91 4 ,79 2 ,20 5
52035 1348.500000 1254.000000 ,2 5 ,78 5 ,63 1 ,24 1
68744 1327.500000 1251.000000 ,73 5 ,91 1 ,65 4
74744 1315.500000 1263.000000 ,56 3
75329 1335.000000 1240.500000 ,13 2
78072 1369.500000 1273.500000 ,20 5 ,6 5 ,68 3 ,69 3 ,63 5
82451 1348.500000 1282.500000 ,28 5 ,27 1 ,71 2 ,13 5
89572 1336.500000 1258.500000 ,8 4 ,73 1 ,37 1
90745 1327.500000 1270.500000 ,73 1
91193 1338.000000 1245.000000 ,67 5 ,61 1 ,5 1 ,26 1
94794 1372.500000 1272.000000 ,74 5 ,95 2 ,78 5 ,31 5
95647 1329.000000 1266.000000 ,34 4
