640 3228.000000 1624.500000 ,64 4 ,21 4 ,67 1 ,73 4 ,5 4
4668 3217.500000 1627.500000 ,5 2 ,11 2 ,83 4
7547 3235.500000 1626.000000 ,99 2 ,95 4 ,63 1
8760 3226.500000 1662.000000 ,34 3 ,46 2 ,35 5
14890 3232.500000 1656.000000 ,64 1 ,47 3 ,18 3 ,62 3 ,42 5
16496 3252.000000 1597.500000 ,83 4 ,82 5 ,56 4 ,38 3 ,42 1
19397 3202.500000 1623.000000 ,67 3 ,0 3
19940 3202.500000 1663.500000 ,9 2
20418 3253.500000 1620.000000 ,1 2 ,27 2
22528 3225.000000 1645.500000 ,26 4 ,54 4
24423 3231.000000 1608.000000 ,32 3 ,84 4 ,88 4 ,42 5 ,31 2 ,61 4
24758 3247.500000 1615.500000 ,61 2 ,86 1
24828 3201.000000 1636.500000 ,47 5 ,59 1 ,15 4 ,76 4 ,62 5 ,35 3
25393 3256.500000 1633.500000 ,26 2
27040 3258.000000 1591.500000 ,60 3 ,52 2 ,76 5 ,92 3 ,70 1
33576 3262.500000 1614.000000 ,61 1 ,78 5 ,59 5 ,94 5
34750 3223.500000 1641.000000 ,98 3
35877 3231.000000 1668.000000 ,16 5 ,17 5 ,64 1 ,80 2
37496 3258.000000 1606.500000 ,58 5 ,30 4 ,49 3 ,77 5
42545 3202.500000 1590.000000 ,82 5 ,57 5 ,14 2 ,85 4 ,13 5 ,77 4
44947 3259.500000 1659.000000 ,58 4 ,38 2 ,82 1 ,55 3 ,40 1
45508 3250.500000 1600.500000 ,6 1 ,78 5
49761 3214.500000 1638.000000 ,97 2 ,2 4 ,96 2
50709 3207.000000 1639.500000 ,35 4
54874 3208.500000 1635.000000 ,7 1 ,70 3 ,49 1 ,89 5
56181 3216.000000 1608.000000 ,21 3 ,0 3 ,62 5 ,47 3 ,10 2
59329 3234.000000 1594.500000 ,74 4
66947 3207.000000 1639.500000 ,50 3 ,84 4 ,0 2
67786 3214.500000 1665.000000 ,38 2 ,54 2 ,53 2
75790 3265.500000 1656.000000 ,86 2 ,85 4
79134 3252.000000 1668.000000 ,41 3 ,33 5
79597 3238.500000 1645.500000 ,55 2 ,44 5 ,36 5 ,74 3
82260 3255.000000 1671.000000 ,18 5 ,45 5 ,29 5
85488 3250.500000 1609.500000 ,68 4 ,4 1
85647 3232.500000 1624.500000 ,72 5 ,74 2 ,26 5 ,55 2 ,13 5 ,91 5
88919 3255.000000 1614.000000 ,59 4 ,83 5 ,71 3
91641 3250.500000 1614.000000 ,34 5 ,60 3 ,66 1 ,75 2 ,76 2 ,52 5
92046 3264.000000 1654.500000 ,67 3 ,2 3 ,3 2 ,18 2 ,88 3 ,44 2
99222 3259.500000 1606.500000 ,57 4 ,39 1 ,88 3 ,60 2 ,59 4
99308 3261.000000 1635.000000 ,27 4
