2408 3387.000000 42.000000 ,25 1 ,26 4 ,72 3
3053 3388.500000 34.500000 ,1 3 ,17 4 ,15 3 ,73 3 ,96 3 ,34 4
6680 3391.500000 37.500000 ,5 4 ,78 4
9982 3376.500000 10.500000 ,95 4
15274 3381.000000 49.500000 ,66 4 ,39 4 ,95 3 ,13 1 ,1 5
17939 3391.500000 60.000000 ,55 3 ,56 5 ,64 5
25910 3363.000000 9.000000 ,29 2 ,24 3 ,83 4 ,16 5 ,36 1
27680 3366.000000 18.000000 ,18 4 ,88 1 ,99 5 ,34 3 ,56 2 ,42 2
34378 3373.500000 46.500000 ,50 3
36750 3367.500000 0.000000 ,94 4 ,36 1
43432 3370.500000 43.500000 ,68 3 ,75 5 ,90 3
43791 3376.500000 1.500000 ,74 5 ,4 5
45117 3390.000000 6.000000 ,25 4 ,39 5 ,65 5
46137 3346.500000 42.000000 ,8 3
46663 3372.000000 42.000000 ,49 4 ,93 2 ,84 1 ,2 3 ,36 1
49209 3337.500000 57.000000 ,89 4 ,45 1 ,19 5 ,87 3 ,9 2 ,68 4
51731 3333.000000 42.000000 ,40 3 ,10 2 ,89 5 ,99 2
57126 3372.000000 4.500000 ,48 4 ,3 2 ,90 4 ,41 4 ,19 3 ,50 2
60943 3358.500000 58.500000 ,38 5 ,42 5 ,0 2 ,6 3
61953 3345.000000 30.000000 ,87 1
65784 3340.500000 16.500000 ,91 5 ,77 3 ,63 4 ,60 4
67486 3342.000000 46.500000 ,97 1
70431 3384.000000 36.000000 ,4 5 ,74 1
73097 3349.500000 12.000000 ,70 5 ,76 1 ,42 5 ,69 2 ,31 1 ,29 4
77053 3355.500000 4.500000 ,81 5 ,20 3
79469 3345.000000 39.000000 ,89 2 ,65 4 ,11 1 ,60 4 ,98 4 ,26 3
82322 3394.500000 54.000000 ,4 5 ,80 5 ,10 2
83578 3331.500000 60.000000 ,13 3 ,99 4 ,91 4 ,1 4 ,10 3
84002 3349.500000 13.500000 ,52 4 ,89 4
84704 3363.000000 9.000000 ,90 5 ,63 2
91996 3349.500000 58.500000 ,3 5 ,26 1 ,40 3 ,14 3
96181 3331.500000 18.000000 ,94 3 ,75 5 ,53 4 ,84 3 ,21 5
