630 502.500000 828.000000 ,27 1 ,81 3 ,34 3 ,76 5
3084 459.000000 849.000000 ,84 1
7355 504.000000 825.000000 ,55 3 ,24 5 ,67 3 ,34 2 ,92 1 ,59 5
9293 475.500000 835.500000 ,86 1 ,84 2
13550 496.500000 822.000000 ,20 1 ,83 3
19719 475.500000 849.000000 ,55 4 ,79 5 ,68 2 ,17 4 ,27 1
25167 495.000000 853.500000 ,53 4 ,20 5
27397 462.000000 835.500000 ,90 4 ,17 5 ,53 4 ,68 4 ,72 4 ,45 1
31042 456.000000 852.000000 ,40 4 ,13 4 ,8 3 ,30 3
32115 490.500000 828.000000 ,99 1 ,87 4 ,53 4 ,64 4 ,63 3
33072 480.000000 838.500000 ,87 1 ,85 2 ,73 3 ,57 2 ,65 3
54946 496.500000 852.000000 ,0 1
56476 475.500000 829.500000 ,40 2 ,90 1 ,41 2
59742 457.500000 831.000000 ,80 3 ,85 3 ,69 1 ,42 3 ,79 1
61205 499.500000 841.500000 ,27 5 ,17 4 ,43 1 ,3 1 ,91 2 ,53 2
66971 474.000000 846.000000 ,14 5 ,97 4 ,58 2
71557 517.500000 820.500000 ,68 3
82603 501.000000 849.000000 ,11 2 ,72 2 ,79 1 ,18 3 ,0 1
89891 472.500000 834.000000 ,50 3
