6046 1774.500000 2884.500000 ,19 1 ,96 1
6459 1771.500000 2920.500000 ,34 2 ,47 4 ,52 3 ,88 2
6884 1777.500000 2904.000000 ,43 3 ,23 3 ,73 3
8881 1765.500000 2869.500000 ,77 2 ,0 4 ,51 3
18734 1759.500000 2905.500000 ,86 1 ,69 3 ,83 2 ,15 4
22534 1758.000000 2875.500000 ,34 1 ,11 3 ,61 4 ,33 5
31249 1783.500000 2904.000000 ,66 5 ,73 2 ,76 5 ,63 4 ,83 5
42130 1771.500000 2923.500000 ,9 5
49171 1780.500000 2892.000000 ,62 5 ,74 2
57028 1756.500000 2881.500000 ,19 3 ,93 3 ,27 4
59344 1758.000000 2869.500000 ,63 1 ,64 2 ,95 4 ,82 3
60479 1752.000000 2886.000000 ,3 1 ,35 2
60545 1774.500000 2875.500000 ,15 4 ,49 4 ,56 1 ,77 3 ,47 2 ,21 2
73244 1752.000000 2902.500000 ,13 2 ,95 3
77230 1767.000000 2917.500000 ,43 3
81945 1765.500000 2905.500000 ,91 3 ,53 2 ,2 3
87748 1759.500000 2877.000000 ,12 5 ,88 4 ,15 1
92855 1753.500000 2926.500000 ,18 3 ,67 2 ,34 3 ,86 3
95884 1783.500000 2886.000000 ,33 5
97329 1750.500000 2913.000000 ,52 2 ,74 2 ,69 2 ,15 4 ,92 5 ,19 2
97480 1782.000000 2880.000000 ,97 1 ,63 4
98603 1786.500000 2908.500000 ,77 4
