1245 384.000000 1429.500000 ,85 1 ,34 3 ,38 1
20382 436.500000 1473.000000 ,39 1 ,37 5 ,71 3 ,66 5
21508 409.500000 1480.500000 ,90 1 ,61 3
21676 499.500000 1455.000000 ,24 2 ,68 4
24416 498.000000 1468.500000 ,81 4 ,73 5 ,87 1 ,82 3 ,56 5 ,85 1
25278 424.500000 1449.000000 ,79 2 ,62 2 ,83 4 ,34 4
26220 393.000000 1476.000000 ,3 4 ,32 2 ,55 2
26651 432.000000 1458.000000 ,17 3
27216 430.500000 1464.000000 ,47 4 ,60 5 ,33 1
43738 423.000000 1483.500000 ,21 3 ,46 1
44272 382.500000 1483.500000 ,80 2 ,89 4 ,28 4 ,53 2 ,78 3
46286 390.000000 1497.000000 ,84 5 ,53 5 ,1 1 ,17 2
47216 484.500000 1500.000000 ,30 5
48360 397.500000 1498.500000 ,14 2 ,77 4 ,30 3 ,21 1
48550 466.500000 1489.500000 ,2 2 ,97 3 ,59 4 ,73 4 ,49 5 ,38 2
48603 478.500000 1473.000000 ,62 2 ,65 1 ,18 1 ,72 5 ,12 4
49682 420.000000 1509.000000 ,84 2 ,20 4
49690 421.500000 1492.500000 ,69 1 ,38 4
50428 436.500000 1465.500000 ,73 4 ,78 3 ,86 3 ,40 4 ,75 4 ,41 4
50987 445.500000 1450.500000 ,90 4
52257 454.500000 1486.500000 ,12 4 ,36 3 ,99 3 ,29 2
