3332 904.500000 2607.000000 ,69 2
3409 921.000000 2616.000000 ,90 4 ,64 5 ,25 3
4202 952.500000 2611.500000 ,33 4 ,34 2 ,42 2 ,99 5 ,89 2 ,23 3
6095 907.500000 2607.000000 ,3 1 ,29 2
8705 913.500000 2608.500000 ,59 5 ,60 2 ,78 2
15440 943.500000 2592.000000 ,67 3 ,74 3 ,15 5 ,89 2 ,8 2
16972 933.000000 2613.000000 ,42 1 ,47 2 ,95 5 ,56 1
17192 964.500000 2617.500000 ,65 3
17309 919.500000 2599.500000 ,83 3 ,17 1
23681 909.000000 2613.000000 ,50 5 ,69 3 ,73 5
25226 891.000000 2620.500000 ,52 2 ,28 4
28181 922.500000 2611.500000 ,79 1
33631 916.500000 2592.000000 ,83 1 ,47 3 ,34 2
33741 897.000000 2610.000000 ,37 5
38703 918.000000 2595.000000 ,74 5 ,26 4
41543 903.000000 2604.000000 ,88 1 ,58 3
45256 970.500000 2598.000000 ,82 4 ,14 5
55374 949.500000 2623.500000 ,2 1 ,31 3 ,58 5 ,59 2
56138 919.500000 2610.000000 ,89 2 ,78 2 ,87 4 ,56 2
62806 930.000000 2617.500000 ,31 5 ,93 5 ,33 4
71722 900.000000 2614.500000 ,57 5
76434 949.500000 2616.000000 ,29 2 ,33 2 ,48 4 ,41 5 ,84 3 ,95 4
78232 955.500000 2592.000000 ,26 3 ,74 2 ,50 3 ,49 3
86144 886.500000 2601.000000 ,88 3 ,34 5 ,25 5 ,45 4 ,49 1
88977 901.500000 2616.000000 ,75 4 ,88 3 ,44 1 ,57 5 ,13 5
97549 894.000000 2614.500000 ,38 5 ,39 5 ,1 1 ,88 3
