2166 3568.500000 910.500000 ,85 5 ,35 4 ,61 1 ,41 2 ,82 4 ,2 5
6121 3589.500000 900.000000 ,42 1 ,38 4
12245 3564.000000 904.500000 ,96 1 ,0 4 ,97 4
14368 3564.000000 918.000000 ,52 4 ,27 2 ,97 2 ,98 1 ,90 3 ,23 3
20984 3574.500000 915.000000 ,79 2 ,46 2 ,40 4 ,65 2 ,94 5 ,51 5
29063 3591.000000 898.500000 ,80 4 ,18 4
34583 3561.000000 909.000000 ,84 5 ,81 5 ,45 4
44411 3589.500000 898.500000 ,26 2 ,68 1 ,63 1 ,79 5 ,42 4
48408 3559.500000 900.000000 ,65 1 ,66 5 ,11 5 ,3 3
59764 3553.500000 924.000000 ,45 1 ,39 1 ,81 4
71418 3550.500000 895.500000 ,13 3 ,86 3 ,74 5 ,71 3
73883 3585.000000 912.000000 ,63 3
74110 3570.000000 903.000000 ,60 4 ,86 4 ,76 2
84198 3553.500000 916.500000 ,38 4 ,60 3
87483 3562.500000 924.000000 ,24 3 ,67 5 ,76 3 ,74 1 ,2 2
92351 3594.000000 903.000000 ,77 2 ,64 4
98234 3562.500000 907.500000 ,7 4 ,72 4 ,4 1 ,86 3 ,74 2
