1981 3880.500000 1758.000000 ,29 1 ,98 2
2899 3888.000000 1780.500000 ,82 5 ,45 3 ,16 1 ,18 4 ,96 1
6037 3877.500000 1759.500000 ,70 5 ,43 2 ,24 3 ,71 1 ,33 4
17028 3883.500000 1779.000000 ,77 2 ,64 4
24059 3864.000000 1792.500000 ,37 3
26054 3882.000000 1750.500000 ,53 2
28986 3882.000000 1783.500000 ,50 3 ,83 3 ,23 5 ,64 5 ,66 5 ,68 4
40640 3847.500000 1755.000000 ,52 1 ,30 3 ,1 2 ,91 2 ,61 2
54073 3847.500000 1794.000000 ,77 4 ,12 4 ,48 2 ,11 3 ,37 2
54209 3840.000000 1764.000000 ,79 1
56706 3874.500000 1773.000000 ,18 3 ,89 5 ,7 4 ,43 1
59970 3847.500000 1774.500000 ,0 4 ,31 2 ,98 2 ,36 1 ,83 3
64801 3852.000000 1762.500000 ,43 2 ,10 5 ,73 5 ,50 3 ,76 2 ,53 2
68493 3877.500000 1794.000000 ,66 5 ,76 4
70141 3876.000000 1762.500000 ,3 1 ,12 1
74709 3837.000000 1776.000000 ,35 3 ,10 2 ,39 5 ,62 4
81826 3840.000000 1797.000000 ,96 4
84514 3829.500000 1776.000000 ,35 5 ,66 1
84951 3849.000000 1786.500000 ,27 2
88158 3858.000000 1782.000000 ,64 3
90599 3874.500000 1794.000000 ,65 5 ,70 2
91500 3853.500000 1789.500000 ,89 4 ,72 2 ,87 4 ,50 4 ,73 1
91816 3888.000000 1782.000000 ,76 4 ,86 2
93963 3841.500000 1795.500000 ,9 3 ,67 5 ,52 2 ,17 4 ,87 3 ,29 3
95762 3843.000000 1779.000000 ,12 5 ,30 1 ,59 3
