15232 703.500000 1614.000000 ,16 2 ,9 2
18657 724.500000 1591.500000 ,10 4 ,81 2
21281 703.500000 1615.500000 ,15 3 ,34 1
22826 672.000000 1597.500000 ,43 5
32953 708.000000 1591.500000 ,8 1 ,74 2 ,91 5 ,29 4
37893 715.500000 1588.500000 ,39 3 ,49 1 ,30 3 ,59 5 ,35 2 ,15 2
41108 705.000000 1608.000000 ,20 2 ,41 3 ,14 1
41548 714.000000 1603.500000 ,46 2 ,17 2 ,57 1 ,83 3
46940 699.000000 1593.000000 ,35 5 ,27 3 ,52 4
48524 681.000000 1609.500000 ,30 2 ,72 5 ,11 5 ,53 2
48889 720.000000 1594.500000 ,67 4 ,82 5
58209 724.500000 1590.000000 ,58 3
65296 708.000000 1618.500000 ,14 1 ,1 2 ,8 3 ,5 4 ,41 4
67456 675.000000 1597.500000 ,87 5 ,79 1 ,36 1 ,34 2 ,8 3
70816 661.500000 1596.000000 ,16 1 ,72 4 ,87 1 ,41 3 ,89 4 ,9 3
77663 702.000000 1588.500000 ,11 3
78389 724.500000 1585.500000 ,17 1 ,91 1 ,20 5 ,84 1
80949 667.500000 1606.500000 ,89 2 ,47 4 ,65 2 ,38 1 ,74 3
91025 711.000000 1617.000000 ,92 5
96498 663.000000 1605.000000 ,28 3
98914 675.000000 1614.000000 ,52 5
