2556 151.500000 2223.000000 ,72 3 ,88 3
11355 172.500000 2260.500000 ,30 1 ,67 3 ,37 4 ,44 3
14415 169.500000 2247.000000 ,74 5 ,73 4 ,79 1 ,46 4 ,43 1
23007 136.500000 2257.500000 ,30 5 ,50 4
27790 156.000000 2247.000000 ,90 5 ,71 5
33832 127.500000 2227.500000 ,73 5 ,86 4 ,94 3
38622 135.000000 2266.500000 ,8 5 ,95 1 ,61 5 ,14 1 ,71 2
39774 157.500000 2233.500000 ,31 2 ,16 2 ,28 4 ,23 2 ,7 4
39994 142.500000 2265.000000 ,82 3 ,57 3 ,6 5
52166 172.500000 2238.000000 ,65 2
58490 130.500000 2248.500000 ,11 4 ,39 3 ,20 2
60321 171.000000 2232.000000 ,53 2 ,64 1 ,89 3 ,56 1 ,27 3
60827 162.000000 2265.000000 ,64 3 ,37 5 ,50 5 ,94 4
62595 169.500000 2229.000000 ,60 3 ,88 5 ,8 3
68298 160.500000 2260.500000 ,59 4 ,32 2 ,94 1 ,56 2 ,4 2
68440 163.500000 2232.000000 ,72 2 ,16 2 ,78 5 ,51 4 ,20 2
72605 174.000000 2232.000000 ,36 1 ,11 1 ,37 3 ,28 3
76265 154.500000 2260.500000 ,50 5 ,73 3 ,74 2 ,82 4 ,54 5
78262 141.000000 2271.000000 ,8 3 ,94 2 ,70 5 ,25 4 ,75 4
85253 157.500000 2239.500000 ,53 1 ,44 4 ,88 4 ,68 4 ,30 1 ,48 3
85466 171.000000 2259.000000 ,24 4 ,94 5 ,23 5 ,64 2 ,47 1 ,48 1
95419 138.000000 2269.500000 ,75 1 ,77 5
97526 151.500000 2259.000000 ,7 3 ,49 4
98819 142.500000 2224.500000 ,81 3 ,1 3 ,18 4 ,90 3 ,28 3
