387 474.000000 661.500000 ,54 4 ,12 3 ,61 1 ,7 3
11008 526.500000 637.500000 ,29 2 ,13 3 ,12 2
25939 496.500000 634.500000 ,27 5 ,99 2
26839 472.500000 657.000000 ,92 4 ,17 4 ,29 2 ,72 2 ,64 1 ,99 5
29952 517.500000 658.500000 ,43 1 ,19 5 ,38 3 ,27 4 ,44 1 ,33 5
32273 460.500000 633.000000 ,27 2 ,85 5 ,66 2 ,50 5 ,24 4
37525 490.500000 637.500000 ,36 5 ,3 5 ,76 3 ,29 1
42053 463.500000 649.500000 ,91 3 ,95 1 ,45 1 ,10 5
42099 525.000000 663.000000 ,79 2 ,65 2 ,68 2 ,2 4 ,59 5 ,73 5
42108 486.000000 633.000000 ,36 2 ,54 4 ,51 1
45619 489.000000 661.500000 ,68 3 ,39 4 ,66 4
46787 516.000000 646.500000 ,12 5 ,79 2 ,29 5 ,99 1
48760 528.000000 636.000000 ,4 5 ,14 4
51487 496.500000 639.000000 ,79 1
52543 522.000000 639.000000 ,79 5 ,60 3 ,42 4 ,7 1 ,63 5 ,54 1
55161 516.000000 664.500000 ,13 5 ,36 5 ,42 2
55670 523.500000 663.000000 ,37 2 ,97 1 ,3 4 ,0 3
62757 489.000000 634.500000 ,97 5
62777 501.000000 639.000000 ,51 3 ,64 3 ,82 5 ,66 2
63566 472.500000 634.500000 ,54 4 ,19 2 ,41 2 ,22 5
74114 495.000000 643.500000 ,91 3 ,30 2
79960 462.000000 640.500000 ,39 2 ,55 4
80334 528.000000 636.000000 ,38 3 ,66 3 ,4 4 ,10 4
80474 517.500000 645.000000 ,11 4 ,64 3 ,4 3 ,79 4 ,94 3 ,73 2
82113 508.500000 648.000000 ,86 3 ,94 3
85954 471.000000 645.000000 ,10 3 ,67 1 ,66 4 ,90 1 ,48 3
96711 480.000000 640.500000 ,65 3 ,4 3 ,6 4
98837 514.500000 630.000000 ,4 2
