6348 3103.500000 1990.500000 ,81 3 ,12 4 ,20 4 ,53 3 ,24 3 ,86 2
9545 3148.500000 1990.500000 ,73 4 ,14 1 ,74 5
9945 3087.000000 1989.000000 ,66 5
10172 3090.000000 2011.500000 ,74 3 ,70 3 ,60 2 ,2 4 ,49 4
11503 3159.000000 2001.000000 ,53 3
16252 3124.500000 2007.000000 ,38 2 ,59 2 ,46 5
18368 3124.500000 1990.500000 ,69 1 ,6 5 ,4 2
23397 3120.000000 2001.000000 ,26 1 ,11 4
26735 3109.500000 2005.500000 ,79 1
30500 3123.000000 1978.500000 ,39 2 ,99 1 ,51 4 ,94 3
30937 3121.500000 1986.000000 ,56 4 ,51 3 ,11 1 ,2 1 ,83 1 ,5 1
34042 3142.500000 1968.000000 ,7 5 ,77 2 ,19 3 ,70 4 ,63 3 ,28 4
36636 3135.000000 2002.500000 ,92 5
41328 3102.000000 2005.500000 ,35 2 ,41 5 ,0 3 ,66 4 ,14 3 ,16 2
41611 3087.000000 2011.500000 ,20 3 ,29 1 ,74 2 ,50 2 ,93 3
48692 3136.500000 1992.000000 ,5 1 ,89 5 ,18 3 ,65 1
48713 3147.000000 1965.000000 ,67 4 ,88 2
52596 3145.500000 1962.000000 ,91 3 ,70 1
53267 3087.000000 1998.000000 ,48 5
53521 3148.500000 1986.000000 ,33 3 ,75 5 ,42 3
56105 3120.000000 1977.000000 ,81 4 ,42 2 ,82 1 ,62 5 ,65 2 ,33 4
56250 3106.500000 1996.500000 ,63 1 ,10 2 ,76 4 ,6 4 ,91 3 ,9 4
59977 3154.500000 2004.000000 ,70 2 ,21 5 ,58 4 ,80 3 ,77 2
67589 3124.500000 1984.500000 ,81 4 ,0 3 ,94 5
73871 3156.000000 2010.000000 ,44 3 ,18 1
81862 3102.000000 2001.000000 ,64 3 ,45 1 ,95 2 ,50 5 ,99 3
90024 3118.500000 2001.000000 ,3 4 ,34 1 ,43 3 ,94 1 ,1 3 ,61 4
93161 3121.500000 1980.000000 ,18 1 ,8 5 ,32 1
93376 3106.500000 1996.500000 ,10 5 ,4 1 ,93 3 ,30 2 ,3 1 ,63 4
98284 3145.500000 1989.000000 ,28 4 ,70 4 ,42 5 ,30 5 ,86 2 ,92 3
