9987 2439.000000 570.000000 ,72 3 ,33 4 ,95 5 ,60 5 ,51 3 ,98 2
11995 2449.500000 552.000000 ,10 2 ,24 5
12433 2424.000000 574.500000 ,94 4 ,93 2 ,31 2
14087 2395.500000 550.500000 ,79 1 ,57 2 ,5 3 ,29 4 ,33 1
21604 2452.500000 576.000000 ,79 2 ,67 1 ,21 2 ,81 3 ,37 1 ,85 1
24704 2442.000000 544.500000 ,92 5
28456 2458.500000 543.000000 ,41 1 ,44 1 ,37 5 ,83 3 ,78 5
28984 2449.500000 565.500000 ,13 1 ,6 1
29114 2428.500000 577.500000 ,24 3
36977 2472.000000 582.000000 ,53 5 ,88 5 ,37 3 ,85 5 ,81 5
46789 2413.500000 574.500000 ,94 1 ,6 1 ,30 5
47217 2442.000000 562.500000 ,70 5
48124 2409.000000 565.500000 ,18 2 ,76 4 ,52 4 ,53 3 ,87 1
48485 2437.500000 553.500000 ,52 4 ,26 2
48966 2451.000000 564.000000 ,16 5 ,50 1
57238 2460.000000 540.000000 ,65 3 ,66 4 ,70 5 ,4 1
58053 2466.000000 544.500000 ,42 2 ,53 1
58874 2436.000000 553.500000 ,51 3
60523 2412.000000 571.500000 ,84 1 ,67 5 ,64 5 ,93 1
64075 2433.000000 561.000000 ,8 4 ,15 2 ,58 2 ,19 1 ,83 5 ,31 4
68055 2445.000000 555.000000 ,44 1 ,86 2 ,61 5 ,32 1 ,21 3 ,8 3
69762 2433.000000 550.500000 ,41 3
74240 2457.000000 567.000000 ,52 3 ,56 3
76431 2467.500000 576.000000 ,25 5 ,98 3 ,31 5 ,80 3 ,9 2 ,61 4
81575 2479.500000 580.500000 ,78 2 ,22 5 ,37 1 ,87 3 ,19 3
91313 2418.000000 543.000000 ,13 5 ,53 3 ,66 5
99499 2418.000000 546.000000 ,3 2 ,61 3 ,55 1
