540 999.000000 2341.500000 ,45 1 ,56 3 ,85 5
1293 994.500000 2382.000000 ,8 1
1618 1018.500000 2361.000000 ,26 4 ,37 4
2459 1011.000000 2373.000000 ,82 1
8594 976.500000 2392.500000 ,82 1 ,55 1 ,60 2
11834 979.500000 2406.000000 ,56 4 ,28 5
12180 978.000000 2412.000000 ,53 3 ,87 1 ,63 5
12906 1015.500000 2391.000000 ,34 1 ,24 1 ,58 1 ,8 5 ,98 4 ,72 1
13087 1011.000000 2347.500000 ,5 1 ,35 5 ,67 5 ,0 2
18259 994.500000 2364.000000 ,22 3 ,53 2 ,23 4
18289 1018.500000 2356.500000 ,84 5 ,49 3 ,17 5 ,79 3 ,68 4
18868 987.000000 2410.500000 ,78 1 ,3 3 ,48 2 ,74 3 ,27 3 ,26 1
19478 973.500000 2385.000000 ,39 4 ,90 1 ,29 4 ,70 3
21838 1011.000000 2377.500000 ,27 5 ,36 1 ,19 5 ,88 1
28273 979.500000 2377.500000 ,88 1 ,42 1 ,36 5 ,16 3 ,72 5
32919 993.000000 2380.500000 ,54 4 ,19 4 ,64 4 ,13 5
41308 1015.500000 2382.000000 ,96 4
44897 988.500000 2365.500000 ,1 2
44910 993.000000 2386.500000 ,49 2
46891 994.500000 2406.000000 ,24 3 ,47 1 ,28 4
49610 982.500000 2371.500000 ,95 5 ,50 3 ,55 3 ,92 4 ,7 1
49613 985.500000 2398.500000 ,56 4 ,31 5
54308 1008.000000 2353.500000 ,34 5 ,99 1 ,47 2
58001 970.500000 2361.000000 ,98 1
62452 1018.500000 2367.000000 ,38 3 ,82 5
64605 990.000000 2410.500000 ,33 1 ,81 2 ,22 3
79466 991.500000 2368.500000 ,13 4 ,15 1 ,76 5 ,44 5
87576 996.000000 2364.000000 ,27 1
88195 1009.500000 2376.000000 ,30 3 ,98 4 ,91 5 ,56 4 ,63 1 ,90 3
88659 982.500000 2338.500000 ,55 4
96444 1017.000000 2359.500000 ,18 4
96730 1008.000000 2370.000000 ,79 1 ,84 2 ,43 2 ,41 5 ,63 2 ,75 4
