2399 144.000000 2115.000000 ,81 1 ,49 4
2456 141.000000 2160.000000 ,12 4 ,49 4
7403 175.500000 2124.000000 ,40 3 ,12 5
10829 147.000000 2142.000000 ,28 4 ,48 3 ,4 4 ,80 5 ,40 4
12278 129.000000 2124.000000 ,17 2
14867 162.000000 2145.000000 ,28 2 ,39 5 ,86 5 ,84 5 ,14 4 ,83 4
18303 163.500000 2103.000000 ,34 4 ,86 5
22469 153.000000 2130.000000 ,48 5 ,86 3 ,85 3 ,80 3 ,65 5
29780 124.500000 2155.500000 ,64 2 ,74 1 ,34 3 ,18 2 ,8 4 ,17 3
41453 121.500000 2145.000000 ,37 3
45658 132.000000 2101.500000 ,93 3 ,32 1 ,43 4 ,92 2 ,91 1 ,98 3
49825 147.000000 2134.500000 ,20 3 ,45 1 ,9 2 ,48 2 ,21 2
50306 163.500000 2118.000000 ,5 5
55942 163.500000 2161.500000 ,16 2
57123 142.500000 2119.500000 ,93 5 ,86 1 ,75 1 ,82 2 ,1 2 ,19 4
59575 145.500000 2154.000000 ,78 5 ,71 1 ,89 4 ,30 5 ,42 1 ,16 2
79128 133.500000 2104.500000 ,54 3
81759 162.000000 2115.000000 ,51 5 ,12 2
81789 157.500000 2160.000000 ,58 5 ,83 3 ,74 5 ,30 3
85404 157.500000 2110.500000 ,52 5 ,50 1 ,54 2 ,10 5 ,78 5 ,38 3
91931 124.500000 2158.500000 ,68 3 ,52 1 ,5 1 ,75 1 ,11 3
94410 136.500000 2139.000000 ,87 3 ,28 3 ,21 5 ,85 2
96777 130.500000 2161.500000 ,53 4 ,83 2
