1578 57.000000 613.500000 ,96 2 ,53 2
2488 30.000000 621.000000 ,67 4 ,68 2 ,36 5 ,41 1 ,57 1
3724 31.500000 597.000000 ,6 5 ,64 1 ,55 1
9552 4.500000 595.500000 ,88 5 ,60 3
17143 21.000000 591.000000 ,80 4
17182 43.500000 622.500000 ,83 4 ,64 2
21758 63.000000 627.000000 ,99 5 ,10 3
23388 61.500000 616.500000 ,61 1 ,72 2 ,37 3 ,29 4 ,26 1
24293 39.000000 586.500000 ,30 5 ,38 3 ,52 3 ,27 3 ,6 2 ,82 2
28902 18.000000 627.000000 ,19 5 ,82 2 ,93 1
36461 43.500000 606.000000 ,57 1 ,51 5 ,80 1 ,68 4 ,58 5
38755 36.000000 612.000000 ,26 1
45497 37.500000 607.500000 ,58 3 ,5 4
49696 30.000000 627.000000 ,29 1 ,90 1 ,63 1
59428 42.000000 604.500000 ,52 1 ,17 2
65806 61.500000 600.000000 ,68 4 ,13 3 ,95 5 ,29 4
66714 40.500000 580.500000 ,73 1 ,71 5 ,59 2 ,61 3
67878 1.500000 585.000000 ,29 3 ,31 2
71680 49.500000 604.500000 ,73 5 ,58 4 ,76 3 ,67 2 ,14 5
73091 28.500000 625.500000 ,50 2 ,76 3
76420 18.000000 588.000000 ,52 3 ,7 4 ,22 1 ,12 4 ,2 3
76677 43.500000 615.000000 ,5 1
79836 0.000000 597.000000 ,60 2 ,7 3 ,42 4 ,82 1 ,29 1 ,68 3
86438 25.500000 625.500000 ,17 1 ,93 3 ,47 1
86676 21.000000 594.000000 ,1 4
86852 34.500000 625.500000 ,82 5 ,87 5
94409 36.000000 604.500000 ,66 1
95751 3.000000 624.000000 ,20 4 ,63 5 ,48 5 ,57 5 ,21 2 ,25 5
96033 10.500000 585.000000 ,36 5 ,70 4 ,95 3
