5312 3954.000000 325.500000 ,46 3 ,81 1 ,8 5
7924 4002.000000 334.500000 ,36 3 ,39 3 ,61 3 ,28 3 ,33 3 ,83 2
8418 3946.500000 358.500000 ,54 4 ,42 5 ,63 2
9163 3949.500000 352.500000 ,20 1 ,53 3 ,40 3 ,50 4 ,76 2
9395 4012.500000 336.000000 ,77 1 ,9 4 ,63 1 ,6 1 ,5 3 ,36 2
13807 4002.000000 361.500000 ,52 1 ,40 3
14923 3999.000000 352.500000 ,39 3 ,27 3
31464 4030.500000 345.000000 ,33 4 ,53 2 ,47 2 ,19 1 ,27 5
31519 4015.500000 334.500000 ,16 4 ,27 4
36398 3987.000000 342.000000 ,47 1 ,74 4 ,50 1 ,90 2
37813 3978.000000 330.000000 ,51 1 ,88 5
40593 4021.500000 349.500000 ,4 4
41197 3966.000000 354.000000 ,10 3
41375 3943.500000 325.500000 ,93 3
42273 3997.500000 346.500000 ,50 1 ,61 2 ,36 5 ,27 4
44680 4029.000000 331.500000 ,54 2 ,30 3
57574 4009.500000 325.500000 ,62 5 ,30 3 ,85 3
66680 3969.000000 330.000000 ,61 2 ,16 4 ,86 3 ,10 3
79373 3946.500000 343.500000 ,7 4 ,22 2
82529 3951.000000 345.000000 ,83 1
89388 3966.000000 349.500000 ,68 1 ,30 4 ,53 3 ,62 2 ,49 5 ,92 4
