1414 1722.000000 2776.500000 ,12 1 ,95 4 ,44 3
3683 1711.500000 2779.500000 ,77 5 ,25 2 ,55 2 ,50 2 ,27 1
4374 1752.000000 2760.000000 ,49 3 ,78 3 ,90 1 ,94 5 ,62 3
6376 1699.500000 2760.000000 ,49 5
12851 1759.500000 2784.000000 ,1 5 ,40 5 ,36 2 ,89 4 ,67 1
14978 1752.000000 2779.500000 ,63 1 ,16 3
15899 1725.000000 2766.000000 ,48 4 ,36 2 ,22 4 ,71 1 ,37 5
16433 1770.000000 2793.000000 ,64 3 ,75 4 ,42 4
19514 1773.000000 2767.500000 ,2 1 ,38 2 ,32 5 ,55 5 ,17 4
25436 1687.500000 2770.500000 ,50 3
32075 1722.000000 2787.000000 ,63 1
40940 1749.000000 2767.500000 ,95 2 ,34 3 ,49 1 ,81 4 ,66 1
41064 1722.000000 2790.000000 ,74 4 ,42 2 ,75 1
41658 1690.500000 2779.500000 ,64 2 ,75 4
41715 1767.000000 2782.500000 ,93 5 ,29 3 ,38 2 ,1 1
51228 1690.500000 2781.000000 ,15 2 ,2 3 ,34 1
55211 1776.000000 2784.000000 ,44 4 ,76 4
55477 1773.000000 2797.500000 ,12 3 ,6 3
55508 1728.000000 2763.000000 ,81 3 ,8 5
57817 1705.500000 2773.500000 ,0 3 ,98 1 ,68 3 ,17 2 ,56 2
62448 1777.500000 2778.000000 ,16 3 ,90 1 ,41 1 ,21 5 ,73 4
63733 1716.000000 2796.000000 ,94 2 ,11 4
67884 1696.500000 2797.500000 ,25 5 ,7 1 ,18 1 ,67 5
83394 1696.500000 2767.500000 ,63 2 ,84 3 ,29 4
83766 1719.000000 2785.500000 ,60 3 ,57 4 ,71 2 ,9 3 ,75 2
86956 1774.500000 2772.000000 ,16 2 ,93 3 ,68 4 ,58 2 ,63 2 ,82 1
92833 1711.500000 2772.000000 ,30 3 ,73 1 ,1 2 ,45 5 ,14 1 ,79 4
92837 1726.500000 2775.000000 ,74 1 ,65 1 ,61 4 ,58 4 ,59 4 ,50 5
94722 1773.000000 2782.500000 ,23 1
99341 1710.000000 2776.500000 ,35 3 ,26 1 ,62 3
