9003 3456.000000 312.000000 ,90 3
12149 3442.500000 330.000000 ,40 3 ,1 2 ,88 2 ,52 3
12560 3460.500000 288.000000 ,42 5 ,60 5 ,48 2 ,68 5
16770 3453.000000 294.000000 ,62 1 ,2 4 ,15 2
18056 3456.000000 321.000000 ,95 1 ,81 5
21667 3453.000000 307.500000 ,25 2 ,5 2 ,47 5 ,9 1 ,80 4
23025 3444.000000 343.500000 ,62 1 ,14 3 ,82 3
24013 3448.500000 295.500000 ,44 1 ,94 4 ,78 1 ,95 5
25536 3456.000000 300.000000 ,94 4 ,62 5 ,27 2
28151 3442.500000 339.000000 ,26 3
28576 3447.000000 330.000000 ,55 3 ,6 2 ,27 3 ,30 3 ,16 1
31845 3466.500000 349.500000 ,56 1 ,94 4 ,3 4 ,61 4 ,24 4
32228 3450.000000 321.000000 ,11 5 ,14 1 ,7 1 ,61 3 ,46 4
33652 3460.500000 342.000000 ,14 4 ,38 4 ,78 3 ,27 1 ,70 2
35574 3447.000000 289.500000 ,22 1 ,5 2 ,91 2 ,68 5
46190 3454.500000 330.000000 ,8 1 ,20 2 ,47 4 ,46 1 ,76 5
49227 3450.000000 289.500000 ,67 2
49464 3442.500000 288.000000 ,23 2
66289 3448.500000 333.000000 ,85 4 ,53 2
70165 3439.500000 345.000000 ,4 5 ,21 2 ,88 4 ,2 1 ,72 2 ,6 4
72472 3444.000000 342.000000 ,52 4 ,25 2 ,22 1
87484 3457.500000 354.000000 ,92 2
88834 3469.500000 330.000000 ,36 4 ,46 2 ,71 4 ,67 4 ,42 3 ,91 3
89243 3460.500000 346.500000 ,95 4 ,14 2 ,47 4 ,58 4 ,23 2
