1885 471.000000 2230.500000 ,60 3 ,87 1 ,42 1 ,98 2 ,53 2 ,72 1
6210 498.000000 2274.000000 ,42 5 ,46 2
7016 478.500000 2256.000000 ,3 5 ,43 2 ,72 4 ,87 5 ,32 2
9760 481.500000 2268.000000 ,71 5 ,52 4
16698 459.000000 2287.500000 ,12 4 ,17 4
21565 490.500000 2262.000000 ,66 2 ,1 2
29373 504.000000 2260.500000 ,69 4 ,77 4 ,63 3 ,76 5
30516 478.500000 2284.500000 ,87 5
30999 498.000000 2245.500000 ,2 5 ,93 5
31219 451.500000 2280.000000 ,45 2 ,46 5 ,78 4 ,12 2 ,2 4 ,9 1
55444 484.500000 2242.500000 ,36 3 ,54 5
58116 493.500000 2245.500000 ,84 5 ,11 4 ,8 5 ,0 5
63783 469.500000 2263.500000 ,44 4 ,48 5 ,11 3 ,26 2 ,62 3 ,86 2
63824 508.500000 2233.500000 ,35 1
63909 507.000000 2254.500000 ,94 2 ,72 3
65178 489.000000 2244.000000 ,4 4 ,92 2 ,5 3 ,30 5 ,48 5 ,23 5
74622 508.500000 2268.000000 ,25 5 ,89 2
78285 483.000000 2254.500000 ,93 1 ,40 3 ,51 5 ,35 1
81441 475.500000 2287.500000 ,38 5
88235 499.500000 2283.000000 ,22 2 ,38 3
91631 463.500000 2248.500000 ,76 4 ,98 2 ,90 3
93004 484.500000 2281.500000 ,47 2 ,24 1
97247 487.500000 2275.500000 ,19 5 ,82 4 ,3 3
97479 465.000000 2296.500000 ,24 5 ,2 5 ,48 5 ,86 1 ,71 3
99409 478.500000 2266.500000 ,3 3 ,83 2
