3339 220.500000 243.000000 ,43 4 ,34 2 ,64 2 ,41 3
3378 177.000000 228.000000 ,36 1 ,30 2 ,23 5 ,24 1
3845 198.000000 207.000000 ,38 2 ,41 2 ,63 1 ,33 2
12397 174.000000 225.000000 ,95 4 ,26 3 ,30 4 ,5 4
16816 195.000000 208.500000 ,77 5 ,1 4 ,7 5 ,52 2 ,92 2
23309 202.500000 205.500000 ,53 1 ,24 5 ,72 2
31008 193.500000 235.500000 ,79 5 ,4 3 ,1 3 ,31 1
32383 177.000000 217.500000 ,5 2 ,84 1 ,30 5 ,80 5
40246 204.000000 223.500000 ,74 3 ,49 5 ,3 3 ,42 1
41539 198.000000 210.000000 ,40 3 ,6 4 ,94 1
45868 198.000000 208.500000 ,64 4
47185 153.000000 220.500000 ,28 2 ,69 4 ,21 4 ,30 4 ,62 3
61088 169.500000 238.500000 ,65 1 ,50 4 ,76 3 ,52 4 ,95 5 ,58 3
61183 159.000000 244.500000 ,73 3 ,85 3 ,44 4 ,92 5 ,10 3
62455 223.500000 241.500000 ,74 3 ,15 1 ,35 1
63497 150.000000 238.500000 ,34 3 ,98 1 ,55 1 ,15 2
72038 163.500000 231.000000 ,16 4 ,74 5 ,66 4
72182 192.000000 238.500000 ,9 3 ,42 5 ,5 1 ,78 4
73765 205.500000 217.500000 ,80 5 ,57 2 ,40 2 ,75 1 ,8 4
74450 159.000000 240.000000 ,5 4 ,41 2 ,94 2 ,80 4 ,32 2
83926 228.000000 213.000000 ,87 2 ,96 3
87142 213.000000 234.000000 ,20 2 ,83 2
93955 151.500000 205.500000 ,63 4 ,18 1 ,93 2 ,59 2
99025 213.000000 210.000000 ,32 2 ,23 5 ,48 1 ,47 3 ,13 3 ,34 2
