588 598.500000 1929.000000 ,98 4 ,24 2 ,67 1 ,97 3 ,16 4
5877 607.500000 2010.000000 ,88 1
6924 588.000000 1950.000000 ,56 3 ,94 2 ,66 1 ,61 5
7877 600.000000 2016.000000 ,71 2 ,20 4 ,33 4
11946 601.500000 1963.500000 ,7 3
13702 613.500000 1966.500000 ,98 1 ,8 1 ,91 1
18325 607.500000 1995.000000 ,34 4
23650 598.500000 1984.500000 ,25 3 ,0 2 ,90 2 ,99 3 ,2 3
25026 618.000000 1926.000000 ,96 1
26563 604.500000 1965.000000 ,56 3 ,25 5 ,73 2
29084 585.000000 1935.000000 ,28 1 ,84 4 ,30 5 ,54 5 ,71 5 ,50 1
29527 618.000000 1989.000000 ,84 4 ,47 4 ,1 3
30517 586.500000 1990.500000 ,94 3
30869 589.500000 2007.000000 ,39 3 ,27 5 ,15 1 ,72 3
36582 613.500000 1990.500000 ,3 4 ,27 3 ,52 3
41448 577.500000 1995.000000 ,66 2 ,15 5 ,25 4 ,71 3 ,90 4
42752 571.500000 1998.000000 ,72 1 ,11 1 ,50 5 ,29 2 ,78 1
45677 582.000000 1927.500000 ,47 3 ,34 4 ,62 3 ,37 1 ,29 3 ,74 5
46054 612.000000 1956.000000 ,76 5 ,51 5
53255 588.000000 2010.000000 ,90 2 ,8 2
55770 570.000000 1941.000000 ,96 3 ,58 2 ,31 1 ,86 1 ,26 1
60835 601.500000 1998.000000 ,62 4 ,78 5 ,45 2
64168 576.000000 2004.000000 ,2 4 ,32 2 ,38 2 ,68 5
67477 601.500000 1975.500000 ,78 5 ,73 1 ,40 3 ,57 1
68640 571.500000 2007.000000 ,58 3 ,56 1 ,75 3 ,0 5 ,82 5
70086 619.500000 1975.500000 ,84 5 ,80 2 ,70 2 ,91 3
73295 613.500000 1972.500000 ,39 2 ,77 1 ,88 3
74149 577.500000 1926.000000 ,58 5 ,91 2 ,97 3 ,83 5 ,82 2
77132 607.500000 1947.000000 ,39 2 ,24 2 ,54 5 ,31 5 ,5 2
80486 576.000000 1966.500000 ,34 5 ,44 4 ,85 5 ,71 5 ,30 4 ,72 1
80926 577.500000 1998.000000 ,90 5 ,38 2
81908 612.000000 1963.500000 ,95 2 ,32 3 ,45 2
82146 580.500000 1962.000000 ,99 5 ,40 1
83714 615.000000 2002.500000 ,36 3
83791 576.000000 1993.500000 ,87 5 ,77 1 ,26 5
85919 583.500000 2002.500000 ,93 2 ,10 4
98683 574.500000 1974.000000 ,17 4 ,36 3 ,40 3 ,14 4 ,34 2
99738 579.000000 1978.500000 ,99 4 ,8 3 ,4 3
