3923 2053.500000 333.000000 ,62 4 ,26 3 ,46 3
7955 2089.500000 328.500000 ,38 2 ,89 1 ,20 2 ,39 2 ,61 3 ,73 3
12569 2086.500000 339.000000 ,46 5 ,49 1 ,5 5 ,10 5 ,71 2 ,96 1
13689 2065.500000 313.500000 ,50 3 ,54 1 ,8 1
20827 2068.500000 312.000000 ,8 4
27770 2064.000000 316.500000 ,38 5 ,90 2 ,62 3 ,22 5 ,45 5 ,8 4
31784 2116.500000 327.000000 ,83 4
32313 2053.500000 310.500000 ,36 2 ,6 3 ,0 5 ,66 3 ,57 4 ,4 5
34659 2122.500000 316.500000 ,18 4
36152 2031.000000 340.500000 ,22 4 ,11 1 ,9 5 ,73 4
40667 2053.500000 345.000000 ,59 1
43470 2034.000000 313.500000 ,39 5 ,43 2 ,63 5 ,81 2 ,90 2
47403 2058.000000 309.000000 ,99 3 ,25 5 ,64 2 ,73 3 ,93 1
48840 2100.000000 333.000000 ,29 2 ,81 2 ,36 3
49372 2059.500000 339.000000 ,13 3
51703 2050.500000 331.500000 ,72 4 ,57 1 ,13 5 ,79 5
51836 2049.000000 342.000000 ,57 2 ,52 4
53237 2085.000000 312.000000 ,13 5 ,92 1 ,59 2 ,46 1 ,67 5 ,47 3
53723 2128.500000 333.000000 ,39 2 ,25 4 ,1 3
54424 2059.500000 330.000000 ,34 1 ,96 2 ,6 4 ,12 2
57350 2074.500000 345.000000 ,17 1 ,24 1
60776 2083.500000 313.500000 ,76 4 ,49 1 ,90 1
61206 2103.000000 349.500000 ,2 1 ,55 1
62537 2065.500000 337.500000 ,80 4 ,43 3 ,29 5 ,1 2
63017 2040.000000 343.500000 ,92 3 ,15 5 ,84 4 ,89 4
65334 2088.000000 330.000000 ,20 2 ,26 1 ,65 3 ,11 5
67146 2092.500000 321.000000 ,31 2 ,17 4 ,55 2 ,98 3 ,75 4
85693 2046.000000 324.000000 ,63 3 ,70 3 ,98 5 ,74 3 ,41 5 ,36 3
92918 2130.000000 340.500000 ,92 2 ,76 4
