2569 3082.500000 1777.500000 ,69 1 ,14 2 ,23 5
4061 3090.000000 1786.500000 ,54 2 ,33 5 ,1 3 ,42 3 ,97 4 ,59 4
7059 3036.000000 1792.500000 ,36 5
7909 3037.500000 1759.500000 ,41 2 ,63 2 ,40 3
10412 3064.500000 1798.500000 ,41 1 ,14 1 ,26 4 ,43 1 ,24 1
10741 3081.000000 1780.500000 ,39 1 ,81 2 ,29 5 ,73 4 ,76 1
11231 3048.000000 1756.500000 ,45 3 ,13 5
13248 3046.500000 1761.000000 ,50 1 ,4 4 ,34 3 ,0 3
17597 3061.500000 1750.500000 ,6 2 ,93 5 ,36 1 ,54 5 ,60 4 ,85 3
19670 3054.000000 1762.500000 ,72 2 ,2 3
24715 3109.500000 1764.000000 ,52 2 ,48 4 ,30 1 ,33 2
32127 3103.500000 1792.500000 ,9 5 ,53 4
34508 3087.000000 1767.000000 ,9 1 ,55 4 ,47 4 ,45 4
36054 3100.500000 1806.000000 ,53 3
36073 3093.000000 1777.500000 ,17 3 ,45 1 ,30 4 ,94 1 ,77 2 ,33 5
36644 3111.000000 1786.500000 ,44 2 ,97 1 ,16 2 ,89 1 ,47 2
44742 3040.500000 1795.500000 ,54 2 ,19 4 ,2 4 ,33 5 ,55 1 ,20 4
45033 3109.500000 1800.000000 ,36 4
45686 3096.000000 1767.000000 ,28 4 ,9 4 ,8 5
48928 3081.000000 1771.500000 ,5 3 ,96 2
55426 3114.000000 1762.500000 ,53 2 ,25 1 ,72 3
60290 3057.000000 1755.000000 ,2 4 ,36 5 ,6 3
61481 3109.500000 1762.500000 ,68 1 ,2 2 ,47 2 ,91 1 ,95 5 ,14 1
65592 3072.000000 1771.500000 ,67 2 ,97 1 ,41 2
66626 3069.000000 1786.500000 ,92 4 ,41 5 ,30 5 ,45 5 ,79 5 ,89 2
71135 3042.000000 1788.000000 ,48 2
80121 3028.500000 1753.500000 ,12 5 ,14 5 ,98 5 ,81 2 ,76 5 ,69 4
80239 3037.500000 1807.500000 ,19 1 ,46 2 ,56 1 ,38 1 ,23 4 ,11 4
86001 3063.000000 1794.000000 ,52 5 ,64 4 ,81 4 ,72 3 ,55 2 ,50 2
88115 3048.000000 1752.000000 ,97 2 ,79 3 ,39 5 ,49 5 ,42 3
88565 3096.000000 1768.500000 ,15 1
88646 3025.500000 1774.500000 ,78 1 ,27 2 ,26 4 ,24 4 ,72 3
89492 3049.500000 1792.500000 ,33 1 ,15 1
90068 3099.000000 1762.500000 ,25 4 ,32 4 ,93 4
92885 3067.500000 1779.000000 ,70 2 ,65 2 ,68 2
95681 3025.500000 1789.500000 ,53 2 ,59 2 ,47 2 ,24 2 ,54 5 ,32 1
98273 3100.500000 1798.500000 ,73 2 ,37 1 ,28 5 ,4 3 ,18 2 ,22 3
98606 3045.000000 1758.000000 ,93 4
