9743 1893.000000 2247.000000 ,94 2 ,54 4 ,91 5 ,87 4 ,38 1
13569 1896.000000 2259.000000 ,13 1 ,73 2 ,20 4 ,11 5 ,89 3 ,82 5
13769 1899.000000 2250.000000 ,52 3
15554 1867.500000 2256.000000 ,86 5
15667 1851.000000 2205.000000 ,76 5 ,20 4 ,63 1 ,93 4 ,79 4
19233 1869.000000 2196.000000 ,52 4 ,72 4 ,87 1 ,47 4 ,99 2 ,10 4
19295 1858.500000 2214.000000 ,48 4 ,68 4 ,19 5
21053 1873.500000 2220.000000 ,73 5 ,32 4 ,93 3 ,85 2 ,62 4
21516 1894.500000 2250.000000 ,25 1 ,30 1
23562 1893.000000 2224.500000 ,61 3 ,67 1 ,9 5
31715 1855.500000 2193.000000 ,50 3 ,84 2 ,79 1 ,41 5 ,4 1 ,73 1
31750 1894.500000 2206.500000 ,94 3 ,98 5 ,6 1 ,76 4 ,83 2 ,17 4
50032 1869.000000 2259.000000 ,26 4 ,96 3 ,12 4 ,17 2
51680 1875.000000 2200.500000 ,84 1 ,36 2 ,76 1
59368 1882.500000 2254.500000 ,75 2 ,31 2
70527 1864.500000 2260.500000 ,7 4 ,15 1 ,94 2
75306 1891.500000 2247.000000 ,25 5 ,70 3 ,67 1 ,77 5 ,58 3
76113 1872.000000 2194.500000 ,81 5 ,3 5 ,49 5 ,64 2 ,86 2
82048 1896.000000 2221.500000 ,33 2 ,98 1 ,7 1
84201 1884.000000 2197.500000 ,20 3 ,51 4 ,29 4 ,34 1 ,19 1
85358 1851.000000 2233.500000 ,46 1 ,85 1
86371 1899.000000 2233.500000 ,84 1 ,60 1 ,20 2 ,81 4 ,62 3 ,33 2
88110 1869.000000 2229.000000 ,87 5 ,59 3 ,12 1 ,93 1 ,76 4 ,44 5
88664 1891.500000 2253.000000 ,85 2 ,62 1 ,56 2
89448 1863.000000 2185.500000 ,33 5 ,41 1 ,45 3
89791 1888.500000 2203.500000 ,12 1 ,67 3 ,65 5 ,3 2 ,36 4 ,24 2
90023 1884.000000 2182.500000 ,54 1 ,24 1 ,1 3 ,74 3 ,16 4 ,30 4
92878 1893.000000 2253.000000 ,93 5
93242 1870.500000 2256.000000 ,28 3 ,24 3 ,0 3 ,58 2 ,40 1 ,43 3
95631 1849.500000 2223.000000 ,60 5 ,93 2
