4361 4033.500000 451.500000 ,11 5
5870 4038.000000 465.000000 ,20 4 ,3 2
10483 4071.000000 421.500000 ,62 1 ,85 1 ,40 5 ,59 2 ,67 4 ,26 1
18346 4063.500000 447.000000 ,10 1 ,0 2
18750 4078.500000 454.500000 ,20 3 ,66 5 ,61 5
20646 4045.500000 459.000000 ,80 5
23338 4030.500000 439.500000 ,36 5 ,77 2 ,79 4 ,5 3 ,76 2
25979 4035.000000 420.000000 ,38 3
27618 4074.000000 465.000000 ,77 4 ,69 5 ,63 3 ,47 4 ,40 4
39479 4071.000000 426.000000 ,22 4 ,37 3 ,9 1 ,49 5 ,74 2 ,47 2
40987 4042.500000 436.500000 ,51 3 ,70 4 ,63 2 ,42 1 ,60 2
48463 4038.000000 436.500000 ,0 3 ,29 3
48549 4066.500000 457.500000 ,8 2 ,62 3 ,19 1 ,40 3 ,86 3 ,21 1
52121 4080.000000 444.000000 ,39 5 ,0 1 ,38 2
53305 4020.000000 405.000000 ,43 5 ,1 1 ,98 4
57777 4032.000000 406.500000 ,11 4 ,64 1 ,90 4 ,48 1
60435 4078.500000 432.000000 ,87 4 ,41 2
65331 4039.500000 460.500000 ,93 4 ,63 4
70188 4041.000000 448.500000 ,53 5 ,8 2 ,83 1
73953 4059.000000 423.000000 ,86 4 ,15 1 ,88 2 ,80 3
75167 4078.500000 426.000000 ,79 1
79924 4027.500000 426.000000 ,28 3 ,75 3 ,47 3
81428 4060.500000 453.000000 ,88 5
84995 4053.000000 462.000000 ,34 4 ,55 4 ,30 4 ,50 4 ,49 4 ,69 3
87263 4056.000000 432.000000 ,37 1 ,48 3 ,67 5 ,88 3 ,16 2 ,47 5
95525 4077.000000 454.500000 ,28 1 ,13 4 ,21 5 ,85 2
98798 4033.500000 466.500000 ,92 1 ,36 5 ,71 1 ,96 3 ,85 2 ,58 3
