841 3603.000000 45.000000 ,16 2 ,31 2
1571 3619.500000 54.000000 ,73 1 ,68 5 ,44 4 ,56 2 ,78 1
3691 3576.000000 1.500000 ,99 5 ,16 2
4138 3588.000000 27.000000 ,81 3 ,61 2 ,42 1 ,40 4
5382 3583.500000 49.500000 ,47 1 ,17 3
5606 3597.000000 7.500000 ,75 3 ,77 5 ,54 2 ,39 2
7044 3591.000000 19.500000 ,84 3 ,95 4 ,8 5
7887 3594.000000 19.500000 ,97 2 ,10 4 ,68 4 ,87 1
9089 3639.000000 22.500000 ,4 5 ,84 1 ,65 5
11224 3597.000000 0.000000 ,30 1
12830 3592.500000 13.500000 ,61 1 ,13 3 ,76 1 ,99 5 ,12 2 ,37 2
13109 3649.500000 34.500000 ,71 5 ,85 2 ,31 1
13756 3628.500000 10.500000 ,9 1
16012 3624.000000 40.500000 ,9 3
17018 3639.000000 25.500000 ,79 3
17676 3643.500000 10.500000 ,41 3
18887 3643.500000 52.500000 ,37 5 ,34 3 ,24 1 ,9 2
21749 3607.500000 46.500000 ,64 1 ,57 2 ,11 5 ,65 4 ,3 5 ,81 4
22268 3652.500000 55.500000 ,75 1 ,33 5
22902 3585.000000 4.500000 ,33 4 ,69 2 ,16 5
23246 3606.000000 15.000000 ,45 3 ,72 1 ,32 3
24200 3631.500000 10.500000 ,51 2 ,77 2 ,12 2 ,46 1 ,59 1
30841 3576.000000 4.500000 ,97 5 ,66 2 ,87 1
31688 3616.500000 15.000000 ,10 4 ,66 1 ,49 3 ,79 1
38161 3636.000000 51.000000 ,20 4 ,51 4 ,10 3 ,23 5
40288 3574.500000 25.500000 ,90 1 ,64 2 ,79 4 ,18 4
40977 3576.000000 0.000000 ,87 3 ,70 3
48991 3643.500000 42.000000 ,33 5
51353 3600.000000 3.000000 ,63 5 ,38 4 ,75 1 ,18 3
54652 3655.500000 55.500000 ,29 4 ,26 5 ,31 5 ,67 2 ,18 4
55882 3586.500000 51.000000 ,13 5
57753 3586.500000 54.000000 ,51 5 ,26 5 ,40 5
65347 3609.000000 22.500000 ,69 4
69391 3591.000000 16.500000 ,35 1 ,26 5 ,45 5 ,96 3 ,91 4
82883 3586.500000 6.000000 ,86 5 ,19 1
84723 3598.500000 24.000000 ,97 1 ,74 1 ,81 2
92403 3621.000000 6.000000 ,4 1 ,78 3 ,58 4
94303 3634.500000 52.500000 ,41 1 ,11 4
94730 3606.000000 19.500000 ,53 3
94856 3619.500000 1.500000 ,35 2 ,99 5 ,43 1 ,29 5 ,37 4 ,40 2
