34 3286.500000 222.000000 ,29 5
897 3261.000000 238.500000 ,7 3 ,89 1 ,36 1 ,75 1 ,97 1 ,12 4
25122 3273.000000 232.500000 ,33 3 ,76 2 ,29 3 ,38 1 ,67 3
39087 3259.500000 231.000000 ,95 5 ,43 3 ,21 5
39252 3252.000000 216.000000 ,73 3 ,23 1
39432 3259.500000 241.500000 ,84 4 ,23 3 ,72 3 ,26 2
39784 3267.000000 183.000000 ,98 2
43906 3262.500000 207.000000 ,31 5 ,88 2 ,37 4
49546 3252.000000 219.000000 ,7 3 ,83 2 ,65 5 ,19 3 ,2 3
51814 3255.000000 235.500000 ,48 4 ,13 2
55953 3247.500000 210.000000 ,48 3 ,99 2 ,3 2 ,55 5
58277 3252.000000 205.500000 ,12 1 ,90 2 ,47 5 ,13 4 ,68 1
61723 3271.500000 232.500000 ,15 4
65432 3265.500000 211.500000 ,9 2 ,55 3 ,28 3 ,42 1
73508 3253.500000 241.500000 ,55 4 ,24 1 ,29 5 ,58 1 ,90 2
74422 3246.000000 250.500000 ,66 1 ,32 1 ,96 2 ,87 5 ,1 5 ,97 3
80638 3282.000000 252.000000 ,11 3 ,13 4 ,19 4 ,81 2
84243 3249.000000 231.000000 ,47 2 ,30 2 ,50 5 ,35 3
85852 3279.000000 225.000000 ,5 3 ,45 4 ,87 1 ,99 5
87130 3259.500000 207.000000 ,83 4 ,33 2 ,5 1 ,27 1 ,24 4
88102 3285.000000 190.500000 ,34 1
91406 3258.000000 211.500000 ,73 1 ,5 4 ,40 2
96206 3258.000000 205.500000 ,48 5 ,41 2 ,89 4 ,95 1 ,76 1
97986 3262.500000 213.000000 ,94 3 ,74 2 ,68 5
