449 1908.000000 1326.000000 ,80 2 ,13 2
6100 1924.500000 1291.500000 ,29 1 ,35 1 ,11 3 ,39 5 ,47 5
9509 1930.500000 1297.500000 ,50 2
9822 1938.000000 1293.000000 ,98 1
10796 1942.500000 1306.500000 ,74 4
15384 1947.000000 1269.000000 ,69 2 ,40 5 ,17 4 ,52 1
16784 1950.000000 1314.000000 ,76 5 ,90 3 ,83 5 ,39 3
18764 1920.000000 1267.500000 ,33 1 ,86 2 ,15 2 ,90 5 ,82 3 ,42 1
18880 1918.500000 1267.500000 ,4 5 ,68 2 ,30 3 ,46 3 ,78 2
19855 1963.500000 1324.500000 ,34 3 ,60 4 ,66 5 ,97 1
20822 1930.500000 1273.500000 ,22 2 ,79 3 ,95 5 ,28 3 ,54 2
26250 1944.000000 1273.500000 ,90 1 ,22 1 ,96 5 ,86 1 ,45 2
27393 1951.500000 1302.000000 ,2 4 ,58 4 ,26 2
30405 1932.000000 1303.500000 ,65 5 ,7 2 ,48 1 ,97 1 ,32 2 ,82 2
31630 1933.500000 1290.000000 ,66 2
32719 1965.000000 1329.000000 ,11 1
34633 1930.500000 1329.000000 ,0 2
37025 1948.500000 1299.000000 ,23 4
41193 1903.500000 1327.500000 ,94 1 ,41 5 ,38 1 ,47 2 ,81 1
41945 1957.500000 1269.000000 ,74 2 ,40 2 ,93 1
45734 1908.000000 1332.000000 ,85 2 ,33 5 ,93 3 ,95 2 ,38 1 ,46 3
49268 1912.500000 1330.500000 ,82 2
51645 1957.500000 1279.500000 ,84 5 ,64 2 ,58 2
57260 1936.500000 1293.000000 ,16 3 ,12 3 ,36 4
59838 1942.500000 1296.000000 ,5 3 ,76 5 ,0 1
60952 1942.500000 1303.500000 ,69 5 ,91 3
64806 1956.000000 1272.000000 ,39 4 ,70 5 ,89 2 ,45 4 ,87 4
69848 1947.000000 1323.000000 ,73 3 ,16 1 ,31 3 ,24 2
72847 1912.500000 1333.500000 ,6 1 ,94 5 ,71 5
73823 1951.500000 1287.000000 ,15 3 ,58 2 ,14 5 ,73 3 ,61 2 ,36 4
81786 1903.500000 1336.500000 ,58 1 ,89 5 ,34 3 ,55 3 ,82 3
83163 1912.500000 1270.500000 ,92 5 ,40 2
86847 1930.500000 1327.500000 ,51 1 ,21 3
95686 1921.500000 1305.000000 ,59 4 ,81 1 ,65 3 ,83 3
95715 1947.000000 1276.500000 ,45 2 ,14 5 ,60 2
97262 1912.500000 1306.500000 ,15 5 ,49 5 ,23 2 ,38 2 ,96 3 ,92 5
99598 1912.500000 1273.500000 ,29 1 ,78 4 ,53 3 ,67 1 ,41 2
