1678 2935.500000 1482.000000 ,83 3 ,86 3 ,45 3 ,8 3
4865 2950.500000 1497.000000 ,10 2 ,43 2 ,13 3
4956 2944.500000 1509.000000 ,19 5 ,56 1 ,87 3
13877 2944.500000 1473.000000 ,6 2
15370 2968.500000 1494.000000 ,51 1 ,70 2 ,84 1
15908 2898.000000 1479.000000 ,58 4
19708 2920.500000 1503.000000 ,39 4
25537 2973.000000 1479.000000 ,11 3
43726 2926.500000 1492.500000 ,82 1 ,29 4 ,54 4 ,47 4
45957 2953.500000 1482.000000 ,90 3
53135 2971.500000 1504.500000 ,44 2 ,80 2 ,63 2 ,69 4 ,38 3
53356 2946.000000 1479.000000 ,98 2 ,71 2 ,4 3 ,75 1 ,44 2
64800 2953.500000 1507.500000 ,1 2 ,51 4 ,86 1 ,73 5 ,64 5 ,72 2
67179 2932.500000 1503.000000 ,99 5 ,4 3 ,42 3 ,75 2 ,96 2 ,3 3
67432 2892.000000 1492.500000 ,83 5 ,91 5 ,52 5
69943 2943.000000 1482.000000 ,18 3 ,56 5 ,48 4 ,24 5 ,25 1 ,41 5
74388 2878.500000 1473.000000 ,13 2 ,49 3 ,35 5 ,32 3 ,75 3
81315 2973.000000 1483.500000 ,92 2 ,60 1 ,45 4 ,71 5
91509 2884.500000 1479.000000 ,33 3 ,86 1 ,88 4 ,91 1
93538 2923.500000 1492.500000 ,21 3 ,67 2
96344 2893.500000 1507.500000 ,26 4
96997 2904.000000 1503.000000 ,49 4 ,39 2
99974 2881.500000 1504.500000 ,45 1 ,7 2 ,32 5 ,34 5 ,68 5 ,10 2
