5746 2935.500000 273.000000 ,14 4 ,39 2 ,6 2 ,57 2 ,93 5 ,44 5
6295 2887.500000 279.000000 ,42 1 ,37 4 ,34 2 ,82 1
11903 2890.500000 264.000000 ,14 3 ,65 3 ,30 3
18330 2916.000000 243.000000 ,58 2 ,29 1
19754 2887.500000 259.500000 ,11 1 ,85 3 ,60 2 ,12 5
23457 2884.500000 241.500000 ,81 5
24810 2895.000000 264.000000 ,19 4 ,30 5 ,11 4 ,87 1 ,95 4
25797 2919.000000 235.500000 ,6 1 ,78 1 ,13 4 ,97 1
31296 2934.000000 238.500000 ,88 1 ,97 2 ,34 1 ,6 5
36626 2907.000000 267.000000 ,45 1 ,60 5 ,3 5 ,69 5 ,85 3 ,31 1
37239 2893.500000 268.500000 ,6 2 ,36 2 ,2 4 ,24 1 ,64 2
45148 2887.500000 235.500000 ,28 5 ,27 3 ,41 1 ,32 1 ,34 1 ,46 2
47598 2919.000000 280.500000 ,94 1 ,58 2 ,55 3 ,81 1 ,60 2
49579 2943.000000 280.500000 ,62 5 ,70 3 ,54 2 ,33 5
65438 2937.000000 270.000000 ,64 1 ,65 1
73111 2946.000000 256.500000 ,56 3 ,37 1 ,96 3 ,55 3 ,85 4
78565 2946.000000 271.500000 ,96 3 ,57 5
79709 2890.500000 280.500000 ,47 3 ,54 2 ,71 4 ,80 4 ,39 2
84672 2886.000000 256.500000 ,5 5 ,47 5
85911 2920.500000 277.500000 ,33 3 ,43 5 ,41 5 ,54 4 ,76 5 ,67 5
89458 2892.000000 249.000000 ,64 1 ,28 3 ,34 1 ,50 1
89897 2946.000000 222.000000 ,6 5 ,36 5 ,49 1 ,73 5 ,90 1
93508 2908.500000 237.000000 ,76 4 ,38 4 ,19 2 ,12 1 ,51 4 ,72 2
98065 2914.500000 246.000000 ,94 3 ,76 5 ,90 1 ,20 2
