7233 1437.000000 625.500000 ,30 1 ,83 1
9020 1435.500000 615.000000 ,67 4 ,95 5
9939 1446.000000 610.500000 ,72 4 ,9 5 ,84 2
12178 1420.500000 630.000000 ,98 5 ,42 1 ,76 3 ,12 4
12794 1417.500000 625.500000 ,47 2 ,30 1 ,85 3 ,75 3 ,53 1 ,39 5
25289 1429.500000 637.500000 ,33 4 ,63 4 ,95 3 ,50 1 ,22 4
25805 1443.000000 613.500000 ,2 3 ,15 5 ,38 3 ,82 5 ,35 1
27937 1441.500000 597.000000 ,31 4 ,38 5
39057 1422.000000 615.000000 ,45 4 ,18 1 ,87 2 ,40 5 ,3 5 ,61 5
60238 1435.500000 609.000000 ,94 2 ,96 5 ,81 1 ,91 4
74172 1435.500000 622.500000 ,92 3 ,67 5 ,55 2
74595 1446.000000 589.500000 ,76 5 ,92 2 ,67 2
74978 1429.500000 646.500000 ,92 1 ,20 1 ,83 4 ,80 2 ,17 3 ,94 5
75808 1438.500000 636.000000 ,42 2
78621 1420.500000 622.500000 ,32 1 ,24 2
81168 1432.500000 625.500000 ,88 3 ,85 3 ,1 3 ,21 3 ,97 2
81656 1419.000000 601.500000 ,55 1 ,53 5 ,24 2 ,80 3 ,94 4
90945 1437.000000 612.000000 ,89 3 ,76 1 ,98 3 ,6 2
91147 1431.000000 634.500000 ,48 4 ,87 2 ,82 3 ,43 5 ,20 2
