1250 49.500000 1296.000000 ,33 2
1948 0.000000 1281.000000 ,85 5 ,91 2 ,42 2 ,58 3
3375 70.500000 1254.000000 ,63 3 ,53 4 ,40 4 ,24 5 ,59 3
12164 49.500000 1269.000000 ,96 4 ,6 5 ,80 5 ,20 4 ,64 4 ,18 2
12268 70.500000 1288.500000 ,95 1 ,45 1 ,15 4 ,47 4 ,2 3
14119 64.500000 1288.500000 ,74 3
16122 22.500000 1240.500000 ,56 3 ,84 2 ,90 2 ,46 4 ,99 5
20889 46.500000 1299.000000 ,41 3
21251 78.000000 1243.500000 ,56 4 ,16 1 ,18 1 ,62 5 ,6 3 ,75 3
23355 75.000000 1282.500000 ,4 4 ,99 3 ,53 4 ,48 2 ,29 2
30536 31.500000 1285.500000 ,2 5 ,66 2 ,40 1 ,70 2 ,13 3
36268 18.000000 1251.000000 ,71 4 ,73 2 ,21 3
40543 28.500000 1284.000000 ,64 2 ,44 5
41258 55.500000 1243.500000 ,67 4 ,52 3 ,34 5 ,18 1
43442 36.000000 1297.500000 ,38 5 ,45 4
44370 6.000000 1291.500000 ,79 3 ,82 4
46642 39.000000 1282.500000 ,95 4
46675 0.000000 1236.000000 ,16 3 ,73 5 ,1 5 ,55 4 ,47 4
50816 64.500000 1258.500000 ,77 1 ,79 3
54216 66.000000 1275.000000 ,82 4 ,98 4 ,18 5 ,3 1
55017 1.500000 1255.500000 ,31 2 ,79 4 ,14 3
59163 40.500000 1261.500000 ,92 2
63537 22.500000 1282.500000 ,58 4 ,90 3 ,2 5 ,77 5 ,36 5 ,76 4
64218 51.000000 1293.000000 ,58 4 ,6 2 ,88 4
69866 30.000000 1278.000000 ,13 4 ,94 3 ,30 2 ,61 5
71316 27.000000 1296.000000 ,88 5 ,60 2 ,86 2 ,83 3
71355 54.000000 1243.500000 ,89 1 ,98 2
73098 52.500000 1260.000000 ,23 1 ,49 5 ,89 4 ,7 4
74192 45.000000 1278.000000 ,8 5 ,53 2 ,74 1 ,68 4
75077 27.000000 1272.000000 ,86 4 ,69 3 ,15 1 ,48 4
78134 34.500000 1296.000000 ,93 2 ,85 1 ,78 5
80759 16.500000 1258.500000 ,7 1 ,19 4 ,94 2 ,17 5 ,91 1
80965 27.000000 1300.500000 ,85 5 ,79 4 ,4 2 ,35 4
85269 48.000000 1257.000000 ,0 2 ,67 4
86777 75.000000 1242.000000 ,1 5
91353 58.500000 1287.000000 ,45 4 ,80 3 ,12 3 ,10 4 ,14 3 ,88 5
94917 55.500000 1252.500000 ,76 2 ,65 2 ,50 3 ,64 1 ,88 1 ,89 3
95182 48.000000 1270.500000 ,58 4 ,27 4
99053 51.000000 1297.500000 ,97 2 ,69 5 ,71 5 ,26 4 ,17 4 ,25 1
