0:1210,1211,2284,2411,
1210:43,2017,561,2118,720,159,1365,1639,2138,1037,1111,354,706,676,2275,307,1213,2167,1354,1663,1494,2531,2540,2551,2709,2745,2782,2798,2966,3158,3266,3415,3568,3658,3723,
1211:961,44,201,713,1084,1832,1871,1951,1877,364,514,922,765,1475,1539,1656,2490,2612,2749,2835,2852,3091,3103,3163,3286,3634,3672,
2284:87,751,185,1813,575,1244,1602,1082,2283,1357,2164,352,1799,655,337,1407,772,1209,2066,1543,2349,2458,2667,2758,2927,2937,2970,3038,3531,3664,3699,
2411:531,148,1869,491,85,1773,1933,2040,1230,1196,957,1789,907,1893,276,703,666,1977,299,1453,2410,1479,1013,2355,1676,2641,2972,2985,3062,3177,3208,3225,3442,3445,3500,3534,3550,3615,3682,
43:445,132,929,2484,2,1959,2109,1553,681,2440,986,2281,881,2708,183,341,286,2821,2982,3041,3288,3694,
2017:1612,57,909,186,1941,789,3129,2236,1665,2067,1036,1537,1668,2897,601,395,3414,2602,3667,3711,
561:990,129,223,1166,1820,6,1783,1296,560,381,374,1162,1378,1988,1469,602,2032,2055,2287,2469,2543,2726,2755,2841,2862,2877,2893,3008,3410,3513,3520,3644,
2118:309,55,155,1883,864,376,1984,1413,1415,1074,1018,440,1433,1346,2072,580,1529,1973,2154,2420,2429,2603,2820,2896,3051,3063,3086,3154,3355,3384,3422,3473,
720:1171,1049,1965,75,539,25,2920,1054,2014,1780,2364,2216,2965,497,297,2428,2088,162,2367,1462,973,2293,1050,1223,677,3014,3313,3332,3345,3458,3492,3744,
159:976,14,2290,3034,3506,1710,290,3586,2117,670,919,463,2414,1947,3401,3585,3696,
1365:640,49,873,1105,2238,1364,2052,2487,1014,639,2389,1189,283,2539,1792,1574,1840,473,2376,92,628,2689,2732,2753,3074,3546,3558,3595,3719,
1639:36,538,1400,2608,517,1273,2338,3173,1568,2160,410,2577,268,529,1920,2590,892,972,3567,2084,855,3598,3712,3725,
2138:630,3002,328,2227,781,3722,3720,1204,1423,2170,3319,1454,470,2775,1712,231,2198,780,69,2161,669,2915,
1037:734,1219,270,737,2075,1626,29,1913,2111,797,2137,790,699,1623,1321,1314,278,1333,2278,2357,2510,2571,2811,2898,2922,2976,3261,3424,3522,
1111:647,1678,377,2475,33,366,1411,1858,1062,1460,701,2030,1252,273,2511,914,158,672,2181,2106,1316,1628,2588,2636,2806,3077,3080,3144,3168,3304,3382,3701,3736,
354:1212,188,1489,7,2568,2061,2230,707,414,776,2415,2569,1664,942,1435,1389,2781,145,160,2092,1725,2372,1115,3001,3202,3308,3516,3718,
706:1261,2390,342,1070,2697,179,731,12,2112,565,2559,708,1745,1129,1891,1348,1194,2321,433,989,2880,2906,3128,3377,3428,3732,
676:15,688,2219,157,1409,2187,1220,447,1334,1361,2499,1090,373,614,757,1449,1881,1843,2273,2585,2873,2980,3079,3104,3109,3318,3456,3647,
2275:714,1349,1776,1493,2080,2049,1661,350,169,76,1058,2149,1176,582,683,1671,1429,1332,1879,2300,2523,2587,2826,3010,3012,3124,3175,3189,3195,3269,3371,3740,
307:2260,417,1790,1878,1513,42,103,1530,697,1519,2152,1139,823,1165,452,154,812,253,2274,1952,1989,1179,2680,2700,2801,2819,2829,3375,3436,3479,3496,3600,
1213:1444,1031,398,585,2068,2444,2786,3157,332,705,943,3083,2166,955,1272,2520,2043,3397,3418,3453,3576,3726,
2167:516,189,905,144,1575,1315,2146,1325,658,423,1518,2126,903,519,1940,2208,2296,2373,2386,2392,2408,2434,3094,3437,3489,3502,
1354:600,1052,214,128,2744,2393,2615,1600,1432,430,371,1033,798,2468,2094,1865,1700,478,93,2062,523,2101,1492,2108,2901,3060,3138,3165,3290,3348,3508,3626,3636,3637,3748,
1663:815,80,170,1066,1662,1144,343,858,1269,500,1102,1019,361,738,1080,545,1775,1856,1924,1966,2121,2157,2202,2253,2314,2350,2412,2416,3089,3132,3146,3201,3416,3455,3517,3630,3717,
1494:644,1495,2932,255,841,3113,1849,1140,405,1107,2480,1996,2800,2169,533,1242,317,1900,3362,3490,3497,3675,3741,
2531:120,521,61,2189,1928,1393,1055,1521,931,724,245,2245,1353,279,1673,2530,1498,1905,967,2013,1132,443,2556,2727,2778,2911,2973,2992,3028,3183,3221,3279,3334,3514,3521,3555,3608,3730,
2540:1448,1470,1577,796,399,1270,252,1683,1757,472,2009,2419,1008,2418,865,778,719,1957,1909,1708,2648,2934,3027,3156,3178,3296,3302,3314,
2551:1337,1127,540,2226,1124,2550,1005,1679,96,979,274,1564,587,874,477,1391,895,1180,1441,2555,2617,2837,2942,3069,3119,3181,3198,3299,3315,3341,3470,3691,
2709:2692,1672,1421,1604,2305,991,567,1060,1782,1696,847,2517,1624,365,1884,83,1579,1781,193,1350,1829,2573,910,1045,2842,2844,2870,2967,3260,3310,3342,3354,3378,3407,3467,3474,3577,3742,
2745:2406,1367,1023,2439,1173,228,2207,2285,422,573,822,1078,2506,1615,2176,1303,1585,2858,2865,3123,3287,3365,
2782:2312,1193,1029,68,559,2022,1873,2628,1201,353,852,2742,2668,1434,1428,690,2044,1949,2794,2840,3101,3150,3380,3402,3584,
2798:1122,261,1000,1768,1762,1650,2797,1974,149,715,266,431,612,977,1386,2190,2442,1734,1524,2099,2461,2830,2987,2990,3007,3262,3275,3387,3705,
2966:2132,872,2857,2488,151,1919,293,2515,1048,680,1073,2845,1953,1424,2316,2790,3273,
3158:1736,98,2519,190,2850,741,3100,805,2400,1527,1515,2544,622,1699,438,642,2686,323,2868,1463,2719,1227,2838,2465,3548,3641,
3266:849,2949,3151,1118,675,2228,1317,1910,3185,2200,660,306,626,2079,3222,2494,1669,2299,1099,1555,2724,2527,3265,
3415:3305,615,935,1103,360,2928,3396,2047,2649,3213,2233,1486,1895,883,1247,1277,109,208,2589,1981,2188,2016,2466,3449,3487,3661,
3568:1752,3495,396,1638,3251,1117,105,3559,589,3389,2135,2947,1969,1095,1341,2125,2120,901,2881,3217,3680,
3658:1630,1720,2805,3292,2182,1034,1110,204,3657,633,1875,107,2601,2978,3556,3330,2054,474,1559,1443,2785,1818,2447,2307,983,
3723:1401,2823,2407,1267,1846,2250,2864,476,946,3239,2604,971,3472,425,1616,3271,1740,1531,1845,3750,
961:1172,1065,191,1451,1032,258,13,686,552,1133,1831,348,547,1199,1283,1598,1810,1847,2042,2097,2127,2453,2764,2815,2867,2872,2961,2999,3030,3033,3039,3435,
44:3,349,1250,65,662,618,960,1606,1641,896,1020,1859,1950,133,1192,287,167,300,1281,1967,1987,2178,2252,2327,2331,2422,2493,2586,2614,2619,3082,3454,3460,3541,3564,3620,
201:91,2053,449,2793,3603,54,2205,3668,1377,1796,851,1765,1109,2859,2286,1040,3220,
713:175,900,1822,32,2672,2292,543,1482,1631,510,2401,893,698,1043,2083,1916,2008,3000,3180,3312,3560,
1084:1287,528,2771,115,2309,1218,1830,944,2371,2756,388,668,2597,1732,237,930,1157,2323,1329,2404,2063,3174,3325,3392,3476,3629,
1832:692,3102,598,496,246,1161,1302,1307,2607,2031,2387,3006,2595,372,1396,595,95,2165,2443,3210,3268,3349,3465,3535,
1871:502,200,1870,89,1803,386,1850,995,788,926,886,1520,1327,1464,359,1885,2180,2237,2456,2482,2694,2776,2789,2899,2959,3048,3219,3412,3457,3528,3697,
1951:1152,41,3613,811,728,3383,2900,1507,1425,2027,3434,2204,397,2876,868,2234,1748,555,2528,1532,1191,2375,987,3692,
1877:613,879,1282,58,296,954,457,1069,1490,1751,165,1758,206,810,1266,590,712,1397,1246,1961,1980,2019,2026,2351,2421,2503,2639,2723,2885,2916,2989,3026,3117,3192,3326,3339,3376,3475,3545,3571,
364:1017,211,1819,136,3182,3186,2678,1906,1889,411,3285,661,485,2257,1764,1991,1053,2663,1265,2808,238,23,2192,1403,3642,3716,
514:28,1143,468,746,198,2159,2104,1159,1562,1547,513,827,921,310,1633,2450,1276,1691,2380,2561,2592,2733,2923,2945,3042,3043,3139,3386,3468,3652,
922:24,831,1497,1025,1744,82,2611,1471,917,292,546,1848,1021,1570,2545,1608,650,2553,314,2651,2711,2729,2831,3036,3052,3193,3277,3352,3565,
765:400,45,1655,1857,2957,3090,2513,1120,679,859,1293,2320,1923,2326,3073,3054,419,2728,695,227,1761,2056,1097,2368,3057,1170,3477,3618,3738,
1475:537,1001,100,2050,1009,2186,1286,1474,2382,2123,387,793,240,764,1733,1979,691,1523,1164,2183,2508,2750,2812,3004,3238,3542,
1539:390,875,1022,358,124,1538,1419,110,1440,718,645,1279,1436,648,591,1363,1632,1786,1926,2096,2142,2220,2336,2339,2471,2500,2546,2623,2674,2908,2931,3211,3232,3439,3529,3602,3610,3743,
1656:67,182,2006,664,1688,1313,739,2209,1288,362,838,2578,2076,964,1231,458,2703,1917,2359,1511,123,1128,2100,2939,2954,3053,3379,3438,3562,
2490:1216,556,820,66,2156,2021,1582,1837,1257,1477,745,257,2024,1390,2489,166,1263,596,1310,566,2131,1938,2542,2564,2635,2673,2825,2930,2962,3017,3284,3327,3369,3606,3660,
2612:1687,1620,551,1420,999,50,324,1690,1707,163,1936,1015,2481,346,1677,795,784,1784,2269,1697,774,1569,2656,2681,2796,2888,2974,3205,3264,3605,
2749:527,111,2011,857,1866,1667,1098,2082,938,2682,619,544,267,1806,2698,1382,2748,837,1955,997,2905,3084,3360,3381,3563,3594,3639,
2835:1298,334,1306,1422,2089,828,2318,1163,251,1554,2356,2621,412,2695,119,1138,631,1385,2557,2179,1255,2834,758,2828,2882,2890,2907,2933,3105,3309,3340,3551,
2852:1030,312,2078,1583,2128,1975,814,506,2276,522,994,2851,2430,1705,2134,1370,2739,2144,3343,3459,3627,3713,3727,
3091:1007,142,301,3047,1855,2394,1236,2647,1145,687,542,1935,2576,2802,1746,3525,3669,3714,
3103:777,1093,1619,2147,2203,1417,1181,951,331,1611,197,2427,2229,2670,1046,656,1202,2070,576,2718,2015,2548,3135,3142,3228,3509,3640,3656,3678,
3163:877,2103,791,2883,117,2403,1289,1854,2633,1083,315,1301,303,3162,2977,1833,1412,2194,689,607,3357,3482,3638,3689,
3286:1777,625,1038,2741,1366,3076,3270,3009,3011,333,1059,486,2483,2451,1749,2760,1394,3461,
3634:1186,138,1937,2536,936,2381,469,2645,984,2581,3633,1581,2239,3116,2153,2057,747,1360,
3672:363,1016,264,2854,1500,2385,1876,2832,1983,289,1075,482,1488,1897,3671,9,2449,2766,755,1344,2196,754,3148,2363,
87:1805,1182,844,3249,3235,31,3580,2136,380,1042,1224,2629,1886,2995,3184,733,
751:816,456,339,2757,2609,1114,1549,1200,2038,2324,2215,19,862,945,86,2069,2168,1834,800,525,2255,2988,3016,3110,3272,3363,3432,3488,3721,
185:34,450,1747,72,1146,574,1763,1130,1081,127,599,427,1188,846,207,1141,1528,1853,1898,2018,2034,2074,2224,2256,2272,2514,2552,2583,2662,2953,3204,3218,3291,3300,3368,3398,3570,3747,
1813:432,27,2077,1228,434,1087,2378,1121,1842,2129,248,2003,1061,1828,779,1944,3115,3234,3338,3373,3409,3480,3707,
575:194,51,1226,282,1506,2212,894,1767,1041,635,627,2457,508,933,1836,889,1322,915,446,1635,1939,2512,2654,2788,3164,3190,3283,3353,3372,3527,3631,3688,3690,
1244:489,641,63,2348,1297,1343,882,1466,382,1603,187,1522,492,330,1595,1126,2342,834,1888,2405,2549,2554,2722,2950,3203,3230,3303,3390,3538,3592,3621,3677,
1602:70,4,813,562,1237,2114,2684,2653,1601,2244,1064,2107,871,426,1002,2145,1556,2002,2936,570,2496,205,2345,750,316,2986,3088,3136,3194,3316,3632,
1082:594,172,11,1787,2262,1715,1510,1142,1793,1256,1804,682,271,515,1291,2155,1207,1472,2133,2521,2707,2769,2803,3005,3093,3122,3242,3394,3448,3451,
2283:952,97,1808,1150,305,1760,2265,1914,441,794,673,2282,1375,1770,1516,171,726,965,375,1681,1912,1368,2301,2904,2964,3107,3127,3196,3214,3229,3256,3358,3404,3507,
1357:20,885,215,3170,336,2713,3333,2818,1251,3191,1356,1811,3530,3075,1921,603,1599,3491,767,1359,536,3604,
2164:236,494,1956,64,993,1741,113,1709,1091,1481,817,2119,1814,836,464,704,498,1701,88,1658,1571,1636,2343,2624,2676,2710,2737,2792,2804,2909,2991,3055,3199,3226,3408,3645,3695,
352:326,30,392,927,121,2163,2073,1381,1294,2124,1797,1355,863,1560,1112,511,807,717,2090,2340,2346,2383,2455,2525,3022,3179,3188,3307,3356,3483,3573,3622,3724,3733,
1799:1551,99,1208,1609,479,593,1576,968,1798,856,1706,403,242,444,1550,235,1588,996,870,1300,1260,1222,586,557,1862,2037,2045,2095,2213,2329,2352,2462,2467,2474,2591,2824,3160,3317,3351,
655:325,581,295,959,803,1430,1376,880,224,963,1721,526,564,1731,1640,37,740,1801,1902,2059,2288,2485,2565,2575,2631,2660,2699,2836,2848,3161,3187,3329,3427,3536,3596,
337:256,1867,355,1175,2666,48,2610,2218,1408,2616,891,721,475,802,1642,2214,480,1442,1318,1240,2358,2780,2866,2960,3243,3391,3464,3591,3709,
1407:769,391,2969,2747,118,2347,1384,1320,1465,2271,2567,939,950,499,221,2221,1802,1896,1371,2391,1653,209,153,1729,2997,3259,3344,3452,3526,3579,3599,3617,3704,
772:47,402,281,1116,2201,3443,2464,2172,830,3625,1262,771,1625,2071,749,2361,2353,3282,3703,3745,3749,
1209:393,1135,184,1971,1755,725,1225,592,1596,2098,2516,3037,429,1693,2968,785,101,2537,1295,1880,934,1649,2366,2772,3049,3056,3289,3297,3320,3400,3463,3624,3665,
2066:503,966,507,1414,1738,1548,588,247,466,2065,81,890,867,1659,1807,1994,1584,1750,2141,2563,2579,2650,2944,3003,3031,3159,3197,3254,3425,3651,3715,
1543:654,140,756,1542,351,1086,1308,313,916,693,1383,483,1405,1395,1458,1565,1826,1894,1968,2251,2547,2613,2675,2738,2746,2878,2894,3025,3059,3206,3281,3403,3581,3609,3685,
2349:2248,1205,17,1629,924,455,232,763,710,2279,1578,1637,1243,2325,2033,210,495,623,1484,775,1504,1503,2445,2594,2632,2717,2752,3035,3108,3131,3493,3557,3706,
2458:876,2035,1239,106,222,2195,370,2007,2012,1136,700,2242,367,1402,787,638,1800,1525,2115,1101,2626,2827,2884,2929,2979,3106,3171,3240,3306,3350,3566,3590,3674,3702,
2667:73,509,254,1406,1292,2365,2477,729,1614,742,1686,980,2478,462,1502,1724,913,345,2501,2661,2743,2940,3013,3018,3064,3366,3574,3693,
2758:897,1468,442,2398,1398,1824,139,1374,1972,2731,219,2162,1198,368,925,1418,439,1351,1654,2492,2783,2875,3020,3023,3241,3336,3426,3679,
2927:125,1094,663,1167,1003,229,1925,2029,2463,2774,1812,2791,792,243,505,2891,520,2926,2822,1621,918,2259,1372,1131,2426,3050,3133,3253,3519,
2937:1566,2871,2751,1232,1274,1652,357,808,2505,970,178,2541,1338,1085,1835,2642,3032,3118,3245,3471,3611,
2970:878,1704,2424,753,2384,1660,1238,318,484,853,2701,2441,2941,674,1651,1674,1627,3323,3413,
3038:164,1682,534,2046,1336,782,1119,2644,2638,1233,338,709,1586,2000,1557,2280,2362,3067,3081,3298,3462,3578,3635,3746,
3531:1076,2956,1698,2795,2086,2486,260,3294,122,481,2122,2646,1702,1330,2291,2807,1039,1203,3370,2919,3553,3616,
3664:2679,2335,752,131,217,801,2833,1861,3247,1187,1552,304,2423,369,3663,1134,616,1035,2240,1771,3276,2004,3421,
3699:424,2799,1694,3125,821,1028,3431,226,2217,1851,3405,1455,116,1982,3293,216,2502,1852,1253,770,854,3095,2379,3698,1607,
531:649,40,177,609,1447,1241,1593,1369,347,923,389,1719,1437,912,1597,1483,2150,2184,2232,2337,2452,2570,2596,2768,2921,2948,2958,3029,3126,3143,3503,3673,
148:1006,454,1899,126,16,1809,1645,1027,606,1026,1927,1838,435,288,213,459,1872,1305,652,711,1534,1063,1047,1945,1986,1992,2020,2113,2211,2843,2925,3068,3137,3223,3324,3328,3601,3623,3686,3737,
1869:1591,62,1785,501,168,2887,3092,1618,1249,2860,920,2268,2558,906,549,1794,2704,302,657,2249,902,1416,3710,
491:1323,448,8,3233,1137,2470,3267,3499,1890,1868,783,2702,3406,953,553,1737,265,2598,2740,2983,
85:1168,5,530,192,2370,2308,1685,1997,2397,2425,3169,2943,1185,1068,2889,493,321,992,1183,1772,2869,1929,2010,3364,3447,3649,
1773:59,904,180,1563,899,311,1647,1695,535,956,421,948,1156,651,1545,1594,1779,2041,2058,2130,2185,2454,2497,2627,2856,2879,2903,2975,3019,3140,3227,3236,3311,3504,3547,
1933:327,241,818,102,1863,1011,1791,762,35,1339,1932,974,383,1174,1774,487,1290,1514,1943,1948,2028,2093,2174,2295,2572,2622,2625,2683,2693,2754,2779,2938,3098,3152,3246,3257,3359,3735,
2040:1446,356,3024,52,3085,1823,94,2374,568,1499,2715,2399,637,2951,947,3441,2105,884,2535,2247,2264,1426,1089,
1230:137,3533,394,1206,3250,407,2721,2143,2110,1380,3130,2839,1825,1648,1995,716,760,1229,3021,3569,3589,3728,
1196:1010,60,1491,524,1990,2688,1217,2151,3444,2652,2690,620,461,161,114,2518,3659,
957:2177,26,233,988,3045,2605,1716,2902,1106,2171,518,1345,3395,1788,3153,624,2396,2222,928,3347,3597,3729,
1789:1558,79,451,146,418,806,1248,735,1245,1177,1496,1335,621,1410,220,413,249,982,1753,1004,1079,1795,2085,2199,2315,2438,2533,2538,2606,2736,2787,2913,2917,3346,3593,
907:2064,181,275,2001,2235,467,861,2817,826,1480,2498,1125,1331,2266,2243,1088,259,2874,819,2677,39,2036,2060,1892,1680,3040,3518,3643,
1893:667,199,437,130,1540,1324,1536,911,835,1388,404,611,1727,975,1044,1299,202,1901,1970,1999,2277,2332,2432,2459,2665,2853,2918,2963,2981,3263,3361,3469,3486,3670,
276:584,1675,1735,18,308,2599,2562,3681,2643,1742,3619,839,1505,1844,908,3078,3388,2714,3322,3440,
703:22,1456,1190,340,2669,2310,1646,2765,571,629,1487,1077,2634,1993,969,1759,234,1587,2762,845,597,1546,2637,1728,2946,3096,3112,3114,3537,3687,
666:143,1275,291,1573,694,2289,1978,2446,2914,1259,809,2816,898,1815,2855,2529,1976,460,1284,558,322,
1977:1254,1713,1311,748,71,1347,985,1964,743,408,1739,196,1954,280,1278,1153,1450,1766,2302,2341,2402,2436,2473,2582,2659,2761,2814,3015,3121,3278,3374,3588,
299:1100,2258,409,56,10,2971,2847,1918,1221,1056,1387,2664,1821,1817,2431,702,1155,634,3237,3321,
1453:744,761,141,2197,38,2388,1756,1399,1326,1328,604,554,2081,294,1264,277,2369,1769,869,2087,1214,1439,2584,2685,2691,2716,2809,3167,3212,3393,3423,3446,3532,3653,
2410:2210,335,1533,840,1452,74,203,2409,2313,610,685,471,860,2334,1057,1904,1754,1617,1509,2433,2435,2720,2912,2993,3149,3255,3607,3655,3662,
1479:730,77,1934,298,1931,2254,1319,3176,1613,3141,1258,329,1478,2437,569,1670,3070,2522,684,1312,2955,937,1960,1431,195,3331,3430,3466,3481,3554,
1013:1404,888,1718,420,2225,1903,134,732,1541,653,833,1684,1544,230,842,2311,2354,1461,415,768,1605,1352,804,1268,2193,2395,2658,2696,2712,2734,2810,2846,2892,2910,3295,3484,3587,3666,
2355:156,453,932,1874,1427,1373,766,665,401,617,2173,1722,1012,2319,940,2297,2524,2593,2687,2895,3087,3216,3244,3301,3485,3684,
1676:53,1501,285,1942,1285,84,1958,1123,1827,799,696,1590,2640,659,1151,1692,1108,320,1178,147,2735,2763,3111,3200,3209,3231,3419,3572,3654,3731,
2641:825,385,2360,2025,2560,2005,1711,1816,2566,572,722,2139,2023,1092,218,2495,1778,1104,578,1280,2102,2759,3058,3097,3399,3683,3708,3734,
2972:176,2175,550,2657,2935,2267,1362,1622,1051,135,1743,1839,1184,723,1197,887,428,843,384,1864,1998,2472,2091,3099,3166,3429,3478,3498,3524,3739,
2985:1235,832,490,2448,2984,1438,2330,2526,504,981,21,2377,1526,78,605,262,2998,3134,3147,3248,
3062:269,436,108,2191,2924,1535,2479,1158,2317,1580,1644,773,2996,3061,2706,636,3258,3543,
3177:512,2705,2333,1657,225,1930,577,2770,1148,941,2241,2784,3071,1610,1340,1717,3215,3274,3335,
3208:173,1907,2504,1392,998,2413,90,3207,1561,3155,1689,532,406,736,1572,1666,786,1726,3252,3411,3539,3582,3650,
3225:958,1592,3120,2777,2344,2730,46,378,2460,263,1467,2223,563,1517,3224,1271,2304,2263,2849,3046,3337,3648,
3442:212,250,2322,2039,174,1147,2994,1512,2261,465,850,583,2618,678,2952,1309,1915,1149,3505,3523,3544,
3445:3066,2863,3385,1985,1485,1195,1234,1096,2140,2773,344,824,978,272,2051,2532,1908,1342,541,1473,579,2620,2048,2574,1445,3494,3510,3512,3552,3700,
3500:2630,1634,3072,1963,3367,2206,949,608,2580,319,2231,112,2813,646,1071,1476,2655,1643,2148,3417,2476,3612,
3534:2294,2534,866,2507,962,2509,244,2491,416,1113,1567,1860,2270,1024,2600,1160,2246,1714,671,1911,848,3280,3575,3583,3628,
3550:150,1072,2767,829,284,3065,3549,1589,1841,1887,1723,3450,3044,1154,1379,3515,548,488,3420,2116,1922,3676,
3615:1882,1169,1067,2303,3433,2861,3172,1215,643,3614,104,1358,1946,1703,2725,2671,3511,3540,3561,
3682:3646,152,2158,727,379,1459,3501,759,1304,2886,1730,1962,2306,2328,1508,632,239,1457,2298,2417,3145,
