4	10 0 0 0 1 0 ,11 4
6	19 0 1 0 0 0 ,4 2
7	10 0 0 1 0 0 ,3 3
9	9 0 0 1 1 1 ,11 5,12 4,16 3
10	19 0 0 1 1 0 ,1 4,4 3
12	9 0 1 0 0 0 ,14 2
14	5 1 1 1 0 0 ,3 2,10 3,16 1
15	16 0 0 0 1 0 ,18 4
18	11 1 0 0 0 0 ,21 1
19	16 0 0 0 0 1 ,18 5
22	5 0 0 0 0 1 ,7 5
23	13 0 0 1 0 0 ,17 3
26	22 0 0 0 0 1 ,1 5
28	19 0 0 0 0 1 ,4 5
29	9 0 1 0 0 1 ,16 2,17 5
31	8 0 0 1 0 0 ,20 3
34	18 0 0 0 1 0 ,19 4
35	16 0 0 0 0 1 ,12 5
36	19 0 0 0 1 0 ,4 4
37	16 0 0 0 1 0 ,18 4
38	11 0 1 0 0 0 ,21 2
39	7 0 0 0 2 0 ,4 4,9 4
42	15 1 0 0 0 0 ,15 1
44	16 0 0 0 0 1 ,12 5
45	10 1 0 0 1 0 ,3 1,19 4
46	1 1 0 1 0 0 ,2 1,14 3
52	9 0 1 1 0 0 ,3 3,16 2
53	18 0 0 0 0 1 ,19 5
54	6 0 0 0 1 0 ,8 4
58	9 0 1 0 1 0 ,14 2,21 4
59	18 0 1 0 0 0 ,19 2
61	6 1 0 0 0 1 ,6 1,17 5
63	2 0 1 0 0 0 ,5 2
64	22 0 0 0 0 1 ,1 5
65	22 0 0 0 0 1 ,1 5
66	19 1 0 0 0 0 ,4 1
67	8 1 0 0 0 1 ,12 1,20 5
69	10 1 0 0 0 0 ,11 1
72	15 0 0 0 0 1 ,15 5
74	6 0 1 0 0 0 ,8 2
76	9 0 1 0 0 0 ,14 2
77	15 0 0 0 1 0 ,15 4
78	18 0 0 1 0 0 ,19 3
80	9 1 0 0 0 0 ,16 1
84	22 0 1 0 0 0 ,1 2
85	6 1 0 0 0 1 ,1 1,6 5
86	3 0 1 2 0 0 ,0 3,9 2,18 3
88	10 1 0 0 1 0 ,3 1,21 4
91	7 1 0 0 0 0 ,9 1
94	5 0 1 0 0 0 ,10 2
97	3 0 0 1 0 0 ,13 3
98	16 1 0 0 0 0 ,12 1
99	15 0 0 0 0 1 ,15 5
