1	14 0 0 0 1 0 ,20 4
3	13 0 0 0 0 2 ,12 5,25 5
4	14 0 0 0 1 0 ,27 4
5	12 0 2 0 0 1 ,19 2,23 5,30 2
7	5 0 1 0 0 0 ,21 2
8	22 0 0 0 1 0 ,26 4
9	15 0 0 0 0 1 ,8 5
10	21 0 0 1 0 0 ,25 3
11	15 0 1 0 0 0 ,8 2
12	22 0 0 0 0 1 ,26 5
13	5 1 0 0 0 0 ,9 1
14	5 1 0 1 0 0 ,2 3,24 1
15	10 0 0 0 1 1 ,17 4,23 5
16	6 1 0 0 1 0 ,12 1,28 4
17	10 0 0 1 1 0 ,0 4,2 3
18	10 0 1 0 0 0 ,3 2
19	12 1 0 0 1 0 ,0 4,20 1
20	5 2 1 1 0 0 ,5 2,7 1,9 1,29 3
22	12 0 1 0 0 1 ,14 2,23 5
23	10 1 0 1 0 1 ,4 5,5 1,11 3
24	10 0 0 1 0 0 ,11 3
25	15 0 0 0 1 0 ,8 4
26	9 1 0 0 0 2 ,6 1,19 5,22 5
27	15 1 0 0 0 1 ,4 1,5 5
28	8 0 1 0 1 0 ,14 4,15 2
29	8 1 0 0 0 0 ,15 1
31	10 1 0 0 0 1 ,2 1,18 5
33	8 0 0 1 0 1 ,29 3,30 5
34	12 1 0 0 0 0 ,0 1
36	10 0 0 0 0 1 ,3 5
37	11 0 0 1 1 0 ,1 4,23 3
40	11 1 0 0 0 0 ,1 1
41	14 0 0 0 0 1 ,27 5
42	21 0 1 0 1 0 ,25 2,26 4
43	13 1 1 0 1 0 ,5 2,7 1,20 4
44	12 1 0 1 0 0 ,0 1,18 3
45	19 0 0 1 0 0 ,22 3
46	5 0 1 1 0 0 ,21 3,26 2
47	19 1 0 1 0 0 ,22 3,23 1
48	22 0 0 0 1 0 ,26 4
54	12 0 0 1 0 0 ,30 3
57	21 0 0 0 1 0 ,25 4
58	10 0 0 1 0 0 ,16 3
60	10 0 1 0 0 1 ,4 5,17 2
64	9 1 3 0 0 0 ,1 2,6 2,16 2,20 1
65	21 0 0 1 0 0 ,25 3
66	11 1 0 0 0 0 ,1 1
67	4 0 1 0 2 1 ,13 4,19 4,27 5,30 2
68	19 0 1 0 0 0 ,22 2
70	13 0 0 0 0 1 ,18 5
72	16 0 0 1 0 0 ,4 3
74	10 0 0 0 1 0 ,17 4
75	10 0 0 1 0 0 ,3 3
76	9 0 0 0 1 1 ,6 5,11 4
77	5 2 1 0 1 1 ,0 2,6 1,9 1,20 4,22 5
78	16 1 0 0 0 0 ,4 1
79	12 0 0 0 0 1 ,14 5
80	15 0 1 0 0 1 ,5 2,23 5
81	15 0 1 0 1 0 ,8 2,19 4
82	10 1 0 0 0 1 ,2 1,7 5
83	5 2 1 0 0 1 ,4 1,9 2,12 5,14 1
84	8 1 0 0 0 0 ,29 1
85	10 0 0 0 0 1 ,16 5
86	8 2 0 2 0 0 ,5 3,15 1,26 3,29 1
87	6 0 1 1 0 0 ,1 3,28 2
88	13 0 0 0 0 1 ,7 5
89	5 0 2 0 1 0 ,2 2,12 2,24 4
90	18 0 0 1 0 0 ,19 3
92	8 2 0 0 0 0 ,7 1,15 1
93	21 0 0 0 1 0 ,25 4
95	15 0 1 0 0 0 ,8 2
97	5 1 0 0 0 1 ,10 5,22 1
99	8 0 0 1 0 0 ,15 3
