2	12 1 2 0 0 0 ,1 2,16 1,25 2
4	12 0 1 0 0 1 ,23 2,34 5
5	15 0 0 0 0 1 ,6 5
6	15 0 0 0 0 2 ,6 5,33 5
7	12 0 1 0 1 0 ,3 4,14 2
8	23 0 0 0 1 0 ,2 4
9	12 1 2 0 0 0 ,26 2,32 1,33 2
10	1 1 1 0 0 0 ,9 2,20 1
11	16 0 0 1 0 0 ,16 3
12	6 1 0 1 0 0 ,0 3,8 1
13	3 0 1 0 0 0 ,4 2
14	5 1 0 1 1 0 ,1 1,11 4,31 3
15	3 0 0 2 0 0 ,6 3,28 3
16	9 0 0 0 1 0 ,0 4
17	3 0 0 1 0 2 ,18 3,31 5,34 5
18	12 0 0 0 2 0 ,7 4,12 4
19	13 0 0 1 0 1 ,3 3,27 5
21	18 0 0 0 1 0 ,31 4
22	23 0 0 0 0 1 ,7 5
23	18 1 0 0 0 1 ,7 1,33 5
24	4 0 0 1 1 0 ,23 3,29 4
25	12 0 0 0 1 0 ,32 4
26	14 0 0 1 0 0 ,21 3
27	16 0 0 0 0 1 ,16 5
31	15 0 2 0 0 0 ,1 2,16 2
34	9 1 0 0 1 0 ,15 1,25 4
35	9 0 0 1 0 2 ,2 5,10 5,33 3
37	15 1 0 0 0 0 ,27 1
38	12 1 0 0 0 0 ,26 1
42	14 0 0 0 2 1 ,7 5,21 4,31 4
43	3 1 0 1 0 1 ,4 1,12 3,22 5
45	12 0 0 0 1 0 ,25 4
46	6 0 0 0 1 1 ,5 4,27 5
47	23 0 0 0 1 0 ,7 4
48	9 2 0 0 2 0 ,2 4,15 1,17 4,31 1
52	5 1 0 0 1 0 ,11 1,21 4
56	14 1 0 0 0 0 ,21 1
57	9 0 0 0 0 1 ,15 5
58	8 0 0 1 1 0 ,9 4,14 3
59	12 0 0 0 0 1 ,12 5
61	12 0 1 0 0 0 ,26 2
62	13 0 1 0 0 0 ,23 2
63	13 0 0 0 1 0 ,23 4
64	15 1 0 2 0 0 ,16 3,27 1,33 3
65	16 0 0 0 0 1 ,17 5
66	13 1 1 0 0 0 ,3 2,6 1
67	6 0 2 0 0 0 ,5 2,16 2
68	5 1 0 0 0 1 ,19 5,23 1
69	9 0 0 0 0 2 ,13 5,14 5
71	12 0 1 0 0 1 ,2 5,25 2
73	12 0 0 0 1 1 ,17 4,26 5
74	4 1 0 1 0 0 ,24 1,32 3
75	6 1 2 0 0 1 ,8 5,22 2,23 1,34 2
76	18 1 0 0 1 0 ,2 4,31 1
77	9 0 0 0 1 1 ,1 5,10 4
80	15 0 0 0 0 1 ,1 5
83	12 0 1 0 0 0 ,14 2
84	4 0 1 0 0 0 ,24 2
85	15 0 0 1 0 0 ,27 3
86	16 0 0 1 0 0 ,17 3
87	9 0 2 0 0 0 ,13 2,15 2
90	15 1 0 0 0 0 ,6 1
91	4 0 0 0 1 0 ,30 4
92	23 1 0 0 1 0 ,2 1,7 4
93	4 1 1 0 0 0 ,9 2,24 1
95	9 0 1 0 1 0 ,13 2,32 4
96	13 0 0 0 1 0 ,3 4
97	12 0 1 0 0 0 ,26 2
98	9 0 2 0 0 0 ,0 2,21 2
