1	13 0 1 0 0 0 ,18 2
2	9 0 1 0 0 0 ,16 2
3	7 1 0 0 0 1 ,25 1,29 5
4	13 1 0 0 0 0 ,18 1
5	5 1 0 2 0 0 ,4 1,6 3,15 3
6	13 0 0 0 1 0 ,12 4
8	7 0 1 0 1 2 ,10 5,16 4,18 5,24 2
9	13 0 0 1 0 0 ,2 3
10	1 2 1 0 1 0 ,0 2,10 4,13 1,28 1
11	5 1 1 0 2 0 ,5 1,10 4,25 2,27 4
12	13 0 0 0 0 1 ,20 5
13	13 0 0 0 0 1 ,7 5
14	5 0 1 1 1 0 ,4 2,5 4,21 3
15	16 0 1 1 0 0 ,3 3,10 2
16	13 1 0 0 0 0 ,7 1
17	15 0 0 0 0 1 ,17 5
19	9 2 0 1 0 0 ,0 3,11 1,16 1
20	2 1 0 1 0 0 ,1 3,13 1
22	3 0 0 1 0 0 ,9 3
25	7 1 0 0 0 0 ,24 1
26	13 0 0 0 0 2 ,11 5,12 5
27	13 0 1 0 0 0 ,20 2
28	13 1 0 0 1 0 ,7 1,30 4
30	14 0 1 0 0 0 ,11 2
32	2 1 1 0 0 0 ,20 1,26 2
33	14 1 0 0 0 0 ,11 1
35	5 2 1 0 0 1 ,0 5,1 2,18 1,21 1
36	11 0 1 0 0 0 ,22 2
37	16 0 0 0 1 0 ,19 4
38	16 0 0 0 1 0 ,19 4
39	13 0 1 0 0 0 ,7 2
40	16 0 0 0 1 0 ,3 4
41	11 0 0 1 0 0 ,22 3
42	13 0 1 0 0 0 ,20 2
43	8 0 0 0 1 0 ,14 4
44	15 0 0 0 0 1 ,17 5
45	7 0 1 0 0 1 ,21 5,24 2
48	14 0 0 0 0 1 ,30 5
49	13 1 0 0 0 0 ,18 1
51	17 0 0 1 0 0 ,29 3
52	16 0 0 0 1 0 ,27 4
53	16 0 0 0 1 0 ,27 4
54	16 0 1 0 0 0 ,3 2
58	9 1 1 0 0 0 ,2 1,16 2
61	7 1 0 1 0 0 ,6 3,25 1
62	3 0 1 1 0 0 ,8 3,12 2
63	7 0 0 1 1 0 ,11 3,15 4
64	11 0 0 1 0 1 ,0 3,6 5
65	11 2 0 0 0 0 ,3 1,22 1
67	16 0 1 0 0 0 ,27 2
68	13 0 0 0 1 0 ,2 4
69	16 0 0 0 1 0 ,19 4
70	5 0 1 0 0 0 ,4 2
71	15 0 1 0 1 0 ,17 2,29 4
73	11 0 0 1 0 1 ,20 3,22 5
75	19 0 0 1 0 0 ,21 3
76	13 0 0 0 0 1 ,2 5
78	19 0 1 0 0 0 ,21 2
79	16 0 1 0 0 0 ,27 2
80	15 0 0 1 0 0 ,17 3
81	8 0 1 0 0 1 ,14 2,30 5
82	4 0 0 0 1 1 ,23 4,29 5
84	13 0 0 1 0 0 ,18 3
85	19 0 0 0 0 1 ,21 5
86	7 0 1 0 0 0 ,24 2
87	13 0 1 0 0 0 ,12 2
89	8 0 1 0 0 0 ,14 2
90	13 0 0 0 1 0 ,7 4
93	14 0 1 0 0 0 ,11 2
94	16 1 0 0 1 0 ,10 1,19 4
98	7 0 1 1 0 0 ,3 2,25 3
99	16 0 0 0 1 0 ,3 4
