0	6 1 0 1 1 0 ,1 3,12 4,19 1
1	6 1 0 0 0 0 ,19 1
2	11 0 0 0 0 1 ,3 5
3	3 1 0 0 1 0 ,6 1,18 4
4	11 0 1 0 0 1 ,3 2,16 5
6	6 1 0 0 0 0 ,13 1
7	19 0 1 0 0 0 ,18 2
9	3 0 0 1 0 0 ,8 3
10	9 1 0 0 0 0 ,0 1
13	15 0 1 0 0 0 ,16 2
14	9 1 0 0 0 1 ,0 5,1 1
15	15 0 1 0 0 0 ,16 2
17	7 0 0 0 0 1 ,15 5
22	21 0 0 0 0 1 ,9 5
24	15 0 0 1 0 0 ,16 3
26	9 1 1 0 0 0 ,2 1,3 2
27	9 0 0 0 0 1 ,2 5
28	12 0 1 0 0 0 ,4 2
30	12 1 0 0 0 0 ,4 1
31	21 0 0 0 0 1 ,9 5
32	11 0 0 0 1 1 ,1 5,12 4
34	19 0 0 0 0 1 ,18 5
35	11 0 0 1 0 0 ,12 3
37	6 0 1 0 0 0 ,14 2
40	7 0 1 0 0 0 ,15 2
41	6 0 0 1 1 0 ,9 4,14 3
45	21 0 0 0 0 1 ,9 5
48	13 0 0 0 1 0 ,7 4
50	15 0 0 1 0 0 ,16 3
58	6 1 0 0 1 0 ,4 4,14 1
61	4 0 0 0 2 0 ,5 4,19 4
64	19 0 0 0 1 0 ,18 4
65	5 0 0 0 0 1 ,10 5
66	11 1 0 0 0 0 ,3 1
72	9 0 0 1 0 0 ,0 3
73	13 0 0 0 1 0 ,7 4
74	6 0 1 0 0 0 ,13 2
76	9 0 0 0 0 1 ,17 5
78	9 0 0 1 0 0 ,2 3
81	12 0 0 1 0 1 ,1 3,4 5
82	6 0 0 1 0 0 ,13 3
84	11 1 0 0 0 0 ,3 1
86	3 0 1 0 0 0 ,6 2
87	4 0 0 0 1 0 ,11 4
90	13 0 0 0 0 1 ,7 5
93	9 0 0 0 1 0 ,17 4
95	21 0 1 0 0 0 ,9 2
97	19 0 0 0 1 0 ,18 4
