0	6 0 0 0 1 0 ,13 4
2	22 0 1 0 0 0 ,18 2
3	9 0 2 1 0 0 ,8 2,11 3,21 2
5	5 0 0 0 0 1 ,17 5
6	22 0 0 0 1 0 ,18 4
7	10 1 1 0 0 0 ,14 1,22 2
9	16 0 0 0 1 0 ,7 4
11	10 0 1 0 0 0 ,16 2
13	3 2 0 2 1 0 ,0 3,1 1,8 1,12 4,18 3
16	20 1 0 0 0 0 ,10 1
17	9 0 1 0 0 0 ,11 2
18	3 1 0 0 0 0 ,20 1
20	9 1 0 1 0 0 ,12 1,21 3
21	6 1 0 0 1 0 ,13 1,14 4
22	22 0 0 1 0 0 ,18 3
23	9 1 0 0 1 0 ,22 1,23 4
24	10 0 0 0 0 1 ,16 5
25	7 0 0 0 1 2 ,1 4,5 5,9 5
26	20 0 0 0 2 0 ,3 4,10 4
27	22 0 1 0 0 0 ,4 2
29	23 0 0 0 1 0 ,6 4
31	10 0 0 0 0 2 ,1 5,9 5
33	8 0 1 0 0 1 ,2 2,18 5
35	9 1 0 0 0 0 ,11 1
36	10 0 0 0 1 1 ,8 5,22 4
38	10 0 1 0 1 0 ,19 4,21 2
39	23 0 0 1 0 0 ,6 3
41	8 1 0 0 1 1 ,2 1,6 4,9 5
49	20 0 0 0 0 1 ,10 5
51	12 0 0 0 1 0 ,8 4
52	20 0 0 0 1 1 ,4 5,10 4
53	3 1 1 1 0 0 ,14 3,19 2,20 1
55	9 0 0 1 0 0 ,11 3
57	10 0 0 1 0 0 ,19 3
58	8 1 0 0 0 0 ,2 1
59	9 0 0 1 0 0 ,12 3
62	3 1 0 0 0 0 ,20 1
63	7 0 1 0 0 1 ,3 5,5 2
64	23 0 1 0 0 0 ,6 2
65	9 1 0 0 0 0 ,12 1
66	22 0 1 0 0 0 ,4 2
68	18 0 0 0 1 0 ,21 4
70	21 0 0 1 0 0 ,3 3
73	22 0 0 0 0 1 ,4 5
75	22 0 0 1 0 0 ,4 3
76	8 0 0 0 1 0 ,2 4
77	20 0 0 0 1 0 ,10 4
78	10 0 0 1 0 0 ,22 3
79	4 1 0 0 1 0 ,13 1,15 4
81	21 0 1 0 0 0 ,3 2
82	23 0 0 0 0 1 ,6 5
84	21 0 1 0 0 1 ,4 5,9 2
85	9 1 1 0 0 0 ,3 2,23 1
86	20 0 1 1 0 1 ,3 5,9 3,10 2
87	16 0 0 0 0 1 ,7 5
89	16 0 0 1 0 1 ,7 3,18 5
90	18 0 0 0 1 0 ,21 4
92	10 2 0 0 0 0 ,9 1,19 1
93	11 0 0 1 0 0 ,14 3
94	23 0 0 0 0 1 ,6 5
95	10 0 0 2 0 0 ,16 3,21 3
97	9 0 0 0 1 0 ,23 4
98	16 0 0 0 1 0 ,7 4
