2	1 2 0 0 0 0 ,2 1,10 1
3	18 0 0 0 1 0 ,1 4
6	15 1 1 0 0 1 ,3 1,8 2,13 5
7	15 0 2 0 0 0 ,3 2,24 2
9	9 0 0 1 1 0 ,13 3,20 4
10	12 1 0 0 0 0 ,18 1
11	15 0 0 0 1 0 ,19 4
12	15 0 0 1 0 0 ,22 3
14	12 0 0 0 0 1 ,18 5
15	18 0 0 0 1 0 ,1 4
21	10 0 1 1 0 0 ,17 3,25 2
24	19 0 0 0 0 1 ,8 5
25	4 0 0 1 0 1 ,7 5,16 3
26	15 0 1 0 0 0 ,3 2
27	18 1 0 0 0 0 ,1 1
28	10 2 1 0 0 0 ,0 1,15 2,17 1
29	10 2 0 0 0 0 ,7 1,25 1
30	19 0 0 1 0 0 ,8 3
33	15 0 0 1 1 0 ,15 3,19 4
34	10 0 1 2 0 0 ,1 3,24 3,25 2
35	15 0 0 1 0 1 ,15 3,22 5
36	7 0 0 0 1 0 ,23 4
37	9 0 0 0 0 1 ,20 5
38	7 0 2 0 0 0 ,5 2,23 2
39	4 1 0 0 0 0 ,16 1
41	19 0 0 1 0 0 ,8 3
42	19 0 0 0 1 0 ,8 4
44	17 0 0 0 0 1 ,24 5
46	15 0 0 0 1 0 ,22 4
48	19 0 0 0 0 1 ,17 5
49	7 2 1 0 0 0 ,13 1,17 2,23 1
50	9 1 0 0 0 0 ,5 1
53	8 0 0 1 0 0 ,4 3
54	3 0 0 1 1 1 ,4 4,9 3,15 5
56	6 0 1 0 0 0 ,21 2
57	5 0 0 1 0 0 ,12 3
60	20 0 0 0 0 1 ,13 5
61	16 0 0 1 2 0 ,7 4,13 3,15 4
62	5 1 0 1 0 0 ,5 3,12 1
63	10 1 0 0 0 1 ,7 1,25 5
65	11 0 0 2 1 1 ,1 5,3 4,14 3,17 3
66	19 0 1 0 0 0 ,8 2
68	4 0 0 0 1 0 ,6 4
69	10 0 0 0 0 1 ,0 5
70	15 0 1 0 0 0 ,19 2
72	15 1 0 1 0 0 ,19 1,24 3
74	16 0 0 0 0 1 ,7 5
76	11 0 0 1 0 1 ,14 3,15 5
78	4 0 0 1 0 0 ,2 3
79	15 1 0 0 0 0 ,3 1
80	15 0 1 1 0 0 ,19 3,24 2
81	1 1 0 0 0 0 ,11 1
82	12 0 1 0 0 0 ,18 2
83	15 0 0 1 0 0 ,22 3
84	12 0 0 0 1 0 ,18 4
85	9 0 1 0 0 0 ,5 2
87	17 0 1 1 0 0 ,13 3,24 2
89	6 0 0 0 1 1 ,3 5,21 4
90	9 1 0 0 0 0 ,5 1
91	10 0 0 0 1 0 ,0 4
92	15 1 0 0 0 0 ,19 1
96	8 1 0 0 0 1 ,4 1,14 5
98	18 1 0 0 0 1 ,1 1,17 5
99	5 1 0 0 0 0 ,12 1
