4	2 0 1 0 1 0 ,11 4,14 2
8	12 1 0 0 0 0 ,3 1
9	9 0 0 0 1 1 ,13 4,15 5
10	11 0 0 1 0 0 ,10 3
11	6 0 1 0 1 0 ,0 2,2 4
12	16 0 0 2 0 0 ,12 3,13 3
15	11 0 0 1 0 0 ,4 3
16	12 0 1 0 0 0 ,3 2
21	5 0 0 0 1 0 ,17 4
22	14 0 0 0 1 0 ,18 4
23	5 1 0 0 0 1 ,3 5,6 1
24	13 0 0 0 1 0 ,1 4
26	17 0 0 1 0 0 ,11 3
28	7 0 0 0 1 0 ,21 4
29	12 0 0 0 1 0 ,9 4
30	12 0 0 2 0 0 ,1 3,3 3
33	14 0 0 0 1 0 ,18 4
35	11 0 2 2 0 0 ,1 2,9 3,10 3,13 2
36	22 0 1 0 0 0 ,19 2
38	18 0 0 1 0 0 ,12 3
40	12 1 0 0 0 0 ,9 1
41	16 0 1 0 0 0 ,13 2
43	2 0 2 0 0 0 ,5 2,11 2
46	17 0 0 0 1 0 ,2 4
48	9 0 1 1 1 0 ,9 2,13 3,15 4
49	18 1 0 0 0 0 ,12 1
50	14 1 0 0 0 0 ,18 1
51	17 0 0 0 1 0 ,11 4
52	5 1 0 0 1 0 ,19 4,20 1
53	5 1 0 0 0 0 ,20 1
55	11 0 1 0 0 0 ,10 2
58	12 0 1 0 0 0 ,9 2
59	16 0 1 0 0 0 ,13 2
60	2 1 1 0 1 0 ,6 4,7 2,18 1
62	18 0 0 1 0 0 ,12 3
66	11 1 0 0 0 0 ,10 1
68	9 0 0 0 1 0 ,8 4
69	11 1 0 0 0 1 ,4 1,12 5
70	22 0 0 0 0 1 ,19 5
71	11 0 0 0 1 2 ,4 5,18 4,19 5
72	5 0 0 1 0 1 ,2 5,20 3
73	9 0 1 0 0 0 ,8 2
75	6 0 0 0 0 1 ,22 5
76	13 1 0 0 0 1 ,1 1,19 5
79	22 1 0 0 0 0 ,19 1
80	1 1 0 1 0 0 ,8 3,16 1
81	13 0 1 0 0 0 ,1 2
83	17 0 0 0 1 0 ,2 4
84	18 0 0 1 0 0 ,12 3
89	5 1 0 0 0 0 ,17 1
91	6 1 0 0 1 0 ,0 4,3 1
93	6 2 0 0 0 0 ,1 1,22 1
95	11 0 1 0 0 0 ,10 2
97	7 0 0 1 0 0 ,21 3
98	17 0 0 0 1 0 ,11 4
99	11 0 1 0 0 0 ,4 2
