0	7 0 0 0 2 0 ,3 4,11 4
1	20 0 0 0 0 1 ,25 5
2	14 0 0 0 1 0 ,18 4
5	10 1 0 0 0 0 ,24 1
6	16 0 1 0 0 0 ,22 2
8	17 0 1 0 0 1 ,21 5,27 2
9	3 1 0 1 0 0 ,1 3,27 1
10	10 0 0 1 1 0 ,0 4,24 3
11	22 0 0 0 0 1 ,26 5
13	15 0 0 0 1 2 ,5 5,20 5,25 4
14	10 0 1 0 1 1 ,4 5,10 2,27 4
15	20 0 0 0 0 1 ,21 5
17	13 0 0 1 0 0 ,8 3
18	6 1 0 0 0 0 ,9 1
19	16 0 0 0 1 0 ,22 4
21	6 0 0 0 1 0 ,23 4
23	10 1 0 0 0 0 ,24 1
24	17 0 0 0 1 0 ,27 4
25	17 0 0 0 1 0 ,27 4
29	9 0 0 1 0 0 ,2 3
31	20 0 0 0 0 1 ,5 5
35	15 0 0 0 0 1 ,13 5
36	10 0 0 0 0 1 ,10 5
37	9 1 0 0 1 0 ,2 1,26 4
40	16 0 0 0 0 1 ,22 5
41	15 1 0 0 0 0 ,13 1
42	11 0 0 0 0 1 ,7 5
43	6 0 2 1 2 0 ,10 2,12 4,14 2,17 3,18 4
44	10 0 1 1 0 0 ,20 2,24 3
46	10 0 1 0 0 0 ,24 2
47	15 1 0 0 0 1 ,5 1,20 5
48	15 1 1 0 0 1 ,13 5,14 1,21 2
49	5 0 0 0 1 1 ,5 4,19 5
52	16 1 0 0 0 0 ,14 1
53	14 0 0 0 1 0 ,4 4
55	11 0 1 0 0 0 ,7 2
56	9 0 0 1 0 0 ,2 3
57	20 0 0 0 1 0 ,25 4
58	13 0 0 0 1 0 ,8 4
60	7 3 0 1 0 0 ,0 1,8 1,11 1,16 3
63	6 0 1 0 0 0 ,12 2
66	6 1 0 0 1 0 ,5 1,9 4
67	9 1 0 0 0 1 ,2 1,25 5
69	11 0 1 0 0 0 ,16 2
70	11 1 0 0 0 0 ,7 1
72	7 2 2 0 1 0 ,2 1,5 4,11 2,18 1,27 2
74	5 0 0 1 0 3 ,4 5,6 5,20 3,21 5
75	6 0 1 0 0 1 ,0 5,23 2
79	11 0 0 2 0 0 ,7 3,18 3
80	22 0 0 0 1 0 ,26 4
81	13 0 0 0 0 1 ,8 5
82	13 1 0 0 0 1 ,17 5,22 1
83	11 0 0 0 1 0 ,16 4
84	13 0 1 1 0 1 ,0 2,17 5,21 3
86	14 0 1 0 1 0 ,0 2,13 4
87	14 0 1 0 0 0 ,18 2
90	7 0 0 1 1 0 ,3 3,26 4
91	6 1 0 0 0 0 ,9 1
93	22 0 0 0 0 1 ,26 5
94	16 0 0 0 1 0 ,22 4
95	10 1 1 0 0 1 ,10 1,14 5,16 2
96	16 0 0 0 1 0 ,14 4
97	16 0 1 1 0 0 ,14 3,25 2
99	4 0 0 0 1 0 ,15 4
