1	6 0 1 0 1 0 ,0 2,11 4
6	13 0 0 1 0 0 ,6 3
7	11 0 0 1 0 0 ,0 3
9	12 0 0 0 1 0 ,4 4
10	6 1 0 0 0 0 ,20 1
13	6 1 0 0 1 0 ,12 4,20 1
15	15 0 1 0 0 0 ,9 2
18	7 1 0 0 0 0 ,8 1
19	12 0 0 0 0 1 ,7 5
20	12 1 0 0 0 1 ,7 1,17 5
22	6 0 1 0 0 0 ,11 2
25	7 1 0 0 0 0 ,19 1
26	7 0 0 0 1 1 ,2 4,8 5
28	25 0 0 1 0 0 ,1 3
29	14 0 0 1 1 0 ,9 4,21 3
30	25 0 0 0 0 1 ,1 5
31	15 0 0 0 0 1 ,9 5
33	12 1 0 0 0 0 ,4 1
34	7 0 0 0 1 1 ,14 4,15 5
35	13 1 0 0 0 0 ,6 1
36	7 2 1 0 0 0 ,3 1,8 1,16 2
37	15 0 0 0 1 0 ,5 4
39	12 0 1 0 0 1 ,4 2,16 5
40	25 0 0 0 0 1 ,16 5
41	25 0 0 0 1 0 ,16 4
42	13 0 0 0 2 0 ,6 4,15 4
43	13 0 0 1 0 0 ,6 3
46	8 0 1 1 1 0 ,3 2,7 3,16 4
47	8 1 0 0 0 0 ,3 1
48	12 1 0 0 0 0 ,4 1
50	25 0 0 0 0 1 ,1 5
55	4 0 0 0 2 0 ,1 4,18 4
56	2 0 1 0 0 0 ,13 2
57	7 1 0 1 0 0 ,7 3,19 1
58	15 0 0 0 1 0 ,5 4
59	7 1 1 0 0 0 ,5 2,14 1
62	16 0 1 0 0 0 ,15 2
63	13 1 0 0 0 0 ,6 1
65	6 0 0 0 1 0 ,20 4
67	14 0 0 0 1 0 ,21 4
70	12 0 0 1 0 0 ,17 3
71	11 0 0 0 0 1 ,12 5
72	15 0 0 1 0 0 ,9 3
77	4 0 0 0 1 1 ,10 4,19 5
78	7 0 2 0 0 0 ,3 2,14 2
80	15 1 0 0 0 1 ,1 5,9 1
81	14 0 0 0 1 0 ,21 4
82	11 1 0 0 1 0 ,0 1,17 4
84	14 1 0 0 0 0 ,21 1
85	11 1 0 0 0 0 ,12 1
86	12 1 1 0 0 0 ,4 2,5 1
87	15 0 0 1 0 0 ,5 3
88	8 0 1 0 1 0 ,2 4,3 2
89	12 0 1 0 0 0 ,4 2
90	25 0 0 0 0 1 ,16 5
92	11 1 0 1 0 1 ,0 5,1 3,5 1
93	14 1 1 0 0 0 ,15 1,21 2
96	11 1 0 0 0 0 ,12 1
97	13 1 0 0 1 0 ,6 1,15 4
