0	10 0 1 0 0 0 ,4 2
2	4 0 1 0 0 0 ,5 2
5	16 1 0 0 0 0 ,16 1
6	12 0 0 0 0 1 ,12 5
7	7 1 2 0 0 0 ,3 1,21 2,22 2
10	8 0 1 1 0 0 ,4 3,15 2
11	4 1 0 1 0 0 ,11 1,14 3
12	8 2 0 0 0 0 ,19 1,22 1
13	8 0 0 1 0 0 ,22 3
15	9 0 0 1 0 0 ,14 3
18	6 1 0 0 0 0 ,0 1
21	13 1 0 0 1 0 ,10 1,16 4
23	13 0 1 0 0 0 ,1 2
24	19 0 1 0 0 0 ,21 2
26	12 0 0 0 0 1 ,12 5
27	16 0 1 0 0 0 ,16 2
28	16 0 0 0 0 1 ,16 5
30	10 1 0 0 0 0 ,17 1
32	3 2 0 0 0 0 ,0 1,18 1
33	10 0 0 1 0 1 ,7 3,10 5
34	13 0 0 0 1 0 ,10 4
35	7 0 1 0 0 0 ,3 2
36	5 0 2 0 0 0 ,6 2,12 2
38	14 0 0 0 0 1 ,19 5
40	5 1 0 0 0 0 ,2 1
41	6 0 0 1 1 1 ,0 3,7 4,21 5
43	19 0 0 1 0 0 ,21 3
44	8 1 0 0 0 0 ,22 1
45	6 1 0 0 0 0 ,0 1
47	5 1 0 0 0 0 ,2 1
48	9 0 0 1 2 0 ,10 3,13 4,17 4
50	14 0 1 0 0 0 ,19 2
51	10 1 0 0 0 0 ,7 1
53	3 1 1 0 0 0 ,15 1,18 2
54	16 1 0 0 0 0 ,9 1
57	13 0 0 0 1 0 ,1 4
59	9 0 0 0 0 1 ,13 5
62	14 0 0 0 0 2 ,9 5,19 5
63	10 0 1 0 0 1 ,16 2,20 5
66	5 1 1 0 0 1 ,2 1,7 2,17 5
67	8 0 0 1 0 0 ,15 3
70	14 1 0 0 0 0 ,19 1
71	5 0 0 1 0 0 ,6 3
77	5 0 1 0 0 1 ,2 2,9 5
78	9 0 0 1 0 0 ,14 3
79	10 0 1 0 0 1 ,9 2,20 5
80	13 0 0 0 0 1 ,1 5
81	4 0 0 0 1 0 ,8 4
82	4 0 0 1 0 0 ,11 3
83	8 0 1 0 0 0 ,15 2
86	13 0 1 0 0 0 ,1 2
87	19 0 0 0 0 1 ,21 5
90	4 1 1 0 0 0 ,5 2,22 1
91	16 0 1 0 0 0 ,16 2
96	7 0 1 0 1 0 ,3 4,21 2
98	10 0 0 1 1 0 ,4 4,9 3
99	10 1 0 0 0 0 ,4 1
