0	11 0 0 1 1 0 ,1 4,34 3
1	6 0 1 0 0 0 ,2 2
2	12 0 0 1 0 0 ,20 3
3	7 0 0 0 0 2 ,11 5,37 5
4	11 0 0 0 1 0 ,17 4
5	15 0 0 0 1 0 ,35 4
7	4 0 1 1 2 0 ,20 4,22 4,23 2,24 3
8	5 1 1 0 1 1 ,12 5,14 2,31 1,37 4
9	16 0 0 1 2 0 ,1 4,5 4,30 3
10	15 0 0 1 0 0 ,18 3
11	21 0 1 0 0 0 ,16 2
12	3 1 0 1 0 1 ,25 5,26 3,36 1
13	11 1 0 0 0 2 ,12 5,18 5,34 1
14	4 1 0 0 0 0 ,21 1
16	11 0 1 1 0 0 ,3 3,17 2
17	4 0 0 1 1 0 ,3 4,32 3
18	11 0 1 1 0 0 ,12 2,34 3
20	20 0 0 2 0 0 ,5 3,37 3
22	17 0 1 0 0 0 ,23 2
25	21 0 1 0 0 0 ,16 2
26	17 0 0 0 0 1 ,23 5
28	22 0 0 0 1 0 ,37 4
29	11 1 0 0 1 0 ,4 1,28 4
30	6 0 0 1 0 0 ,2 3
31	11 0 1 1 0 1 ,9 5,14 2,18 3
32	16 0 0 1 1 0 ,5 3,13 4
33	12 0 0 1 0 1 ,3 3,16 5
35	15 0 0 0 1 0 ,18 4
36	16 1 0 0 0 0 ,13 1
37	15 1 0 0 1 0 ,12 4,35 1
38	17 0 1 0 0 0 ,23 2
39	11 0 1 0 1 1 ,1 4,16 5,28 2
40	10 1 1 0 1 0 ,5 2,19 4,30 1
41	13 0 0 0 0 1 ,25 5
43	7 0 0 0 1 0 ,27 4
44	18 0 0 0 1 0 ,1 4
46	11 0 0 1 0 0 ,22 3
47	3 1 0 1 0 0 ,30 1,33 3
48	13 1 0 0 0 0 ,4 1
50	15 0 1 0 0 0 ,35 2
51	11 0 0 0 1 0 ,28 4
52	3 1 1 0 0 0 ,24 1,36 2
53	1 1 0 1 0 0 ,7 1,9 3
54	22 0 0 0 0 1 ,37 5
55	10 0 0 0 1 0 ,19 4
56	12 1 2 0 0 0 ,3 1,20 2,35 2
57	5 0 0 1 0 2 ,6 5,9 5,17 3
62	11 0 0 0 2 0 ,13 4,14 4
63	7 1 0 0 0 0 ,11 1
64	7 0 0 1 0 0 ,27 3
65	4 0 1 1 1 0 ,12 2,21 3,34 4
66	2 0 1 1 1 0 ,4 3,8 2,30 4
67	3 1 1 2 0 0 ,0 3,11 1,22 2,30 3
68	17 0 0 1 0 0 ,23 3
69	3 0 1 0 0 0 ,29 2
70	7 0 0 0 1 1 ,9 4,10 5
74	7 0 1 0 0 0 ,10 2
75	4 1 0 1 1 1 ,2 1,13 5,15 4,20 3
76	20 0 0 0 1 0 ,5 4
77	3 1 0 0 0 0 ,29 1
78	4 2 0 0 0 0 ,13 1,32 1
79	17 0 0 1 0 0 ,23 3
80	18 0 1 0 0 0 ,1 2
81	10 0 1 0 0 0 ,19 2
82	22 1 0 0 0 0 ,37 1
83	11 0 1 0 0 0 ,22 2
84	12 1 0 0 1 0 ,3 1,30 4
87	11 1 1 1 0 1 ,16 2,25 3,28 1,35 5
91	11 1 0 0 0 0 ,14 1
92	16 1 0 1 0 0 ,12 3,13 1
93	6 1 0 1 1 0 ,4 4,26 3,35 1
94	11 0 1 0 0 0 ,14 2
97	13 0 0 0 2 1 ,4 4,5 4,16 5
99	5 0 1 0 1 0 ,17 2,31 4
