1	3 0 0 1 0 0 ,7 3
2	2 1 0 0 0 1 ,11 1,30 5
3	9 0 0 1 0 0 ,28 3
4	1 1 0 0 0 0 ,24 1
8	6 0 0 0 0 1 ,12 5
9	9 1 0 0 0 2 ,1 1,6 5,15 5
10	20 0 1 0 0 0 ,29 2
12	14 0 0 0 1 0 ,16 4
14	14 0 2 1 0 0 ,2 3,9 2,25 2
16	2 1 0 0 0 0 ,11 1
18	7 0 2 1 0 0 ,5 2,13 3,27 2
20	6 0 0 0 1 1 ,18 5,26 4
21	20 0 0 0 0 1 ,29 5
22	20 0 0 0 1 0 ,29 4
23	7 0 1 1 0 0 ,5 2,9 3
24	17 0 1 0 0 0 ,27 2
28	11 0 0 1 0 1 ,13 5,22 3
29	10 1 1 0 1 0 ,2 2,20 1,30 4
30	9 0 0 0 1 0 ,28 4
32	10 1 0 1 0 1 ,16 1,17 3,20 5
34	19 0 1 0 0 0 ,17 2
35	7 1 0 0 0 0 ,5 1
36	19 0 0 0 0 1 ,17 5
38	6 1 0 0 0 1 ,12 1,25 5
39	17 2 0 0 0 1 ,26 5,27 1,30 1
41	5 0 0 1 0 0 ,19 3
42	22 0 0 0 1 0 ,26 4
43	10 1 0 1 1 2 ,13 1,14 5,20 3,26 5,27 4
44	19 0 0 1 0 0 ,17 3
48	22 0 0 1 0 0 ,26 3
49	16 0 0 0 0 1 ,2 5
50	1 1 1 0 0 0 ,14 2,21 1
51	20 0 0 1 0 0 ,29 3
52	12 0 0 0 0 1 ,1 5
54	9 1 1 0 0 0 ,26 1,28 2
56	9 0 2 0 0 0 ,15 2,17 2
57	20 0 1 0 0 0 ,30 2
61	7 1 0 0 0 0 ,5 1
62	20 0 0 0 0 1 ,30 5
63	6 1 0 0 0 0 ,3 1
64	23 0 0 0 0 1 ,6 5
65	12 0 1 1 0 0 ,0 2,27 3
66	10 1 1 0 0 0 ,14 2,20 1
67	9 0 1 0 0 0 ,15 2
68	12 0 0 0 0 2 ,0 5,6 5
70	1 1 0 0 0 0 ,4 1
71	14 0 1 0 0 0 ,16 2
72	12 1 1 0 1 0 ,1 2,8 1,14 4
73	6 1 0 0 1 0 ,2 1,3 4
74	20 1 0 0 0 0 ,29 1
75	12 0 1 0 1 0 ,1 2,6 4
76	5 0 1 0 0 1 ,19 2,25 5
77	14 0 0 2 0 0 ,9 3,22 3
78	2 1 0 0 1 0 ,17 4,23 1
79	14 0 1 1 0 0 ,14 2,22 3
80	9 2 0 2 0 0 ,1 1,9 3,10 1,14 3
81	17 0 0 0 0 1 ,27 5
82	20 0 0 0 0 1 ,29 5
83	6 1 0 0 0 1 ,3 1,22 5
84	16 0 0 1 0 1 ,8 5,30 3
85	9 1 0 0 0 0 ,10 1
87	12 1 0 0 0 0 ,1 1
88	11 0 1 0 0 0 ,13 2
89	9 1 0 0 0 1 ,2 5,10 1
90	2 1 0 0 1 0 ,16 4,23 1
91	12 0 0 0 0 2 ,0 5,8 5
92	16 0 0 0 1 0 ,25 4
93	14 1 0 0 0 0 ,9 1
96	9 1 0 0 1 0 ,6 4,10 1
97	9 0 1 1 0 2 ,8 5,9 2,10 5,16 3
98	6 2 0 0 0 0 ,5 1,18 1
