0	1 3 0 0 0 1 ,2 5,6 1,11 1,21 1
2	3 0 0 1 0 0 ,24 3
4	14 0 0 0 1 1 ,9 5,13 4
5	13 0 0 0 1 0 ,14 4
6	9 0 0 1 1 0 ,7 3,16 4
8	14 1 0 0 0 1 ,2 1,13 5
9	12 0 1 0 1 0 ,1 4,22 2
10	4 0 0 1 0 0 ,6 3
12	19 0 0 0 0 1 ,2 5
13	20 0 0 0 0 1 ,9 5
14	18 0 1 0 0 0 ,16 2
16	12 0 0 0 0 1 ,22 5
19	5 0 1 0 0 0 ,17 2
20	18 0 0 0 0 1 ,1 5
23	20 1 0 0 0 0 ,9 1
25	19 1 0 0 0 0 ,2 1
27	18 0 1 0 0 0 ,16 2
28	9 1 1 0 1 0 ,1 1,7 2,25 4
30	13 1 0 0 0 0 ,14 1
33	7 0 0 1 0 1 ,4 3,20 5
35	26 0 1 0 0 0 ,5 2
37	5 0 1 1 0 0 ,0 2,17 3
39	9 0 1 0 2 0 ,0 4,15 2,22 4
40	10 0 2 0 0 0 ,3 2,14 2
45	18 0 0 0 0 2 ,5 5,10 5
46	7 0 0 0 0 1 ,18 5
48	13 0 1 0 0 0 ,8 2
50	12 1 0 0 0 0 ,22 1
51	4 0 2 0 0 0 ,0 2,12 2
52	10 0 0 1 0 1 ,3 5,14 3
54	18 0 0 1 0 1 ,9 5,16 3
56	7 0 0 0 1 0 ,4 4
57	18 0 0 0 1 0 ,10 4
58	7 1 0 0 0 0 ,18 1
59	19 0 0 1 0 0 ,2 3
61	19 0 0 0 1 0 ,2 4
63	9 1 0 0 0 0 ,7 1
64	18 0 1 0 0 0 ,10 2
65	18 0 1 0 0 0 ,1 2
66	10 0 0 1 0 0 ,3 3
67	18 0 0 1 0 0 ,10 3
69	14 0 0 0 0 1 ,20 5
70	13 0 0 0 0 1 ,8 5
71	4 2 0 0 1 0 ,0 1,10 4,12 1
73	7 1 0 1 0 0 ,18 1,20 3
74	20 1 0 0 0 0 ,9 1
77	9 0 0 1 0 2 ,7 3,16 5,25 5
78	10 1 0 0 0 0 ,25 1
79	13 0 0 1 0 0 ,8 3
80	2 0 1 0 0 0 ,23 2
81	18 0 1 0 0 0 ,1 2
82	14 1 0 0 0 0 ,20 1
83	18 0 0 0 1 0 ,1 4
84	14 0 0 0 0 1 ,13 5
85	11 0 0 0 0 1 ,15 5
86	18 0 1 0 0 0 ,16 2
88	26 0 0 0 1 0 ,5 4
90	4 1 0 1 0 0 ,8 3,12 1
91	20 0 0 1 0 0 ,9 3
92	26 0 0 0 0 1 ,5 5
93	5 0 0 0 1 2 ,5 5,15 4,19 5
96	26 0 0 0 0 1 ,5 5
98	6 0 0 1 0 1 ,11 5,14 3
