0	20 0 0 1 0 0 ,16 3
4	7 1 0 0 0 0 ,5 1
6	17 0 1 0 0 0 ,6 2
7	19 1 0 0 0 0 ,15 1
8	9 0 0 0 0 1 ,12 5
9	17 1 0 0 0 0 ,21 1
11	7 0 0 1 0 0 ,5 3
12	8 0 0 1 0 1 ,3 3,8 5
13	17 0 1 1 0 0 ,6 3,21 2
15	20 1 0 0 0 0 ,16 1
16	8 0 0 0 1 1 ,7 5,16 4
17	16 0 0 2 0 0 ,15 3,20 3
19	5 0 1 0 0 0 ,17 2
25	16 0 0 1 0 1 ,14 5,20 3
26	4 0 1 0 0 0 ,11 2
27	20 0 0 0 1 0 ,16 4
28	9 0 0 1 0 0 ,13 3
29	17 1 0 0 0 1 ,14 5,15 1
30	2 2 0 0 0 2 ,9 1,20 5,21 5,23 1
34	17 1 0 0 1 0 ,14 1,16 4
36	8 1 0 0 1 0 ,6 4,22 1
37	9 0 0 0 1 0 ,12 4
38	17 0 0 1 0 0 ,21 3
39	10 0 1 0 0 0 ,18 2
40	8 0 0 0 0 1 ,22 5
41	9 0 0 1 0 0 ,19 3
42	5 0 1 1 0 0 ,17 2,18 3
43	5 1 1 0 0 1 ,1 2,15 5,17 1
46	16 0 1 0 0 0 ,20 2
48	5 1 0 1 1 0 ,1 3,3 4,13 1
49	3 0 1 0 0 0 ,9 2
51	19 0 0 0 0 1 ,15 5
53	9 0 0 0 0 1 ,13 5
57	7 0 1 0 0 0 ,5 2
60	12 0 0 0 1 0 ,10 4
61	4 1 0 0 1 0 ,0 4,5 1
62	2 1 0 0 0 0 ,23 1
63	20 0 0 0 1 0 ,16 4
65	8 0 1 0 0 0 ,7 2
66	17 0 0 0 0 1 ,21 5
67	10 0 0 0 1 1 ,14 4,18 5
78	16 0 0 1 0 1 ,3 5,20 3
81	20 0 1 0 0 0 ,3 2
82	17 1 0 0 0 0 ,21 1
84	8 0 0 1 0 0 ,8 3
85	17 0 1 1 1 0 ,3 3,14 2,15 4
86	3 0 0 1 0 0 ,2 3
87	9 1 0 1 0 0 ,6 3,19 1
89	8 0 1 0 0 0 ,22 2
93	8 1 0 0 0 0 ,7 1
94	4 0 1 0 0 0 ,11 2
95	9 0 0 0 1 1 ,10 4,19 5
97	3 0 0 2 1 1 ,3 3,4 3,6 5,10 4
