0	3 0 0 1 0 1 ,12 3,24 5
3	14 0 0 0 0 2 ,6 5,8 5
4	3 0 1 1 0 0 ,3 2,18 3
5	11 0 0 1 1 0 ,13 3,26 4
6	19 0 0 1 0 0 ,22 3
7	17 0 0 2 0 0 ,3 3,7 3
10	11 2 0 0 0 0 ,9 1,19 1
11	4 1 0 0 0 0 ,14 1
14	11 1 0 0 0 0 ,9 1
15	11 0 1 0 0 1 ,0 5,9 2
17	4 1 0 0 1 0 ,11 1,21 4
18	5 2 0 0 0 0 ,9 1,17 1
20	8 1 1 1 1 0 ,6 2,10 3,13 1,19 4
23	16 0 0 0 0 1 ,2 5
24	17 0 0 0 1 0 ,7 4
25	14 0 0 1 0 0 ,0 3
29	14 0 0 0 0 1 ,6 5
30	6 0 1 0 0 1 ,7 5,11 2
33	8 1 0 0 0 0 ,10 1
36	22 0 0 1 0 0 ,8 3
37	19 0 0 0 0 1 ,22 5
38	9 0 0 0 1 0 ,5 4
40	4 2 2 0 1 0 ,1 2,2 1,7 4,14 2,15 1
45	8 0 0 0 1 0 ,10 4
46	13 0 1 0 0 0 ,23 2
48	12 0 1 0 1 0 ,19 2,22 4
49	13 0 1 0 0 0 ,23 2
50	8 0 1 0 0 0 ,1 2
51	12 0 0 0 0 1 ,19 5
52	4 1 0 0 0 2 ,3 5,14 1,27 5
53	17 1 0 0 0 0 ,3 1
54	19 0 1 0 0 0 ,22 2
56	14 1 0 0 0 0 ,6 1
57	18 1 0 0 0 0 ,27 1
58	11 0 0 0 0 2 ,13 5,15 5
59	22 0 0 0 0 1 ,8 5
60	18 0 0 0 1 0 ,27 4
61	11 0 0 1 0 0 ,9 3
62	19 0 1 0 0 0 ,22 2
63	6 0 0 1 0 0 ,11 3
66	19 0 0 1 0 1 ,8 5,22 3
68	16 0 0 0 1 0 ,2 4
69	14 0 1 0 1 0 ,0 4,2 2
70	18 0 1 0 0 0 ,27 2
71	17 1 0 0 0 0 ,7 1
73	3 0 0 1 0 1 ,5 5,25 3
74	13 0 0 1 0 0 ,23 3
75	5 0 0 0 1 0 ,17 4
77	3 1 1 1 0 0 ,6 1,15 2,20 3
80	11 0 0 1 1 0 ,9 3,27 4
81	17 0 0 0 1 0 ,3 4
82	8 0 0 0 2 0 ,1 4,23 4
83	17 0 1 0 0 0 ,3 2
86	14 0 1 0 1 0 ,0 2,8 4
90	16 0 0 0 0 1 ,15 5
91	2 0 1 1 1 0 ,4 4,15 3,16 2
92	11 0 0 0 1 0 ,26 4
93	16 0 0 0 1 0 ,2 4
94	11 0 2 0 0 0 ,13 2,23 2
95	18 0 1 0 0 0 ,27 2
99	11 0 0 1 0 0 ,26 3
