0	6 0 0 0 0 1 ,21 5
2	10 0 1 0 0 0 ,9 2
3	20 0 0 0 1 0 ,1 4
4	8 0 0 0 2 0 ,19 4,20 4
8	16 0 0 1 0 0 ,12 3
11	18 0 0 0 0 1 ,8 5
14	27 0 0 0 0 1 ,7 5
15	13 0 1 0 0 0 ,22 2
16	6 1 0 1 0 0 ,11 3,23 1
17	11 0 0 0 1 0 ,6 4
18	8 0 0 0 1 1 ,9 5,19 4
19	15 0 2 1 0 0 ,1 3,5 2,20 2
20	16 0 0 0 1 1 ,10 4,24 5
25	22 0 0 0 0 1 ,24 5
27	27 0 0 0 0 1 ,7 5
30	14 1 0 0 0 0 ,23 1
31	20 0 0 0 1 0 ,1 4
32	12 1 0 0 0 1 ,0 5,13 1
33	14 0 0 0 1 0 ,23 4
34	12 0 0 0 1 0 ,0 4
35	13 0 0 0 0 1 ,22 5
36	12 0 0 1 0 0 ,2 3
37	13 0 0 0 0 3 ,4 5,5 5,13 5
38	13 0 0 1 0 1 ,10 5,22 3
41	6 1 1 0 1 0 ,5 2,8 4,21 1
42	16 0 0 0 0 1 ,10 5
43	10 1 0 0 0 0 ,17 1
44	20 0 0 0 1 0 ,1 4
45	14 0 1 1 0 0 ,4 2,7 3
48	8 1 1 0 0 0 ,18 1,20 2
50	18 0 1 0 1 0 ,1 2,8 4
51	14 0 1 1 0 0 ,4 3,5 2
52	12 0 0 0 2 0 ,2 4,7 4
55	15 0 1 0 0 0 ,20 2
58	18 0 0 2 0 0 ,5 3,24 3
60	12 1 1 2 0 0 ,0 1,10 2,12 3,20 3
61	15 0 1 0 0 0 ,20 2
64	1 1 1 0 1 0 ,6 4,16 1,17 2
65	22 0 1 0 0 0 ,24 2
66	10 1 0 0 0 0 ,9 1
68	7 0 0 0 0 1 ,15 5
71	10 0 1 0 0 2 ,2 5,9 2,24 5
73	8 0 0 0 1 0 ,18 4
75	11 0 0 1 0 0 ,6 3
76	8 0 0 1 0 0 ,18 3
77	14 1 0 0 0 0 ,4 1
78	10 1 1 0 0 0 ,8 1,17 2
79	13 0 0 0 1 0 ,13 4
80	6 0 0 2 1 0 ,1 3,5 4,11 3
81	6 0 0 0 1 1 ,3 4,7 5
83	13 0 1 0 0 0 ,22 2
84	13 0 2 0 0 0 ,8 2,13 2
85	22 0 1 0 0 0 ,24 2
86	16 1 0 0 0 0 ,12 1
87	13 1 0 1 0 0 ,13 1,23 3
89	2 0 1 0 0 0 ,14 2
91	10 0 1 0 0 1 ,8 2,17 5
93	12 0 1 0 0 0 ,0 2
94	14 0 0 1 0 0 ,4 3
95	16 0 0 0 1 0 ,12 4
96	7 0 2 0 0 1 ,7 5,12 2,15 2
98	14 0 0 0 0 1 ,23 5
99	6 1 1 1 0 0 ,3 2,12 3,22 1
