0	18 1 0 0 0 0 ,17 1
1	14 0 1 0 0 1 ,12 5,24 2
2	5 0 0 0 0 1 ,23 5
4	13 0 0 0 1 0 ,22 4
6	3 0 0 1 0 1 ,10 3,27 5
10	15 0 0 1 0 0 ,9 3
12	18 0 0 0 1 1 ,4 5,17 4
14	8 0 1 1 0 0 ,6 3,28 2
15	6 0 3 0 0 0 ,1 2,11 2,18 2
17	8 2 0 1 0 0 ,1 3,6 1,21 1
18	9 0 0 0 1 1 ,2 4,24 5
20	5 1 0 1 0 0 ,0 1,28 3
21	11 0 0 1 1 0 ,1 3,16 4
22	18 0 0 0 0 2 ,4 5,13 5
23	18 0 0 0 1 0 ,13 4
25	23 0 0 0 0 1 ,25 5
26	17 0 0 0 1 0 ,27 4
27	18 0 0 1 0 0 ,17 3
28	19 0 0 0 1 0 ,24 4
29	9 0 0 1 0 0 ,2 3
30	7 0 2 0 0 0 ,13 2,20 2
32	9 0 0 1 0 0 ,3 3
33	3 0 0 1 0 0 ,29 3
35	17 0 0 1 0 0 ,27 3
36	5 0 1 0 0 0 ,0 2
37	1 1 0 0 0 0 ,14 1
38	13 0 0 0 1 0 ,22 4
39	13 0 0 1 0 0 ,22 3
40	18 0 0 0 1 0 ,17 4
41	8 1 0 0 1 0 ,6 1,19 4
42	11 0 0 0 0 1 ,18 5
43	4 0 0 0 1 0 ,7 4
45	9 1 1 0 2 0 ,1 2,15 4,21 1,25 4
46	11 1 0 0 1 0 ,18 1,28 4
47	14 0 0 1 0 0 ,12 3
49	15 0 0 0 1 1 ,8 4,9 5
50	18 0 0 0 1 0 ,13 4
53	11 0 1 0 1 0 ,8 4,16 2
55	8 0 0 2 0 0 ,6 3,8 3
56	5 1 1 0 1 1 ,0 2,3 4,24 5,25 1
62	4 0 0 1 1 0 ,9 4,26 3
64	9 0 1 1 1 0 ,2 2,15 3,17 4
65	17 0 0 0 1 1 ,8 4,28 5
66	19 0 0 0 1 0 ,4 4
67	4 1 0 0 0 0 ,26 1
68	11 1 0 0 0 1 ,1 5,18 1
70	9 0 0 1 0 0 ,21 3
72	17 0 0 1 0 1 ,4 5,27 3
75	15 0 1 0 0 1 ,9 2,25 5
76	11 0 0 0 0 1 ,16 5
78	11 0 0 1 1 0 ,19 4,25 3
79	9 0 0 1 1 0 ,13 3,21 4
80	7 0 0 0 0 1 ,20 5
81	9 1 0 0 0 0 ,3 1
82	11 0 0 1 0 0 ,19 3
84	9 0 1 0 0 0 ,15 2
86	13 0 1 0 0 0 ,22 2
88	14 1 1 0 0 0 ,9 1,12 2
90	11 0 1 0 1 0 ,12 4,18 2
93	17 0 0 1 0 0 ,28 3
94	6 0 1 0 1 0 ,11 4,17 2
96	17 0 1 0 0 0 ,27 2
97	9 1 0 1 0 0 ,3 1,24 3
99	5 0 0 0 1 2 ,5 5,8 4,25 5
