0	18 0 0 1 0 0 ,29 3
1	24 0 0 0 1 0 ,10 4
2	3 1 0 1 0 0 ,0 1,12 3
4	19 2 1 0 0 0 ,2 1,3 2,14 1
5	2 0 1 0 0 0 ,8 2
6	8 0 0 0 0 1 ,37 5
7	19 0 0 1 0 0 ,18 3
8	19 0 0 1 0 1 ,18 5,34 3
9	13 0 0 0 1 0 ,28 4
12	6 0 1 0 0 1 ,2 5,30 2
13	11 0 1 0 0 0 ,17 2
15	17 0 1 0 0 1 ,23 5,27 2
16	5 0 0 0 0 1 ,1 5
17	13 0 1 0 1 0 ,0 2,34 4
18	14 0 1 0 0 0 ,19 2
19	19 0 0 1 0 0 ,3 3
20	5 0 0 0 1 0 ,13 4
22	1 2 0 2 0 1 ,0 3,4 3,7 1,10 5,14 1
23	17 1 0 0 1 1 ,23 5,31 1,38 4
24	10 0 0 2 0 0 ,11 3,27 3
25	8 1 0 0 0 1 ,25 1,26 5
26	19 1 0 0 0 1 ,3 1,14 5
27	13 1 0 0 1 1 ,18 5,25 4,28 1
28	11 1 0 1 0 0 ,17 1,25 3
29	4 0 0 0 1 0 ,24 4
30	13 2 1 0 0 0 ,23 2,29 1,32 1
32	19 0 0 0 0 1 ,14 5
33	13 1 0 0 0 1 ,0 1,29 5
34	14 1 0 0 0 0 ,19 1
35	10 0 0 2 0 0 ,10 3,20 3
36	23 0 0 0 1 0 ,34 4
37	12 0 2 0 0 0 ,15 2,29 2
38	4 2 0 0 1 0 ,27 4,35 1,36 1
39	18 0 1 0 1 1 ,3 5,18 4,38 2
41	6 0 1 1 1 0 ,5 3,6 2,25 4
43	13 0 0 1 1 1 ,29 4,31 3,36 5
44	4 0 3 1 0 0 ,18 2,19 3,25 2,33 2
45	5 1 0 2 0 0 ,2 3,6 3,13 1
46	17 0 1 0 0 0 ,6 2
47	13 1 0 0 0 0 ,36 1
48	6 1 1 0 0 0 ,9 1,38 2
49	17 0 0 0 0 1 ,31 5
50	13 1 0 1 0 1 ,29 3,32 5,36 1
51	10 0 0 0 2 1 ,2 4,20 5,28 4
52	8 0 0 1 0 0 ,26 3
53	4 0 0 2 0 1 ,0 3,3 5,35 3
55	17 1 0 0 0 0 ,23 1
57	6 0 0 1 2 0 ,4 4,9 4,38 3
58	19 0 0 1 0 0 ,3 3
59	17 0 0 1 0 0 ,23 3
63	18 0 0 0 1 0 ,38 4
64	19 0 0 0 0 2 ,14 5,25 5
65	18 0 0 1 0 0 ,38 3
66	12 0 0 0 0 2 ,15 5,34 5
68	4 1 2 1 0 0 ,21 1,33 2,37 3,39 2
69	3 0 1 1 0 0 ,16 2,31 3
73	10 0 1 0 2 1 ,10 2,11 4,27 5,28 4
75	20 0 0 0 1 0 ,2 4
77	24 0 0 0 0 1 ,10 5
79	13 0 1 0 0 0 ,32 2
80	3 2 0 1 0 1 ,6 5,9 1,22 3,23 1
81	17 0 0 0 1 1 ,31 5,34 4
82	13 0 1 0 0 0 ,36 2
83	6 1 0 0 0 0 ,5 1
84	10 0 1 1 1 0 ,11 3,14 2,19 4
86	3 2 1 0 0 0 ,15 1,16 1,20 2
87	13 0 0 1 0 1 ,0 3,27 5
88	13 0 0 0 0 1 ,32 5
89	6 0 0 1 0 1 ,4 3,21 5
90	6 1 0 1 0 0 ,5 1,36 3
92	17 0 0 0 0 1 ,6 5
95	6 1 0 0 2 0 ,5 1,17 4,39 4
96	6 0 0 1 1 1 ,10 5,30 4,34 3
98	11 0 1 1 2 0 ,2 3,15 4,17 4,27 2
99	14 0 0 0 1 0 ,19 4
