0	6 0 1 0 0 0 ,6 2
1	6 0 1 0 1 0 ,4 2,6 4
2	5 0 0 0 0 1 ,10 5
4	22 0 0 0 1 0 ,2 4
5	5 0 0 0 1 1 ,9 5,16 4
6	11 1 0 0 1 0 ,3 4,4 1
9	16 0 0 0 0 1 ,5 5
10	15 0 0 0 0 1 ,14 5
11	16 0 0 0 0 1 ,17 5
13	13 0 0 1 0 0 ,3 3
19	10 0 0 0 0 1 ,11 5
20	7 0 0 0 1 0 ,0 4
21	18 0 0 0 1 0 ,16 4
23	9 2 0 0 0 0 ,5 1,12 1
25	11 0 0 0 1 0 ,19 4
26	11 1 0 0 0 0 ,19 1
27	17 0 0 0 1 0 ,21 4
29	11 0 1 0 0 0 ,19 2
30	11 1 0 0 0 0 ,13 1
32	5 1 0 0 0 0 ,23 1
33	11 0 0 0 1 0 ,7 4
35	5 0 1 2 1 0 ,0 2,3 3,16 3,23 4
38	9 0 1 1 0 0 ,21 3,22 2
39	15 0 0 0 1 1 ,14 4,17 5
40	5 0 0 0 0 1 ,1 5
42	9 0 2 0 0 0 ,13 2,22 2
44	22 0 1 0 0 0 ,2 2
45	12 0 0 1 0 0 ,8 3
46	12 0 1 2 0 0 ,5 3,8 2,20 3
47	12 0 1 0 0 0 ,8 2
50	11 1 0 0 0 1 ,4 5,21 1
51	17 0 0 0 1 0 ,21 4
53	11 0 0 0 1 0 ,7 4
54	10 1 0 0 0 0 ,11 1
56	15 0 0 0 0 1 ,14 5
57	17 0 0 0 1 0 ,21 4
58	11 0 1 0 1 0 ,5 2,13 4
61	9 0 0 1 0 1 ,4 3,22 5
64	22 0 1 0 0 0 ,2 2
65	11 1 0 0 0 1 ,19 1,20 5
67	7 2 0 1 0 0 ,0 1,8 3,16 1
69	11 1 0 1 0 0 ,3 3,19 1
70	11 0 1 0 0 0 ,19 2
71	22 0 0 0 0 1 ,2 5
72	18 1 0 0 0 0 ,16 1
74	9 0 0 0 0 1 ,12 5
75	10 0 0 0 1 1 ,11 4,20 5
76	17 1 0 0 0 0 ,21 1
78	4 0 0 0 1 0 ,18 4
81	9 0 2 1 0 0 ,8 2,12 3,17 2
83	15 1 0 0 0 0 ,14 1
85	16 0 0 0 1 1 ,5 5,17 4
87	22 0 0 0 0 1 ,2 5
91	18 0 0 0 0 1 ,16 5
94	1 1 0 0 1 0 ,13 4,15 1
96	22 0 0 0 1 0 ,2 4
97	11 0 1 0 0 0 ,7 2
98	11 1 0 0 0 0 ,7 1
