1	11 0 0 0 0 1 ,14 5
2	13 1 0 0 0 0 ,13 1
3	9 0 0 0 0 1 ,16 5
4	9 1 0 0 1 0 ,8 1,16 4
6	6 0 0 1 1 0 ,5 4,7 3
8	13 0 1 0 0 1 ,13 5,18 2
9	11 0 0 0 1 0 ,19 4
13	13 0 0 0 1 0 ,20 4
14	10 0 0 0 1 0 ,4 4
21	13 0 1 0 0 0 ,13 2
25	12 0 0 1 0 0 ,8 3
28	11 3 0 0 0 0 ,10 1,14 1,20 1
30	8 0 0 0 1 0 ,1 4
31	13 1 0 0 0 0 ,13 1
32	1 2 0 0 0 0 ,11 1,18 1
33	9 0 0 0 0 2 ,12 5,15 5
34	11 0 0 0 1 0 ,19 4
36	12 0 1 0 0 0 ,8 2
38	8 1 1 0 0 0 ,1 1,3 2
41	15 0 0 0 1 0 ,12 4
42	13 0 0 0 0 1 ,18 5
43	5 0 0 0 1 1 ,2 5,12 4
47	9 0 0 0 1 0 ,15 4
48	6 0 1 0 0 0 ,7 2
50	3 1 0 2 0 0 ,4 1,6 3,20 3
51	11 0 0 2 0 0 ,14 3,19 3
52	7 0 0 1 0 0 ,5 3
54	15 1 0 0 0 0 ,12 1
56	12 1 0 0 0 0 ,8 1
57	9 0 0 0 0 1 ,17 5
61	9 0 0 0 1 0 ,0 4
63	11 0 0 1 0 1 ,3 5,20 3
65	12 0 0 0 0 1 ,8 5
67	10 0 1 0 0 0 ,4 2
69	10 0 0 1 1 0 ,4 3,13 4
70	14 1 0 0 0 1 ,10 5,12 1
71	11 0 1 0 1 0 ,3 4,20 2
73	9 1 0 0 0 0 ,17 1
76	14 0 0 0 0 1 ,10 5
78	4 0 0 0 1 0 ,9 4
80	6 1 0 0 0 0 ,7 1
82	11 0 1 0 0 0 ,14 2
83	8 0 1 0 0 0 ,1 2
85	9 0 0 1 0 0 ,17 3
90	9 0 0 0 0 1 ,0 5
94	13 0 0 0 0 1 ,18 5
98	8 1 0 0 0 0 ,1 1
99	14 0 0 1 0 0 ,10 3
