0	12 0 2 0 1 1 ,9 5,10 2,11 4,16 2
2	4 1 0 0 0 0 ,19 1
3	11 0 1 2 0 1 ,10 3,15 3,18 2,21 5
4	6 0 1 0 0 0 ,23 2
5	6 1 0 0 1 0 ,2 1,23 4
8	14 0 0 0 0 1 ,13 5
9	17 0 0 0 0 1 ,5 5
12	17 0 0 0 0 1 ,0 5
13	4 1 1 0 0 1 ,7 1,11 2,21 5
14	13 0 1 0 0 1 ,5 5,24 2
17	17 0 1 0 0 0 ,10 2
18	17 1 0 0 0 0 ,0 1
20	11 0 0 1 0 0 ,18 3
28	11 1 0 0 0 0 ,18 1
29	12 1 0 0 1 0 ,8 1,13 4
31	18 0 0 1 0 0 ,16 3
32	17 1 0 0 0 0 ,5 1
35	15 0 0 0 1 0 ,3 4
36	4 0 0 0 1 2 ,8 5,14 4,18 5
37	12 0 0 1 1 0 ,15 3,16 4
39	17 0 1 0 0 0 ,0 2
40	5 0 0 0 0 1 ,4 5
43	12 0 0 0 2 1 ,8 4,12 5,16 4
44	22 0 0 0 0 1 ,11 5
45	17 0 0 0 0 2 ,10 5,11 5
46	12 0 1 0 0 0 ,8 2
48	12 0 1 1 1 0 ,0 2,3 4,6 3
49	13 1 0 2 0 0 ,5 1,16 3,24 3
51	14 0 0 0 0 1 ,2 5
52	18 0 1 0 0 0 ,1 2
54	4 1 0 0 0 0 ,19 1
55	12 0 0 0 1 0 ,9 4
56	17 0 1 0 0 0 ,21 2
57	18 0 0 0 1 0 ,1 4
58	15 0 0 1 0 0 ,12 3
60	17 1 0 0 0 0 ,10 1
61	13 0 0 0 1 1 ,1 5,24 4
63	4 0 1 0 0 0 ,19 2
66	13 0 1 0 0 0 ,24 2
68	12 0 0 3 0 0 ,1 3,13 3,15 3
69	15 0 0 0 0 1 ,12 5
73	15 0 0 0 1 0 ,3 4
74	17 0 0 0 1 0 ,5 4
75	5 0 0 2 0 0 ,17 3,21 3
76	12 0 1 1 0 1 ,0 2,2 5,15 3
79	12 2 0 0 1 0 ,5 1,6 4,24 1
80	4 1 0 0 1 1 ,0 5,9 1,22 4
83	17 1 0 0 0 0 ,21 1
84	14 0 1 1 0 0 ,1 3,13 2
85	2 0 1 0 0 0 ,20 2
86	5 1 2 0 0 0 ,11 1,16 2,17 2
90	15 1 0 1 0 0 ,3 3,12 1
94	12 0 1 0 0 0 ,9 2
95	4 3 0 1 0 0 ,1 1,7 3,12 1,21 1
96	14 0 0 1 1 1 ,2 3,10 4,11 5
99	12 1 0 0 0 1 ,6 5,24 1
