0	7 0 0 1 0 0 ,7 3
1	3 1 0 0 0 0 ,10 1
2	7 0 0 0 1 0 ,7 4
3	3 0 0 1 0 0 ,2 3
4	6 1 0 1 0 0 ,3 3,17 1
7	7 1 1 0 0 0 ,3 1,18 2
9	21 0 0 1 0 0 ,12 3
14	7 0 0 1 0 0 ,18 3
17	21 0 0 0 1 0 ,4 4
18	10 0 1 0 0 0 ,14 2
19	6 0 0 1 1 0 ,0 3,9 4
20	3 0 1 0 0 0 ,10 2
21	16 0 1 0 0 0 ,8 2
24	14 0 0 1 0 1 ,8 3,15 5
30	16 0 0 0 1 1 ,4 4,8 5
32	6 0 0 0 1 0 ,16 4
34	2 0 1 0 0 0 ,6 2
37	11 0 1 0 0 0 ,3 2
39	1 1 0 0 0 0 ,1 1
42	8 1 0 0 0 0 ,13 1
47	7 0 2 0 0 0 ,0 2,19 2
49	21 0 0 0 1 0 ,4 4
51	6 0 0 0 1 0 ,17 4
54	21 0 0 0 1 0 ,12 4
57	6 0 1 0 1 0 ,9 2,13 4
58	10 0 0 1 1 0 ,4 4,5 3
59	10 0 1 0 0 0 ,5 2
61	14 0 0 1 0 0 ,15 3
64	6 0 1 0 0 0 ,16 2
65	11 0 0 0 0 1 ,3 5
66	8 1 0 0 0 0 ,13 1
67	5 1 1 0 0 0 ,5 1,11 2
68	8 0 1 0 0 1 ,13 2,15 5
70	7 0 1 0 0 1 ,14 5,18 2
71	6 1 1 0 1 0 ,8 2,12 4,20 1
73	11 0 1 0 1 0 ,8 4,19 2
74	5 0 0 1 0 0 ,11 3
75	14 1 0 0 0 0 ,15 1
78	6 0 0 0 0 1 ,20 5
83	10 0 0 1 0 0 ,14 3
88	21 0 0 0 0 1 ,4 5
89	11 1 0 0 1 0 ,12 4,19 1
91	21 0 0 0 1 0 ,12 4
92	7 0 1 0 0 0 ,0 2
93	11 0 1 0 0 0 ,19 2
94	11 0 0 0 1 0 ,19 4
95	6 1 0 0 0 0 ,17 1
97	10 0 0 0 1 0 ,5 4
98	21 0 1 0 0 0 ,12 2
