0	16 0 0 1 1 0 ,7 4,16 3
1	11 0 1 0 0 0 ,17 2
3	16 0 1 1 0 0 ,29 3,31 2
4	11 0 0 1 1 0 ,15 3,36 4
5	15 0 0 1 1 0 ,2 4,14 3
6	10 1 1 0 1 0 ,20 1,23 4,32 2
7	13 0 0 1 0 1 ,6 5,25 3
9	16 0 0 0 0 2 ,20 5,21 5
10	8 0 0 0 0 1 ,28 5
11	15 1 0 0 1 0 ,11 4,14 1
12	16 0 0 0 0 2 ,5 5,21 5
13	9 0 0 0 3 0 ,0 4,1 4,35 4
15	12 1 0 0 0 0 ,1 1
16	16 0 1 0 0 0 ,8 2
18	16 0 1 0 0 0 ,21 2
20	9 1 0 0 1 1 ,10 5,19 1,22 4
21	20 0 0 1 0 0 ,35 3
22	16 1 1 1 1 0 ,7 4,8 2,15 3,31 1
23	18 0 1 0 1 0 ,10 2,11 4
24	2 1 2 1 1 1 ,6 2,10 3,15 4,24 5,26 2,34 1
25	11 1 0 0 0 1 ,2 5,36 1
27	14 0 0 0 1 0 ,13 4
28	11 0 1 1 0 0 ,30 2,36 3
29	9 0 1 0 2 0 ,0 4,19 4,36 2
30	4 0 0 1 1 2 ,3 3,4 4,25 5,33 5
31	18 1 0 0 0 0 ,11 1
34	8 0 0 1 0 1 ,6 5,28 3
36	18 0 3 0 0 0 ,2 2,11 2,31 2
37	14 0 0 1 1 0 ,6 3,30 4
39	14 1 0 1 0 2 ,5 5,14 5,20 3,30 1
41	16 0 0 0 1 1 ,21 4,29 5
42	9 0 0 0 1 1 ,26 5,30 4
43	18 0 0 1 0 0 ,19 3
44	12 0 1 0 1 0 ,7 2,27 4
45	16 0 0 0 0 1 ,8 5
47	16 1 1 1 1 0 ,2 1,5 2,7 4,11 3
48	14 0 0 1 0 0 ,3 3
49	14 0 1 0 0 0 ,13 2
50	16 0 1 1 0 0 ,6 3,7 2
51	16 0 0 0 1 1 ,5 4,29 5
52	9 0 0 1 0 2 ,10 5,22 5,23 3
53	18 0 0 1 0 1 ,19 5,31 3
54	12 1 0 1 0 0 ,1 1,19 3
55	14 0 1 0 2 0 ,3 4,19 2,35 4
57	14 0 0 1 0 0 ,13 3
59	12 1 0 0 0 1 ,1 1,25 5
60	11 0 1 1 1 1 ,12 4,13 3,17 2,31 5
61	12 0 1 1 0 0 ,27 2,32 3
62	18 0 0 0 1 0 ,11 4
63	11 0 0 1 0 0 ,17 3
66	9 1 1 0 0 0 ,0 1,23 2
67	16 1 0 0 0 0 ,29 1
68	16 0 0 1 1 2 ,5 3,8 4,12 5,31 5
70	10 1 0 0 1 0 ,14 4,23 1
71	18 1 0 0 0 0 ,20 1
73	20 0 0 1 0 0 ,35 3
74	9 0 1 0 0 0 ,26 2
75	4 2 0 0 1 0 ,9 4,13 1,36 1
76	20 0 0 0 0 1 ,10 5
77	18 0 0 0 0 1 ,2 5
79	5 1 0 0 0 0 ,18 1
80	14 0 0 0 2 0 ,3 4,20 4
81	12 0 0 1 0 0 ,27 3
82	17 0 0 0 0 1 ,12 5
83	14 1 0 0 0 1 ,13 1,32 5
84	20 1 0 0 0 0 ,35 1
85	15 0 1 0 0 0 ,14 2
86	17 0 0 0 1 0 ,16 4
87	5 0 0 0 1 0 ,18 4
88	17 0 0 0 0 2 ,15 5,32 5
89	12 0 0 1 0 0 ,27 3
90	2 2 1 0 0 0 ,15 1,16 2,34 1
91	8 1 1 3 1 0 ,1 3,2 1,8 3,12 2,32 4,33 3
92	17 0 0 1 0 0 ,16 3
93	14 0 0 1 0 1 ,30 3,35 5
94	11 1 0 0 2 0 ,15 1,17 4,20 4
96	12 0 1 0 0 1 ,1 2,16 5
97	17 1 0 0 0 0 ,12 1
99	16 0 1 0 0 0 ,29 2
