0	5 0 1 1 0 0 ,4 2,14 3
1	18 0 0 0 1 0 ,31 4
2	14 1 0 0 0 0 ,20 1
6	1 2 0 0 1 0 ,0 4,13 1,24 1
7	16 0 1 0 0 0 ,4 2
8	16 1 0 0 0 0 ,8 1
9	11 0 0 1 0 0 ,25 3
10	16 0 1 0 0 0 ,0 2
11	10 0 0 1 1 0 ,23 3,35 4
12	6 0 1 1 1 0 ,7 3,10 2,36 4
13	12 0 0 0 0 1 ,19 5
15	13 0 2 0 0 1 ,8 2,21 2,34 5
16	13 1 0 0 0 1 ,6 1,21 5
17	13 1 0 0 0 0 ,34 1
18	19 0 0 0 1 0 ,23 4
19	8 1 1 0 1 0 ,6 1,30 4,33 2
20	10 1 0 0 0 0 ,12 1
22	1 1 0 0 0 1 ,7 5,27 1
23	12 0 1 0 1 0 ,19 4,31 2
24	15 1 0 0 0 0 ,21 1
27	7 2 1 2 0 0 ,5 2,11 3,29 3,33 1,36 1
28	6 0 0 0 1 0 ,10 4
31	5 1 0 0 0 0 ,1 1
32	4 1 2 1 0 0 ,9 2,11 3,12 1,24 2
33	16 1 0 0 1 0 ,4 1,24 4
34	10 0 1 1 0 0 ,19 3,35 2
35	10 0 1 0 0 0 ,36 2
36	18 1 0 0 0 0 ,11 1
37	16 0 2 0 0 0 ,0 2,29 2
39	16 0 0 0 1 0 ,29 4
40	13 1 0 0 0 0 ,6 1
42	16 1 0 0 0 0 ,29 1
43	16 0 0 1 0 1 ,0 5,31 3
44	16 0 0 1 0 0 ,0 3
45	11 0 0 1 0 0 ,25 3
46	5 0 0 0 1 1 ,11 4,18 5
47	4 1 0 0 1 0 ,4 4,9 1
48	4 0 2 0 2 1 ,16 4,22 4,23 5,28 2,35 2
49	16 0 0 1 0 0 ,29 3
50	10 1 0 2 0 0 ,8 3,29 3,30 1
51	5 0 3 0 0 1 ,25 2,28 2,32 5,34 2
52	13 0 0 1 0 0 ,6 3
53	5 0 0 0 1 0 ,1 4
54	18 0 1 0 0 0 ,11 2
55	17 0 0 0 0 1 ,24 5
56	10 1 1 0 0 0 ,30 1,35 2
57	5 0 0 0 1 1 ,15 5,20 4
58	16 0 0 1 0 0 ,8 3
59	10 0 0 0 1 0 ,12 4
60	3 0 0 1 0 1 ,17 3,24 5
61	15 0 0 0 0 1 ,21 5
62	16 0 0 1 0 0 ,8 3
64	13 1 0 2 0 0 ,4 3,7 1,34 3
66	13 0 0 0 1 0 ,6 4
67	7 0 1 0 0 0 ,5 2
68	10 1 2 0 0 0 ,30 2,34 2,36 1
69	12 0 0 0 1 0 ,16 4
70	2 1 0 0 0 0 ,26 1
71	14 0 0 0 1 0 ,20 4
73	19 0 1 0 0 0 ,23 2
74	8 0 1 0 1 0 ,33 4,36 2
75	3 0 0 1 0 0 ,3 3
77	13 1 0 1 0 0 ,6 3,21 1
81	5 0 2 0 0 0 ,14 2,31 2
82	2 1 1 0 1 0 ,7 2,16 4,26 1
83	14 0 0 1 0 0 ,20 3
84	7 0 2 1 0 0 ,5 3,20 2,30 2
86	19 0 0 0 0 1 ,23 5
87	11 0 1 0 0 0 ,25 2
88	13 0 1 0 0 0 ,7 2
89	16 0 0 0 1 0 ,4 4
90	2 0 1 0 0 0 ,2 2
91	15 1 0 1 0 0 ,21 1,31 3
92	4 1 0 0 1 1 ,9 1,11 5,12 4
93	7 1 0 1 0 0 ,28 3,33 1
95	11 1 0 0 1 0 ,8 4,25 1
96	18 0 0 0 1 0 ,31 4
