0	8 0 0 0 1 0 ,1 4
5	13 0 0 0 1 0 ,9 4
14	12 0 0 1 0 0 ,11 3
16	6 1 1 0 0 0 ,1 2,4 1
18	2 0 1 0 0 0 ,8 2
19	12 0 0 1 0 0 ,11 3
21	13 1 0 0 0 0 ,3 1
23	5 0 0 0 0 1 ,20 5
24	7 1 0 0 0 0 ,17 1
26	2 0 1 0 0 0 ,21 2
27	12 0 0 0 1 0 ,11 4
31	23 0 0 0 1 0 ,10 4
33	8 0 1 0 0 0 ,1 2
39	3 1 0 0 0 0 ,13 1
45	12 0 0 0 0 1 ,0 5
46	4 1 0 0 1 0 ,10 4,16 1
52	13 0 0 0 1 0 ,7 4
53	9 0 1 0 1 0 ,0 2,14 4
55	7 0 0 1 0 0 ,19 3
56	13 0 0 0 1 0 ,9 4
57	13 1 0 0 0 0 ,7 1
58	7 0 0 0 1 0 ,19 4
61	4 0 1 0 0 0 ,12 2
67	6 1 0 0 0 1 ,4 1,14 5
68	13 0 1 0 0 0 ,9 2
72	2 0 1 0 0 0 ,5 2
73	7 1 0 0 0 0 ,17 1
75	6 0 1 0 0 1 ,0 5,6 2
76	7 1 1 0 0 0 ,11 1,15 2
77	13 0 0 0 1 1 ,7 4,10 5
78	6 1 1 0 1 0 ,6 4,11 1,15 2
79	7 0 0 1 1 0 ,3 4,17 3
80	7 0 0 1 0 0 ,15 3
81	1 1 0 1 0 0 ,2 1,3 3
82	13 0 0 1 0 1 ,9 3,10 5
83	23 0 0 0 0 1 ,10 5
84	3 0 1 0 0 0 ,13 2
86	3 0 0 1 0 0 ,18 3
88	4 0 0 1 0 0 ,16 3
91	13 0 1 0 0 0 ,3 2
92	13 0 0 0 1 0 ,7 4
93	7 0 2 0 0 0 ,3 2,17 2
94	13 1 0 0 0 0 ,3 1
95	4 0 1 0 0 0 ,12 2
97	6 0 0 0 1 0 ,4 4
