0	5 0 0 0 2 0 ,11 4,22 4
1	13 0 0 0 1 0 ,1 4
3	4 1 1 0 0 0 ,17 2,20 1
8	15 1 0 0 0 0 ,21 1
9	8 0 0 0 1 0 ,5 4
10	17 0 0 0 0 1 ,19 5
11	13 1 0 0 0 0 ,6 1
12	19 1 0 0 0 0 ,12 1
16	13 0 0 0 1 0 ,6 4
17	20 0 1 0 0 0 ,7 2
18	22 0 1 0 0 0 ,9 2
20	13 1 0 0 0 0 ,1 1
21	3 0 2 0 0 0 ,2 2,3 2
22	17 0 0 0 0 1 ,4 5
23	10 0 1 0 0 0 ,18 2
24	10 1 0 0 0 1 ,14 1,20 5
25	17 1 0 0 0 0 ,19 1
27	3 1 1 0 1 0 ,3 1,5 4,11 2
28	17 0 1 1 0 0 ,4 2,19 3
30	13 0 0 1 0 1 ,10 5,23 3
32	18 0 0 0 1 0 ,10 4
33	10 1 2 0 0 0 ,10 2,14 1,21 2
34	19 0 0 0 1 0 ,12 4
35	10 0 0 1 0 0 ,14 3
37	17 0 0 0 1 0 ,19 4
39	1 1 1 1 1 0 ,4 2,16 1,18 4,20 3
41	17 1 0 0 0 0 ,4 1
43	13 2 0 0 0 0 ,1 1,6 1
45	17 0 0 1 0 0 ,19 3
46	19 0 0 0 1 0 ,12 4
47	2 1 1 0 0 1 ,8 2,9 5,22 1
48	10 1 0 1 0 0 ,1 1,18 3
50	6 0 1 0 2 0 ,0 4,12 4,20 2
51	2 0 1 0 0 0 ,13 2
52	15 0 0 1 0 0 ,21 3
53	10 0 0 0 0 2 ,9 5,14 5
54	15 0 1 0 1 0 ,11 2,21 4
57	20 0 0 0 1 0 ,7 4
58	13 0 0 1 0 1 ,6 3,11 5
59	17 0 1 0 0 0 ,4 2
61	13 0 0 2 1 0 ,1 4,2 3,6 3
62	1 1 0 0 0 0 ,15 1
64	13 0 0 0 0 1 ,23 5
65	22 1 0 0 0 0 ,9 1
67	10 1 0 0 0 2 ,2 5,4 5,18 1
68	17 1 0 0 0 0 ,19 1
69	19 0 0 1 0 0 ,12 3
70	19 0 0 1 1 1 ,7 5,9 4,12 3
73	13 0 0 1 1 0 ,10 4,23 3
76	14 0 0 0 2 0 ,2 4,21 4
79	6 0 2 0 0 0 ,0 2,23 2
80	20 1 0 0 0 0 ,7 1
82	20 0 0 0 1 0 ,7 4
83	16 0 0 1 0 1 ,9 5,11 3
84	18 0 0 1 0 0 ,10 3
85	13 0 1 0 0 0 ,1 2
86	13 1 0 0 0 0 ,6 1
87	4 0 1 0 0 0 ,17 2
91	15 1 0 0 1 0 ,7 4,21 1
