0	11 1 0 1 0 0 ,8 1,13 3
2	20 0 0 1 0 0 ,16 3
6	10 0 1 0 0 0 ,3 2
7	13 0 0 0 0 1 ,12 5
9	20 0 0 0 0 1 ,16 5
10	18 0 0 0 0 1 ,0 5
11	16 0 0 1 0 0 ,7 3
13	11 0 1 0 1 0 ,8 2,20 4
14	9 0 0 1 0 0 ,10 3
15	11 0 0 2 1 0 ,0 3,6 4,20 3
16	10 0 1 0 0 0 ,15 2
17	16 0 0 0 0 1 ,7 5
21	16 0 0 0 1 0 ,6 4
22	13 0 0 1 0 0 ,12 3
24	9 0 0 1 0 0 ,21 3
25	8 0 0 1 0 0 ,1 3
26	18 0 0 0 1 0 ,11 4
28	12 0 1 0 0 1 ,18 2,22 5
29	17 0 0 1 0 0 ,5 3
30	16 0 1 0 1 0 ,5 2,6 4
31	16 0 0 0 0 1 ,7 5
32	10 0 0 2 0 0 ,8 3,15 3
34	9 1 0 0 0 0 ,10 1
35	5 0 0 0 2 1 ,1 5,4 4,5 4
36	17 0 0 2 0 0 ,5 3,23 3
37	17 0 0 0 1 1 ,5 5,9 4
38	20 0 0 1 0 0 ,16 3
39	19 0 0 0 1 0 ,18 4
40	7 0 1 0 0 0 ,17 2
41	17 1 0 0 0 0 ,9 1
42	18 0 0 0 0 1 ,11 5
44	10 0 1 1 0 1 ,9 5,11 2,24 3
45	9 0 1 0 0 1 ,18 5,21 2
46	10 1 1 0 0 1 ,0 5,7 2,15 1
50	17 0 0 0 1 1 ,9 4,23 5
51	17 0 0 1 0 0 ,9 3
52	18 1 0 0 0 0 ,11 1
53	16 0 1 0 0 0 ,8 2
54	5 1 0 0 0 0 ,4 1
55	17 0 1 0 0 0 ,23 2
56	11 1 0 0 0 1 ,8 5,20 1
57	10 0 0 1 1 0 ,0 3,15 4
58	3 1 0 1 0 0 ,2 1,18 3
59	10 0 0 0 0 1 ,14 5
60	17 0 1 0 0 0 ,23 2
61	5 1 0 0 0 1 ,19 5,24 1
67	20 0 0 0 0 1 ,16 5
68	12 0 0 1 1 0 ,12 4,22 3
69	18 0 1 0 0 0 ,11 2
72	10 1 0 0 1 0 ,3 1,6 4
73	10 1 0 0 0 0 ,3 1
74	11 0 1 0 0 0 ,13 2
76	3 0 1 0 0 0 ,2 2
78	11 1 0 0 1 0 ,11 4,13 1
79	10 0 1 0 0 0 ,24 2
80	10 0 0 0 0 2 ,14 5,18 5
81	11 0 0 0 0 1 ,13 5
82	18 0 1 0 0 0 ,0 2
83	7 1 0 0 0 1 ,3 1,17 5
85	16 1 0 0 0 0 ,7 1
86	16 0 0 1 0 0 ,8 3
87	10 0 0 0 1 0 ,24 4
91	10 0 0 0 1 1 ,3 5,16 4
93	12 0 0 0 1 0 ,22 4
94	11 0 0 1 0 1 ,20 3,23 5
96	9 1 0 0 1 0 ,12 1,21 4
98	9 0 0 0 0 1 ,10 5
