0	8 1 0 0 0 1 ,8 1,21 5
1	7 1 0 1 0 0 ,5 3,7 1
6	6 0 0 0 1 0 ,17 4
7	11 0 1 0 1 0 ,2 2,12 4
8	13 0 0 0 1 0 ,1 4
11	11 1 1 0 0 0 ,12 1,16 2
13	13 0 1 0 1 0 ,1 4,2 2
15	9 0 1 0 1 0 ,5 2,15 4
17	11 1 0 1 0 1 ,0 5,3 3,24 1
18	7 1 0 1 0 0 ,7 1,19 3
19	4 0 0 2 0 0 ,22 3,26 3
20	13 0 0 0 0 1 ,16 5
21	11 0 0 0 2 0 ,2 4,24 4
22	12 1 0 0 0 2 ,14 1,15 5,18 5
23	21 0 0 1 0 0 ,18 3
26	5 1 0 0 0 0 ,13 1
27	13 1 0 0 0 0 ,1 1
28	7 0 0 0 1 0 ,7 4
29	9 0 0 0 1 0 ,5 4
30	15 0 0 0 0 1 ,4 5
31	11 1 0 0 0 0 ,24 1
32	4 0 0 0 1 1 ,6 5,11 4
34	7 1 1 0 0 0 ,8 2,22 1
35	4 1 0 0 1 0 ,8 1,25 4
36	11 0 0 0 0 1 ,24 5
37	4 1 0 0 1 0 ,10 4,20 1
39	15 0 0 0 1 0 ,4 4
40	15 0 1 0 0 0 ,20 2
41	21 0 1 0 0 0 ,18 2
42	5 0 1 1 1 1 ,0 2,3 5,9 4,13 3
43	15 0 0 0 0 1 ,20 5
44	6 0 1 0 3 0 ,0 4,4 4,12 4,17 2
45	7 2 0 0 0 0 ,7 1,14 1
46	6 1 0 0 0 0 ,23 1
47	15 0 0 1 0 0 ,21 3
48	15 0 0 0 1 0 ,20 4
50	7 0 1 0 0 0 ,22 2
51	12 1 0 0 0 0 ,15 1
52	9 0 1 0 1 0 ,6 2,19 4
53	15 0 1 0 0 0 ,21 2
54	7 1 0 0 0 0 ,22 1
56	11 1 0 0 0 0 ,12 1
57	15 0 0 0 0 1 ,14 5
58	13 0 2 0 0 0 ,1 2,16 2
60	11 2 0 0 0 1 ,9 5,12 1,20 1
61	13 1 1 0 0 0 ,4 2,16 1
63	23 0 0 0 1 0 ,19 4
66	22 0 0 1 0 0 ,0 3
67	15 0 1 1 0 0 ,3 3,20 2
68	17 1 0 0 0 0 ,3 1
69	6 0 0 0 0 3 ,9 5,19 5,23 5
70	5 3 0 0 0 0 ,13 1,15 1,16 1
71	22 1 0 0 0 0 ,9 1
72	22 0 0 0 1 0 ,9 4
74	21 0 0 0 0 2 ,18 5,19 5
75	4 1 0 0 0 0 ,26 1
76	15 0 0 0 0 1 ,21 5
77	14 1 0 0 0 0 ,2 1
79	21 0 1 0 0 0 ,18 2
81	14 0 0 0 0 1 ,2 5
86	12 1 0 0 0 0 ,15 1
87	15 0 0 0 1 1 ,3 5,14 4
89	21 0 0 1 1 0 ,0 3,18 4
90	23 0 1 0 0 0 ,19 2
91	8 0 0 0 1 0 ,8 4
93	13 0 1 0 0 0 ,1 2
95	15 0 0 0 1 0 ,14 4
96	13 0 1 0 0 0 ,16 2
97	22 0 0 1 0 0 ,9 3
98	9 0 1 0 0 0 ,6 2
99	22 0 0 0 0 1 ,0 5
