2	16 0 0 1 0 1 ,0 5,2 3
4	13 0 0 1 0 0 ,17 3
9	15 0 0 1 1 1 ,0 5,1 4,13 3
10	15 0 2 0 0 0 ,2 2,13 2
11	7 0 0 1 0 0 ,16 3
12	21 1 0 0 0 0 ,0 1
13	17 0 0 1 1 0 ,0 3,9 4
18	5 0 0 0 0 1 ,4 5
21	16 0 0 0 0 1 ,2 5
24	16 0 0 0 1 0 ,5 4
27	16 1 0 0 0 0 ,1 1
28	17 0 0 0 0 1 ,9 5
29	16 0 0 1 0 0 ,2 3
30	18 0 0 0 1 0 ,12 4
31	5 0 0 0 0 2 ,3 5,10 5
32	11 0 0 1 0 0 ,11 3
34	16 0 0 1 0 0 ,5 3
35	11 0 0 1 0 0 ,11 3
38	7 0 0 2 0 0 ,13 3,16 3
42	7 1 0 0 0 0 ,16 1
43	4 0 0 0 2 0 ,1 4,14 4
44	13 0 1 0 0 0 ,17 2
46	12 0 0 1 0 0 ,15 3
47	11 0 0 1 0 0 ,6 3
50	13 0 0 1 0 0 ,17 3
52	11 0 0 0 1 0 ,10 4
53	15 0 0 1 0 0 ,13 3
56	10 1 0 0 1 0 ,8 4,15 1
57	18 0 1 0 0 0 ,12 2
59	17 0 0 1 0 0 ,9 3
63	11 0 0 1 0 1 ,1 3,6 5
67	11 1 0 0 0 1 ,9 5,10 1
68	13 1 1 0 0 1 ,1 1,5 2,17 5
69	16 0 0 1 0 0 ,1 3
71	12 0 0 0 1 0 ,15 4
73	11 0 0 1 0 1 ,6 3,11 5
75	10 1 0 0 0 0 ,8 1
80	12 0 1 1 0 0 ,5 3,15 2
87	18 0 0 0 0 2 ,0 5,12 5
89	15 0 1 0 2 0 ,0 2,12 4,13 4
91	4 0 1 0 2 0 ,5 4,7 4,15 2
93	18 0 0 1 0 0 ,12 3
95	16 0 0 1 0 0 ,2 3
97	10 0 0 0 0 1 ,8 5
99	11 1 0 0 0 0 ,10 1
