1	3 1 0 0 0 0 ,1 1
2	9 0 0 1 1 0 ,7 3,21 4
4	19 0 1 0 0 0 ,22 2
6	4 1 0 0 0 1 ,10 1,17 5
7	10 0 1 1 0 0 ,14 2,23 3
8	10 2 0 0 0 0 ,8 1,23 1
10	9 1 1 1 0 0 ,15 1,20 3,21 2
12	11 0 0 0 1 0 ,18 4
13	12 1 0 0 1 0 ,5 1,25 4
15	13 0 1 0 0 0 ,15 2
16	14 0 0 0 0 1 ,7 5
17	12 0 0 0 1 0 ,2 4
19	10 1 0 1 1 1 ,5 4,11 3,18 1,27 5
20	6 0 1 1 0 0 ,5 2,28 3
22	19 0 0 1 0 0 ,3 3
23	2 1 1 1 0 0 ,12 1,22 3,29 2
25	12 0 0 0 0 1 ,2 5
26	6 1 2 1 1 1 ,4 3,6 5,13 1,19 2,23 4,27 2
27	9 1 0 1 0 0 ,17 3,18 1
30	12 0 0 1 0 0 ,9 3
31	9 1 0 0 0 0 ,17 1
32	6 0 1 1 0 0 ,3 3,4 2
42	18 0 1 0 0 0 ,26 2
43	12 0 0 0 1 0 ,8 4
44	7 0 1 0 0 1 ,23 2,24 5
45	1 1 0 1 0 0 ,10 3,16 1
46	19 0 0 0 2 0 ,3 4,22 4
47	7 0 1 0 0 0 ,24 2
49	12 0 0 0 0 1 ,9 5
50	11 0 1 0 0 0 ,20 2
51	12 1 0 0 1 0 ,3 4,9 1
52	6 0 0 1 0 1 ,13 5,26 3
53	5 0 0 1 0 0 ,29 3
54	11 0 2 0 0 0 ,11 2,18 2
55	6 1 0 0 0 0 ,4 1
56	11 0 0 1 0 0 ,18 3
57	2 1 0 0 0 1 ,12 1,22 5
59	11 0 0 0 1 0 ,20 4
60	13 0 0 0 0 1 ,15 5
62	12 0 0 1 0 0 ,9 3
63	9 2 0 0 0 1 ,11 5,15 1,21 1
64	11 1 0 0 0 0 ,20 1
65	15 0 0 0 0 1 ,0 5
66	3 0 2 0 0 1 ,1 2,14 5,19 2
69	6 0 0 1 1 0 ,19 4,28 3
70	13 0 1 0 0 1 ,15 2,26 5
71	13 0 0 0 1 1 ,5 4,11 5
72	12 1 2 0 0 0 ,7 1,8 2,15 2
73	12 0 0 1 0 1 ,2 3,3 5
75	10 0 0 1 0 0 ,27 3
76	13 0 1 0 0 0 ,5 2
77	14 1 0 0 0 0 ,7 1
81	3 0 0 1 1 0 ,25 4,30 3
84	9 0 1 0 0 2 ,0 5,21 2,26 5
86	15 0 1 0 0 0 ,0 2
87	11 1 0 0 1 1 ,20 1,22 5,25 4
88	12 0 0 0 0 1 ,8 5
89	10 0 1 0 0 0 ,6 2
92	14 0 0 0 1 0 ,7 4
95	14 0 0 1 0 0 ,14 3
96	18 0 0 1 0 0 ,26 3
97	14 0 0 0 1 0 ,14 4
98	10 0 0 1 1 0 ,6 3,19 4
99	15 0 0 1 0 0 ,0 3
