0	10 0 0 0 0 2 ,13 5,25 5
2	7 1 0 0 0 0 ,22 1
4	15 1 0 0 0 1 ,8 1,20 5
7	15 0 0 1 0 0 ,8 3
11	9 0 0 1 0 0 ,21 3
12	20 1 0 0 0 0 ,5 1
13	20 0 0 0 1 0 ,5 4
15	9 0 0 0 0 1 ,23 5
16	13 0 0 0 0 1 ,18 5
17	12 1 1 0 0 0 ,12 2,18 1
18	12 0 2 0 0 1 ,6 2,12 5,17 2
19	14 0 0 0 1 0 ,13 4
21	12 0 0 0 1 1 ,12 5,19 4
24	12 0 0 0 0 2 ,16 5,20 5
26	14 0 0 0 1 0 ,11 4
27	10 0 0 0 1 1 ,3 5,17 4
29	10 0 0 0 0 2 ,7 5,11 5
30	10 0 1 0 0 0 ,0 2
36	7 0 0 1 0 1 ,19 5,22 3
37	11 0 1 0 2 0 ,5 2,8 4,15 4
38	10 1 0 0 0 2 ,0 1,8 5,25 5
40	9 0 0 1 0 1 ,19 5,21 3
42	11 0 0 1 0 1 ,15 3,24 5
43	14 1 0 0 0 0 ,11 1
44	10 0 0 1 0 0 ,7 3
45	10 0 1 0 0 0 ,9 2
48	24 0 0 0 0 1 ,20 5
49	1 1 0 0 0 0 ,10 1
50	10 0 1 1 1 0 ,4 4,9 2,11 3
51	11 1 0 0 0 0 ,24 1
52	7 1 0 0 1 0 ,5 4,22 1
54	17 1 2 0 0 0 ,4 1,6 2,19 2
55	13 0 0 2 0 1 ,4 5,18 3,20 3
56	17 0 0 1 0 0 ,6 3
57	12 0 1 1 0 0 ,16 3,17 2
58	2 0 1 0 1 0 ,14 2,16 4
59	10 0 0 1 0 0 ,0 3
62	11 1 0 0 0 0 ,24 1
63	20 0 0 0 1 1 ,5 5,20 4
65	13 1 0 0 0 0 ,18 1
66	17 0 0 0 1 0 ,4 4
68	12 0 0 0 1 0 ,17 4
70	10 0 0 0 0 1 ,3 5
72	11 0 0 1 0 0 ,15 3
73	17 0 2 0 0 0 ,6 2,20 2
76	1 1 0 0 0 0 ,1 1
77	10 1 0 0 0 0 ,9 1
78	17 0 0 0 1 0 ,6 4
79	9 0 0 2 1 0 ,0 4,4 3,21 3
81	11 0 1 0 0 0 ,24 2
82	25 0 0 0 1 0 ,19 4
84	11 1 0 0 0 1 ,13 5,15 1
88	10 0 0 0 1 1 ,6 4,9 5
94	1 1 1 0 1 0 ,2 1,5 4,8 2
95	10 1 1 0 0 0 ,7 2,11 1
96	11 0 1 0 0 0 ,24 2
97	25 0 0 0 0 1 ,19 5
98	7 0 1 0 1 0 ,22 2,23 4
99	13 0 0 1 0 0 ,18 3
