0	3 1 0 0 0 0 ,4 1
1	17 0 1 0 0 1 ,10 2,13 5
2	20 0 0 0 1 0 ,19 4
4	10 0 1 0 0 0 ,5 2
6	10 0 0 0 1 0 ,16 4
7	14 0 1 0 0 0 ,17 2
8	17 0 0 1 0 0 ,10 3
9	14 0 1 1 1 0 ,0 4,2 2,19 3
11	16 0 1 0 0 0 ,8 2
12	3 0 1 0 1 0 ,4 2,15 4
13	16 1 0 0 0 0 ,18 1
14	16 1 0 0 0 2 ,13 5,18 5,19 1
15	13 1 0 0 0 1 ,0 5,14 1
16	5 0 0 2 0 1 ,6 3,14 5,16 3
17	16 1 0 0 0 0 ,18 1
21	7 1 0 0 0 0 ,21 1
22	13 0 0 1 1 0 ,8 4,14 3
23	14 0 1 0 0 0 ,17 2
24	3 0 1 1 0 0 ,10 3,22 2
27	17 0 0 0 1 0 ,10 4
28	14 0 0 0 1 0 ,17 4
33	3 1 0 0 1 0 ,18 4,22 1
35	12 0 0 0 0 1 ,1 5
37	13 0 1 0 0 0 ,14 2
40	16 0 0 1 0 0 ,18 3
42	2 0 1 0 0 0 ,7 2
43	12 0 0 0 0 1 ,1 5
45	7 0 1 1 0 1 ,14 2,19 5,21 3
47	1 1 0 0 0 0 ,11 1
51	7 0 0 1 1 0 ,15 4,21 3
53	12 0 1 0 0 0 ,1 2
54	13 0 0 0 0 1 ,15 5
56	1 1 1 0 1 0 ,0 4,2 2,3 1
59	17 0 0 2 0 0 ,10 3,19 3
60	10 1 0 0 0 0 ,9 1
61	16 0 0 0 0 1 ,8 5
62	14 1 0 0 0 0 ,2 1
66	14 0 1 0 0 0 ,17 2
68	10 3 0 0 0 0 ,0 1,8 1,16 1
70	10 0 0 1 0 0 ,5 3
72	5 1 0 0 0 0 ,6 1
77	17 1 0 0 0 0 ,13 1
78	5 2 1 0 0 0 ,6 1,10 2,17 1
81	20 0 0 0 1 0 ,19 4
83	10 0 1 0 0 0 ,16 2
84	14 0 0 1 0 0 ,17 3
88	10 0 0 0 1 0 ,9 4
89	16 0 1 0 0 0 ,18 2
90	2 0 1 0 0 0 ,20 2
92	6 1 0 0 0 1 ,9 5,12 1
93	6 0 0 0 0 1 ,12 5
94	14 0 0 0 0 1 ,2 5
95	16 0 0 0 1 0 ,8 4
96	17 0 1 0 0 0 ,13 2
97	14 0 0 0 1 0 ,2 4
98	10 0 0 0 1 1 ,5 5,13 4
