1	15 0 0 0 1 0 ,3 4
2	6 1 0 2 0 0 ,0 1,2 3,8 3
4	15 1 0 0 1 0 ,1 1,10 4
5	3 1 0 0 0 0 ,19 1
6	7 0 0 0 1 1 ,3 4,7 5
7	10 0 1 0 0 0 ,26 2
8	13 0 0 1 1 0 ,1 3,4 4
9	15 0 1 0 0 0 ,1 2
10	12 0 0 0 0 1 ,13 5
11	12 0 0 0 0 1 ,13 5
12	7 2 0 0 0 0 ,7 1,25 1
13	10 0 0 0 0 1 ,9 5
14	15 0 0 0 0 1 ,1 5
15	7 1 0 0 0 0 ,7 1
16	15 0 1 0 0 1 ,17 5,25 2
17	13 1 0 0 0 1 ,18 1,23 5
18	18 0 0 1 0 0 ,17 3
19	13 0 0 0 2 0 ,4 4,17 4
20	18 0 0 1 0 0 ,17 3
21	5 0 0 1 0 0 ,6 3
22	5 0 1 2 0 0 ,11 3,12 2,16 3
23	15 0 1 0 0 1 ,11 5,24 2
24	22 0 0 0 0 1 ,2 5
26	15 1 1 0 0 0 ,1 1,10 2
27	22 0 0 0 1 0 ,2 4
30	16 0 0 0 0 1 ,10 5
31	5 0 1 1 0 0 ,3 2,5 3
32	15 0 0 1 0 1 ,1 3,11 5
33	15 0 1 0 0 0 ,24 2
34	16 0 0 0 0 1 ,10 5
35	10 0 0 3 1 0 ,9 4,14 3,23 3,24 3
37	20 0 0 0 0 2 ,11 5,14 5
39	15 0 0 0 1 1 ,11 4,24 5
41	5 0 1 0 3 0 ,5 2,11 4,15 4,20 4
42	18 0 0 1 0 0 ,17 3
44	15 0 0 0 1 0 ,25 4
45	10 1 0 1 0 0 ,14 1,16 3
46	6 0 0 2 0 0 ,8 3,26 3
47	19 0 0 1 0 0 ,23 3
50	22 0 0 1 0 0 ,2 3
52	10 0 0 0 0 1 ,26 5
53	15 1 0 0 0 0 ,3 1
54	8 1 0 0 1 0 ,15 4,20 1
55	13 0 1 0 0 1 ,4 5,14 2
56	13 0 0 1 1 0 ,18 3,23 4
57	5 0 0 0 0 1 ,21 5
64	10 0 0 1 0 0 ,16 3
65	22 0 1 0 0 0 ,2 2
66	20 0 0 0 1 0 ,14 4
67	13 0 0 0 0 1 ,18 5
70	10 1 0 0 0 0 ,16 1
71	15 1 0 0 0 0 ,25 1
73	5 1 1 0 1 0 ,6 1,13 2,22 4
74	20 0 0 0 0 1 ,14 5
75	12 0 0 0 1 0 ,15 4
76	11 1 0 1 0 0 ,0 3,23 1
77	15 0 1 0 0 0 ,3 2
78	9 0 0 1 0 0 ,22 3
79	11 0 0 1 0 0 ,0 3
81	5 0 0 1 0 0 ,12 3
85	15 0 0 0 0 1 ,25 5
86	9 0 2 0 0 0 ,22 2,25 2
88	13 0 0 0 1 0 ,18 4
90	22 0 0 0 0 1 ,2 5
92	5 2 0 1 1 0 ,0 4,6 1,9 1,23 3
94	15 0 0 1 0 0 ,24 3
95	15 0 1 0 0 0 ,3 2
96	3 0 1 1 0 0 ,19 2,20 3
