0	3 6 13 10 8 6 ,0 12,1 15,3 7,6 7,7 13,8 3,9 12,11 15,12 11,13 16,15 8,17 4,19 12,20 5,22 21,23 8,24 13,26 12,27 18,28 12,30 10,31 10,32 11,33 7,34 15,35 15,36 11,37 23,38 12,39 12
1	2 7 5 13 11 12 ,0 5,1 6,2 16,3 3,4 2,6 13,7 9,8 13,9 11,10 17,11 7,14 14,15 7,16 3,17 21,18 9,19 5,21 12,22 8,26 10,27 11,28 22,29 8,34 5,35 19,36 19
2	6 11 11 8 4 8 ,0 6,1 7,3 7,4 8,5 17,6 17,7 8,8 20,10 19,12 7,13 8,14 14,15 7,16 17,18 13,19 10,21 15,22 19,23 20,25 12,26 12,27 6,28 12,29 9,30 10,34 11,37 8,38 8
3	1 15 13 11 9 6 ,1 1,3 3,5 8,6 14,7 6,9 6,11 22,12 11,13 4,14 7,16 2,17 21,18 9,19 10,21 13,22 21,23 15,24 12,25 4,26 8,27 9,28 15,30 10,34 18,38 5,39 12
4	1 12 8 8 6 10 ,0 18,2 12,3 6,4 18,6 10,7 17,10 18,12 11,14 8,16 7,17 16,18 8,19 15,20 10,21 10,22 17,24 13,26 22,27 8,28 9,30 16,31 10,33 1,34 9,35 11,38 11,39 13
5	1 11 7 7 7 3 ,1 21,4 1,6 10,7 16,8 20,9 16,10 10,11 16,12 9,13 8,14 5,15 13,16 17,19 15,20 2,21 10,22 8,26 14,28 7,29 17,31 9,32 8,34 21,36 12
6	1 8 6 9 7 17 ,1 18,6 14,7 13,8 11,9 20,10 13,11 10,12 20,14 16,15 14,16 11,17 18,18 15,19 8,21 8,22 10,24 16,25 7,26 1,28 14,29 12,31 10,32 3,35 6,37 15,39 13
7	1 9 6 8 2 5 ,2 6,3 7,4 17,5 11,6 10,7 8,8 16,10 13,11 9,12 9,17 7,19 7,21 20,22 13,25 1,28 22,30 10,35 1,37 5,38 5
8	1 7 5 5 7 8 ,0 8,1 17,2 20,4 23,5 15,8 3,10 19,11 8,12 20,13 5,14 7,15 19,17 7,20 9,23 20,24 10,25 9,28 9,33 10,36 1,37 20
9	3 7 9 6 8 11 ,2 15,3 21,4 13,7 7,8 16,9 14,11 19,12 19,15 10,16 15,18 8,19 18,26 18,27 17,30 6,31 14,33 10,34 3,36 17,38 12,39 16
10	3 8 8 6 10 7 ,0 13,2 12,4 8,5 13,6 14,8 14,9 22,11 7,12 19,13 6,14 5,15 19,16 3,18 16,19 8,21 10,22 17,23 4,24 13,25 13,26 15,30 9,31 17,32 10,35 6,36 8,39 7
11	5 8 8 9 6 9 ,2 15,4 9,7 10,8 5,9 10,10 13,11 14,12 5,14 16,19 18,20 10,21 6,23 12,25 12,26 7,28 9,29 25,30 11,33 9,36 14,37 5,39 18
12	3 11 8 11 9 7 ,0 13,1 7,4 7,5 12,8 7,9 4,10 19,11 21,12 19,13 16,14 5,15 21,16 5,17 17,19 12,20 5,21 8,22 13,23 17,24 10,25 7,26 3,28 5,29 12,33 19,34 13,39 8
13	3 7 6 7 6 5 ,0 19,1 8,6 10,7 10,8 15,11 8,14 3,15 21,16 11,17 7,19 6,21 11,23 17,24 9,25 23,27 8,28 12,30 16,31 18,32 8,38 4,39 12
14	2 4 9 9 8 7 ,2 10,3 7,4 11,5 14,6 9,8 18,9 21,11 6,13 10,14 16,15 18,16 13,18 22,19 5,21 12,24 17,25 2,27 15,28 12,29 12,30 13,31 17,32 11,34 13,36 11,38 4,39 11
15	2 14 10 8 5 5 ,2 16,4 5,5 6,6 10,7 8,9 8,11 2,12 4,13 18,14 14,17 10,19 10,20 7,24 2,25 5,26 7,27 10,29 7,31 6,32 8,33 16,34 13,35 4,37 23
16	6 8 6 6 10 6 ,0 16,1 10,4 21,5 13,6 10,7 9,9 13,10 16,11 14,12 15,13 11,15 19,16 11,17 10,18 8,22 8,23 11,25 6,26 16,27 11,29 20,30 14,32 12,33 14
17	3 9 9 7 7 13 ,0 18,2 12,3 21,6 20,8 27,9 10,11 14,12 7,14 5,17 21,18 8,19 13,20 4,22 10,23 15,25 14,26 3,28 5,29 11,30 9,31 9,32 15,33 12,34 15,35 4,36 14,38 4,39 9
18	1 8 7 14 15 10 ,0 22,1 21,2 12,3 10,4 1,6 23,7 10,8 4,10 14,11 14,12 8,13 14,15 12,16 12,17 9,18 9,19 18,21 4,22 13,24 9,26 10,27 6,28 20,29 20,30 10,32 11,33 17,34 6,35 3,36 9,39 7
19	1 9 11 16 3 11 ,0 9,1 9,2 3,3 6,4 13,6 11,7 3,8 15,9 12,11 1,12 11,14 5,17 14,18 19,19 6,20 6,22 9,23 8,24 9,25 12,27 21,28 14,29 11,31 18,34 18,36 11,37 5,38 4
20	2 11 9 11 4 10 ,3 3,4 11,5 2,6 4,7 13,9 14,11 14,12 19,13 11,14 13,15 11,16 11,19 6,21 11,24 14,25 11,27 11,29 11,31 14,32 3,34 12,35 17,37 13,38 18,39 15
21	2 7 8 15 3 4 ,0 9,1 9,2 11,3 16,5 14,8 13,10 8,12 25,13 2,16 11,17 12,18 15,19 5,20 10,21 8,22 13,23 9,26 14,27 3,28 15,29 12,30 5,31 5,33 10,39 9
22	3 10 8 9 12 6 ,0 10,1 5,2 17,4 21,5 17,7 9,8 10,10 13,12 21,13 24,14 12,16 8,17 7,18 8,19 6,23 15,24 5,25 18,26 20,27 5,28 13,29 5,33 16,34 3,36 7,37 17,38 18,39 12
23	1 10 11 9 9 11 ,0 14,2 5,5 15,6 12,10 9,12 11,14 2,15 12,16 1,17 3,18 11,19 26,20 6,21 10,23 8,24 13,25 11,26 15,27 4,28 12,31 5,32 6,34 9,35 6,36 14,37 17,39 12
24	1 11 8 9 9 6 ,0 14,1 10,2 5,3 14,4 6,5 22,6 20,8 8,9 20,10 13,11 8,12 20,13 16,14 8,15 12,16 19,17 2,18 17,20 10,22 21,23 16,24 1,25 5,26 12,28 4,31 11,33 10,34 18,37 13
25	2 9 8 7 7 8 ,0 10,2 15,4 23,6 11,7 17,8 16,9 10,10 16,11 6,12 19,16 9,17 2,20 13,22 10,23 12,24 5,26 15,27 20,28 12,29 16,31 17,34 13,37 13,38 18,39 14
26	1 7 7 5 9 4 ,2 15,5 14,6 15,7 15,8 20,10 8,11 10,12 8,13 1,14 9,15 21,16 8,17 2,19 12,20 10,21 11,23 12,24 19,29 12,30 13,31 11,33 14,34 17,37 6
27	8 10 2 9 10 3 ,0 13,1 18,5 13,6 14,7 15,8 13,9 18,10 9,11 16,12 11,13 16,14 16,16 8,19 10,21 15,22 8,23 16,25 17,26 15,27 11,28 8,29 20,34 18,39 9
28	2 5 14 11 5 4 ,0 7,2 10,5 13,9 12,11 20,12 19,14 3,15 8,16 13,17 10,18 16,19 8,21 15,22 17,24 13,25 6,26 18,27 11,28 17,33 2,34 21,35 17,37 20,38 9,39 12
29	1 12 6 8 7 8 ,0 16,1 7,4 17,7 18,8 13,11 9,12 7,15 10,17 8,18 8,19 12,20 13,21 6,23 1,25 12,26 16,28 9,30 13,31 18,33 13,34 12
30	2 9 9 9 8 9 ,0 21,3 16,4 2,5 10,6 10,7 18,8 10,9 14,11 4,13 18,15 14,16 13,17 4,19 8,20 13,22 5,23 8,25 19,27 11,28 13,29 16,33 2,35 5,38 12,39 18
31	5 5 12 7 9 6 ,1 18,2 15,4 7,5 16,8 11,9 9,10 13,11 20,12 19,16 11,17 21,18 15,20 7,22 11,23 17,24 13,26 18,30 5,31 17,32 16,33 15,34 7,35 11,36 18,37 23,38 5,39 11
32	2 8 13 5 13 7 ,1 18,3 6,4 17,5 16,7 7,8 8,9 18,12 11,13 16,14 14,15 14,16 4,17 13,18 9,19 11,20 9,21 15,22 5,23 16,24 22,25 7,26 15,27 2,28 19,30 14,31 10,33 10,37 13,39 11
33	6 8 3 7 6 9 ,0 12,5 13,7 15,12 6,13 15,16 8,17 9,18 9,19 11,20 10,21 10,22 9,23 16,24 22,26 10,29 13,30 11,32 8,33 19,36 12,38 9,39 11
34	2 4 6 6 7 4 ,0 5,3 2,7 17,8 17,11 8,12 9,13 4,17 17,18 9,23 8,26 10,27 11,29 10,35 11,37 20,38 10,39 12
35	2 7 10 6 3 6 ,0 13,2 20,6 10,8 13,12 16,13 5,14 16,15 5,16 10,17 2,19 5,21 14,23 10,24 18,25 19,28 15,29 7,32 8,33 13,34 12,35 6,36 9,37 10
36	8 4 5 3 8 5 ,0 13,5 17,7 10,8 16,9 9,10 17,11 8,13 11,14 12,15 19,16 13,21 11,25 12,27 16,28 20,29 9,30 8,31 14,33 14,34 18,37 23
37	3 12 3 9 5 5 ,0 5,2 15,3 11,5 11,6 16,8 3,9 18,10 15,12 25,13 22,15 18,16 14,17 24,18 14,21 8,22 19,23 20,24 12,25 12,26 4,29 8,30 10,34 4,36 7,37 15,38 10
38	2 7 7 8 13 10 ,0 10,1 7,5 4,6 4,7 9,8 2,11 16,13 10,14 8,18 11,19 12,20 12,21 12,23 8,24 8,25 12,27 9,28 7,31 10,32 9,33 13,34 13,35 7,36 18,39 19
39	1 10 9 9 13 10 ,3 1,5 4,6 14,7 3,8 14,9 18,12 1,13 8,14 16,17 21,18 4,19 12,21 9,23 6,24 1,27 16,29 25,30 9,31 17,34 8,36 18,38 4,39 12
40	1 7 10 6 4 9 ,0 10,2 11,4 13,5 15,8 5,9 4,11 14,12 10,14 5,16 19,18 11,19 6,21 12,25 15,26 1,28 2,29 13,30 5,32 17,34 17,35 7,37 15,38 5
41	3 4 10 8 8 3 ,0 14,1 5,5 22,6 9,9 12,10 16,11 3,13 11,15 12,16 3,17 21,19 7,21 10,22 14,23 16,24 3,26 16,28 22,29 8,31 9,34 7,38 11,39 14
42	4 9 7 6 12 7 ,0 16,2 20,3 8,4 9,5 4,7 6,8 10,9 8,10 10,11 16,13 11,15 12,17 10,18 7,19 8,21 5,22 19,23 15,24 9,25 18,27 8,30 5,32 12,34 9,37 23,38 16
43	3 8 9 9 12 11 ,0 12,1 14,2 12,5 13,7 9,8 7,9 8,10 15,11 14,12 9,14 7,15 13,16 21,17 4,18 15,19 13,21 11,22 8,23 4,24 5,25 9,26 3,27 11,29 11,30 13,33 7,37 17,38 11
44	1 8 9 12 10 5 ,0 21,5 5,6 23,8 20,9 16,11 14,12 18,13 13,14 12,16 11,17 3,18 9,19 4,20 1,21 13,22 20,23 9,26 15,27 10,28 10,31 9,32 10,33 19,34 3,35 15,37 6,39 12
45	4 6 5 5 12 4 ,4 22,5 20,6 16,8 16,11 15,12 4,13 16,14 8,15 20,16 22,18 8,19 8,20 7,21 11,22 12,24 9,27 11,28 12,30 16,31 17,33 15,34 12,37 9,39 11
46	1 5 6 7 5 12 ,0 6,1 21,2 12,4 17,5 6,6 20,7 11,8 16,9 16,12 18,16 13,17 8,21 11,22 19,23 2,25 15,26 10,27 17,28 20,29 1,31 6,32 8,33 13,34 18,37 9
47	4 6 8 11 5 9 ,1 7,2 15,3 7,4 21,5 8,6 14,7 13,9 10,10 16,12 15,13 4,14 16,15 14,16 14,17 18,18 16,23 14,24 16,25 11,28 10,30 10,31 9,33 7,34 13,36 17,38 8
48	1 8 8 9 10 8 ,1 9,2 12,4 17,5 9,6 10,7 17,8 13,9 20,10 18,11 20,12 19,13 11,14 12,16 12,18 8,19 6,21 12,22 10,23 14,24 14,26 1,27 9,28 2,29 8,30 6,31 9,34 15,36 19,37 10
49	3 4 6 10 13 5 ,2 12,3 21,4 21,5 9,6 18,7 8,9 3,10 17,11 15,12 8,13 11,16 18,17 17,19 4,20 8,21 4,22 12,23 12,28 17,29 15,30 5,38 7
50	3 8 6 14 10 7 ,0 16,2 15,5 22,7 8,8 15,10 13,12 16,13 8,14 7,15 3,16 11,17 10,19 9,20 5,21 19,23 12,24 14,25 12,27 14,30 14,31 10,33 7,36 14,38 8,39 9
51	5 2 6 12 7 6 ,0 16,1 5,2 16,3 6,5 16,6 5,7 10,8 27,9 11,10 13,11 19,12 15,13 15,14 14,16 13,17 12,18 18,19 11,20 13,21 8,23 11,25 18,26 12,28 22,29 8,32 16,39 11
52	4 4 8 12 12 4 ,0 16,2 20,5 9,6 15,8 17,9 22,10 13,11 4,13 18,14 16,15 5,16 17,18 9,19 6,20 7,21 6,23 17,24 14,25 17,27 17,28 17,30 16,31 18,34 13,35 17,37 23
53	2 2 7 10 4 7 ,2 15,5 13,6 14,7 14,11 4,12 19,15 6,16 10,17 21,18 2,19 10,20 4,21 17,22 17,25 20,26 16,27 4,30 10,32 16,33 13,39 13
54	1 10 8 12 10 9 ,1 3,2 15,3 21,4 13,5 15,6 11,9 5,11 14,12 7,13 22,15 7,16 12,17 10,19 9,20 1,21 15,22 14,23 8,24 9,26 8,27 20,28 17,29 9,30 13,31 10,33 16,36 8,37 23,38 24
55	2 8 12 9 10 6 ,1 9,4 22,5 13,7 10,8 3,10 7,11 22,12 10,13 2,14 12,15 10,16 15,17 18,20 9,25 4,26 8,27 13,28 11,30 6,32 11,33 8,34 9,36 7,37 3,38 5,39 2
56	5 1 10 6 12 10 ,0 15,1 7,5 5,6 14,7 8,8 17,9 20,10 13,11 20,12 20,13 14,16 17,17 24,19 20,20 6,21 9,23 12,24 12,27 6,29 11,30 14,32 17,38 16,39 12
57	4 7 4 1 3 11 ,0 9,1 13,2 12,3 6,6 12,7 14,8 20,9 16,11 14,12 23,14 8,17 21,18 17,19 5,22 8,23 16,24 16,25 18,26 4,28 9,36 17,38 20
58	4 7 9 5 5 6 ,0 10,2 15,3 10,5 4,6 11,8 16,10 10,11 20,12 11,14 9,15 5,16 12,17 14,19 11,21 15,23 10,26 10,30 14,31 6,34 11,35 19,36 11,38 17,39 5
59	2 7 7 5 6 7 ,0 9,3 10,4 11,5 11,6 16,7 11,9 5,10 17,11 7,12 5,15 8,17 5,19 11,21 10,23 10,24 17,27 13,31 5,32 6,35 2,38 11,39 12
60	1 10 7 8 7 9 ,1 7,2 15,4 9,5 5,7 11,8 9,9 3,11 3,15 18,17 9,18 18,19 12,20 13,21 6,22 8,24 10,25 15,27 6,28 1,29 19,33 10,36 14,37 14,39 9
61	1 6 4 10 8 7 ,0 5,3 14,4 15,5 4,6 11,7 2,9 22,11 14,12 15,13 22,14 3,15 10,16 13,18 5,19 11,20 10,21 1,22 8,24 12,25 11,26 12,28 12,29 19,33 15,34 16,39 8
62	5 10 7 7 12 12 ,0 13,2 12,4 15,5 11,6 9,7 6,8 20,9 9,11 14,12 21,13 11,14 16,15 12,16 5,18 11,19 21,21 12,22 20,23 12,25 9,26 15,27 8,28 21,29 9,30 16,33 15,34 8,35 9,36 7,37 15
63	2 4 9 16 7 9 ,0 6,1 13,2 12,4 6,5 10,7 11,8 19,9 11,10 13,11 12,12 16,14 14,15 13,18 13,21 12,22 8,24 2,26 3,27 22,29 19,33 19,34 17,36 12,37 5,38 20,39 13
64	4 18 9 4 6 11 ,0 5,1 14,2 4,3 6,4 15,5 16,6 20,7 24,8 16,10 17,11 14,14 5,15 8,16 11,18 16,19 5,20 6,21 19,23 12,24 22,25 12,26 12,27 14,28 12,32 17,35 17,36 18,37 13,38 12
65	1 8 6 7 8 9 ,0 18,2 11,3 11,4 4,5 12,6 20,9 9,10 18,14 12,16 17,18 18,19 8,21 8,22 17,23 9,25 1,26 7,27 11,28 4,29 13,31 21,34 11,36 1,37 7,38 20,39 8
66	1 10 7 12 7 8 ,0 4,1 15,3 8,4 21,5 4,6 5,7 12,9 20,10 14,12 15,13 4,14 3,15 8,16 11,19 12,20 13,21 15,23 6,24 3,26 5,29 11,30 10,31 11,35 7,36 1,39 9
67	1 6 9 13 8 5 ,3 5,5 4,6 18,7 13,9 13,10 16,12 16,14 1,16 5,18 22,19 13,20 14,21 14,23 12,24 6,25 12,26 5,31 18,32 3,33 13,34 7,36 18,38 11,39 14
68	1 9 4 8 8 13 ,0 13,3 8,5 4,8 6,9 9,11 12,12 9,13 14,14 3,15 8,16 13,18 14,19 13,20 7,21 5,22 20,23 5,24 10,25 15,27 14,28 1,29 20,32 6,33 19,36 17,38 18,39 8
69	1 6 6 8 10 9 ,0 19,5 15,6 7,8 16,9 10,12 18,13 22,14 14,15 10,20 13,21 12,23 12,24 18,27 1,28 10,29 10,30 6,33 12,34 12,36 8,38 11,39 8
70	2 7 10 10 8 5 ,0 9,1 6,3 7,4 2,5 13,7 15,9 21,10 13,11 22,12 11,13 4,14 15,17 14,18 9,19 5,21 13,22 20,24 12,25 11,26 7,27 20,28 6,30 16,32 8,33 14,35 9,39 13
71	2 9 6 5 9 8 ,0 9,1 12,3 6,5 2,6 22,8 2,9 9,10 5,11 4,12 4,13 11,14 15,15 12,16 12,18 17,20 15,22 21,23 19,25 11,27 21,29 7,30 13,33 10,34 15,39 11
72	5 6 10 3 11 6 ,0 5,4 9,5 13,6 11,8 16,13 13,14 12,16 16,19 6,21 10,24 16,26 7,28 14,29 11,30 14,31 17,32 6,33 13,37 14
73	2 10 6 9 8 6 ,0 19,1 7,3 11,4 18,5 12,7 14,9 22,10 14,11 15,12 3,13 11,19 8,20 13,22 8,23 13,24 12,25 15,26 3,27 13,28 2,29 16,32 9,33 17,34 12,37 23,38 9
74	1 13 17 10 7 6 ,0 13,3 5,4 13,5 17,8 2,9 14,10 13,11 1,12 1,13 14,15 8,16 5,17 8,18 15,19 9,20 5,21 9,23 11,25 6,27 11,28 2,29 16,30 14,31 9,32 3,35 10,37 7,38 5,39 9
75	3 3 7 5 12 9 ,0 19,1 5,3 14,4 21,5 13,6 13,8 16,9 10,11 8,12 8,13 15,14 4,15 17,16 9,17 21,18 16,19 9,21 17,24 17,25 15,26 20,29 3,32 17,33 10,34 13,36 8
76	1 11 9 4 12 10 ,0 9,4 18,5 14,6 12,7 6,8 15,9 8,10 15,11 10,12 6,13 11,15 20,19 6,20 7,23 4,25 15,26 5,27 13,28 17,29 17,31 1,32 10,35 9,36 19,37 1,38 7,39 16
77	4 9 6 9 11 11 ,0 15,1 4,4 22,5 6,6 20,7 13,8 19,9 22,11 8,12 16,14 12,15 5,17 24,18 11,19 8,20 15,21 12,23 9,24 18,25 12,28 5,29 10,31 17,34 11,35 6,36 17,38 10,39 18
78	3 7 6 11 10 15 ,2 11,3 6,4 13,5 11,6 12,7 14,8 17,11 7,12 4,14 8,15 7,16 19,18 7,19 8,23 3,24 6,25 12,27 8,28 9,29 16,30 13,32 11,33 10,34 4,37 3,38 10,39 3
79	1 6 8 7 15 5 ,2 11,5 4,6 10,7 10,8 6,10 13,12 19,13 7,15 18,16 14,17 2,18 5,20 15,21 17,22 13,23 15,25 17,26 1,27 17,28 13,29 8,31 11,34 17,35 11,36 12,39 12
80	2 5 15 7 5 19 ,0 15,1 6,4 5,7 16,9 14,10 9,11 9,12 7,14 15,16 17,17 8,18 17,19 5,20 7,21 11,22 8,23 16,24 9,25 9,26 15,27 14,28 14,29 11,30 2,32 6,38 8
81	1 8 8 6 9 9 ,0 21,1 18,2 6,4 8,5 12,6 10,7 18,8 3,10 19,11 14,12 19,14 5,16 11,17 21,20 13,23 15,24 8,25 12,27 14,29 11,33 19,36 11,37 1,39 12
82	1 13 5 10 9 7 ,0 13,1 4,2 17,4 21,5 5,6 22,7 22,8 16,10 13,11 4,12 8,13 6,14 12,15 19,16 14,17 16,18 19,20 6,23 1,24 8,25 5,26 8,29 7,30 10,31 18,32 6,35 15,37 5,38 5
83	4 6 7 7 8 7 ,1 9,3 10,4 15,5 13,8 16,9 4,12 11,13 11,15 14,18 18,21 13,24 8,25 17,26 8,27 9,28 13,29 8,31 10,33 8,35 17,36 5,37 13,38 12,39 16
84	1 9 8 10 7 9 ,0 1,4 10,5 13,6 14,8 3,12 19,13 3,14 15,15 6,16 17,17 10,18 17,19 8,20 2,21 15,23 14,24 8,27 14,28 9,29 9,32 15,34 12,35 6,36 7
85	1 9 13 9 7 6 ,0 14,4 17,5 6,6 23,7 10,8 20,9 7,12 19,13 2,14 14,15 8,17 10,18 8,19 6,20 12,21 7,23 10,24 9,25 11,26 1,30 9,33 13,34 9,37 20,38 8,39 12
86	4 6 5 5 12 11 ,2 15,5 13,6 13,7 15,8 5,11 19,12 19,13 16,15 8,17 4,18 4,19 10,20 13,23 12,25 15,26 18,27 20,28 9,30 13,32 16,34 15,35 17
87	2 6 6 9 6 11 ,6 9,9 9,10 19,13 11,15 7,16 8,17 2,18 17,19 8,20 7,21 12,22 8,24 19,25 23,26 10,27 15,28 13,29 20,31 11,32 8,37 23,38 24,39 19
88	2 8 9 8 7 5 ,0 10,1 13,2 2,3 21,7 11,11 7,14 16,15 20,16 22,18 13,20 4,21 10,23 4,24 9,27 9,28 13,29 5,32 6,33 8,34 5,38 5,39 18
89	3 8 7 6 5 14 ,3 11,4 10,5 12,6 11,7 8,8 8,9 5,12 5,13 14,14 14,15 5,16 17,21 13,23 12,24 12,26 3,27 17,29 7,34 7,35 10,37 3
90	1 8 9 8 11 5 ,0 3,1 2,5 7,6 13,8 16,9 13,10 7,11 12,12 11,13 8,15 5,16 4,17 24,18 17,19 9,20 13,23 9,24 1,25 4,26 14,27 11,29 15,32 4,34 15,35 13,36 19,37 7,38 24,39 9
91	4 12 5 8 6 9 ,0 8,1 13,2 12,3 21,5 12,6 4,8 20,9 6,11 8,14 12,15 5,17 21,18 11,19 21,21 12,22 20,23 11,24 17,27 11,28 12,32 12,33 12,34 12,35 7,36 12,38 11,39 18
92	3 6 4 12 10 8 ,1 14,3 7,4 9,5 14,6 14,7 3,8 18,9 14,12 16,15 13,16 13,18 9,19 12,20 13,22 9,23 8,24 5,25 7,26 12,27 10,28 5,30 10,31 14,33 13,34 13,39 9
93	5 12 5 6 11 14 ,0 9,1 15,3 11,5 18,6 13,7 6,8 14,9 13,10 8,11 21,12 9,14 7,16 12,17 7,18 9,19 11,21 6,22 14,23 13,24 16,27 17,28 17,32 12,34 7,35 10,37 5,38 8,39 8
94	2 11 7 13 7 6 ,0 7,2 17,3 11,4 4,6 11,8 19,10 10,12 15,13 8,14 2,16 21,17 18,18 8,19 18,20 2,21 10,24 8,25 20,27 11,28 8,29 11,30 10,31 14,32 17,34 13,35 10,37 17,39 11
95	1 8 5 9 11 8 ,0 5,1 7,2 12,3 6,4 13,5 18,6 20,7 3,9 20,11 16,12 16,14 15,15 12,16 9,17 1,18 18,21 15,22 9,25 7,26 15,27 5,30 4,31 18,32 10,33 10,34 4,39 15
96	5 6 2 13 10 9 ,0 13,1 8,2 16,4 18,5 13,7 8,9 5,15 14,16 7,17 10,18 9,19 5,21 10,22 12,23 15,24 9,25 5,26 16,27 10,28 5,34 7,35 17,37 14,39 15
97	3 5 7 3 10 10 ,0 16,2 10,3 10,5 4,8 13,9 13,10 16,11 4,14 5,16 13,17 18,18 9,19 10,20 10,22 8,23 16,24 17,26 13,27 11,28 5,29 11,30 3,34 17,35 17,38 20
98	2 5 8 6 13 11 ,0 5,1 8,3 21,4 18,7 8,8 9,9 7,10 19,12 19,14 15,15 4,16 13,18 15,19 10,20 5,21 15,22 11,24 2,25 11,28 17,29 19,30 10,31 10,34 9,35 9,36 9,37 3
99	3 9 7 6 7 9 ,0 3,1 17,7 9,8 13,11 10,12 7,13 14,14 9,15 8,16 16,17 14,20 9,21 17,22 3,25 15,26 8,27 6,28 5,30 10,35 5,36 12
