0	7 0 0 1 0 0 ,11 3
2	20 0 0 0 0 1 ,24 5
3	18 0 1 1 1 0 ,10 3,12 4,28 2
7	18 1 1 0 0 0 ,8 2,28 1
8	20 0 0 1 0 0 ,24 3
9	10 0 0 0 0 1 ,7 5
10	9 0 0 1 1 0 ,18 3,19 4
11	9 1 0 0 1 0 ,1 4,20 1
12	10 0 0 0 1 0 ,4 4
13	17 0 0 0 1 0 ,26 4
14	15 0 1 0 1 0 ,2 4,20 2
15	18 0 1 0 0 0 ,2 2
16	22 0 0 0 0 1 ,27 5
18	16 0 2 0 1 0 ,9 2,24 2,29 4
19	15 0 0 1 0 1 ,10 5,20 3
21	16 0 0 1 0 1 ,18 5,29 3
23	8 0 0 0 2 0 ,5 4,27 4
24	9 1 0 1 1 0 ,2 4,7 1,19 3
26	5 0 0 1 0 1 ,3 5,10 3
27	6 0 1 0 1 0 ,21 2,28 4
28	25 0 1 0 0 0 ,12 2
29	18 1 0 0 0 0 ,2 1
30	8 0 1 1 0 0 ,14 2,15 3
32	2 1 0 0 1 0 ,23 4,31 1
33	16 1 0 0 0 0 ,18 1
34	18 0 1 0 0 0 ,8 2
36	16 0 1 0 0 0 ,29 2
37	16 1 0 1 0 0 ,9 1,29 3
38	9 0 1 1 0 0 ,1 2,8 3
39	20 0 0 0 0 1 ,24 5
41	5 0 0 1 1 0 ,6 4,26 3
42	16 0 0 0 1 0 ,29 4
46	7 0 1 0 0 0 ,11 2
47	12 0 0 1 1 0 ,8 3,23 4
48	2 0 2 2 0 0 ,13 2,16 3,17 2,26 3
49	12 1 0 1 0 0 ,18 3,23 1
51	17 0 0 0 2 1 ,12 5,15 4,27 4
53	17 0 0 0 1 0 ,26 4
54	10 0 2 0 2 0 ,2 2,7 4,10 2,15 4
55	7 0 1 0 0 0 ,30 2
56	18 0 0 0 0 1 ,28 5
58	12 0 1 0 0 0 ,16 2
59	16 0 0 0 1 0 ,18 4
60	18 0 0 0 1 0 ,8 4
61	8 0 0 2 0 0 ,5 3,28 3
63	6 0 0 1 1 0 ,8 4,21 3
64	25 0 0 0 1 0 ,12 4
66	6 1 0 0 0 0 ,21 1
69	20 1 0 0 0 1 ,24 1,27 5
70	12 0 1 1 0 0 ,9 3,16 2
71	3 0 0 1 0 1 ,10 5,25 3
72	2 1 0 2 0 0 ,1 3,26 3,31 1
73	15 1 0 1 0 0 ,15 3,20 1
75	25 0 0 0 0 1 ,12 5
76	9 0 1 1 0 0 ,4 3,19 2
78	10 0 0 0 1 0 ,13 4
81	10 0 0 2 0 0 ,4 3,28 3
82	8 1 0 0 0 0 ,5 1
83	8 1 0 0 1 0 ,14 1,24 4
84	16 0 0 0 0 1 ,9 5
85	15 0 0 1 0 0 ,20 3
86	7 0 2 1 0 1 ,0 2,11 2,20 5,23 3
87	5 1 0 0 0 0 ,6 1
88	16 1 0 0 0 0 ,9 1
89	7 0 0 0 0 2 ,0 5,16 5
90	1 1 0 0 0 1 ,12 5,22 1
91	10 0 0 0 1 1 ,2 5,13 4
92	22 0 0 0 1 0 ,27 4
94	16 0 0 1 1 0 ,9 4,15 3
95	7 0 0 0 0 1 ,30 5
97	23 0 0 0 0 1 ,10 5
98	8 0 0 0 0 1 ,14 5
