1	10 0 1 0 0 0 ,10 2
3	7 0 0 0 0 2 ,0 5,2 5
6	10 1 0 0 0 2 ,0 5,13 5,17 1
7	10 0 1 0 1 0 ,5 4,16 2
8	8 0 1 1 0 1 ,6 2,11 3,26 5
10	15 0 1 0 0 0 ,30 2
11	12 0 0 0 1 1 ,19 4,30 5
13	3 1 1 0 1 0 ,4 4,7 1,16 2
14	5 0 0 1 1 0 ,14 3,29 4
17	14 0 1 1 0 0 ,8 3,20 2
18	10 0 0 0 1 0 ,5 4
19	5 2 0 0 0 0 ,3 1,14 1
21	10 0 2 0 0 2 ,0 2,3 5,15 2,31 5
22	14 0 0 0 1 0 ,4 4
23	14 0 0 0 2 0 ,0 4,27 4
27	6 1 0 0 0 1 ,11 1,23 5
28	7 0 1 0 0 0 ,2 2
29	17 1 0 0 0 0 ,13 1
31	15 0 0 1 0 0 ,30 3
33	3 0 0 1 0 1 ,9 3,21 5
36	14 1 0 0 0 0 ,4 1
37	5 1 1 0 0 0 ,6 2,29 1
38	2 0 2 0 0 0 ,21 2,25 2
39	3 1 0 0 0 0 ,24 1
40	14 0 0 1 0 0 ,20 3
44	18 0 0 0 0 1 ,22 5
45	19 0 0 0 1 0 ,26 4
46	14 0 0 0 1 0 ,16 4
47	14 0 0 0 0 1 ,27 5
48	10 0 0 0 1 1 ,6 4,12 5
50	8 0 0 2 1 0 ,11 4,15 3,16 3
53	12 1 0 0 0 0 ,31 1
54	12 0 1 0 0 0 ,19 2
56	8 0 1 0 0 0 ,18 2
57	12 0 0 0 1 0 ,3 4
59	12 0 1 0 1 0 ,1 4,20 2
60	10 0 1 0 0 1 ,5 2,22 5
61	10 0 0 1 0 1 ,10 5,12 3
62	19 0 0 1 0 0 ,26 3
63	3 0 1 0 0 0 ,24 2
66	12 0 1 0 0 0 ,1 2
68	12 1 1 1 0 0 ,0 1,1 2,16 3
69	3 0 1 0 0 0 ,7 2
70	10 0 0 1 0 0 ,10 3
72	18 0 0 1 0 0 ,22 3
73	14 0 0 1 0 0 ,20 3
74	12 1 0 0 0 3 ,0 1,8 5,19 5,26 5
75	10 0 0 0 0 1 ,15 5
77	15 0 0 0 1 0 ,6 4
78	12 2 0 0 1 1 ,19 1,22 1,27 4,30 5
79	10 0 1 1 1 0 ,3 2,17 4,22 3
81	19 0 1 0 0 0 ,26 2
82	15 0 0 1 0 0 ,6 3
84	17 0 0 0 0 1 ,13 5
85	8 0 1 0 0 0 ,18 2
86	12 1 0 0 0 0 ,31 1
87	10 0 1 0 1 0 ,12 2,13 4
90	12 0 0 0 1 0 ,1 4
91	17 0 0 0 1 0 ,8 4
92	12 0 1 0 0 2 ,4 5,13 2,31 5
94	10 1 0 0 1 1 ,17 5,20 4,27 1
95	5 1 0 0 0 0 ,14 1
98	6 1 0 0 1 0 ,18 4,23 1
99	3 1 0 1 0 1 ,8 5,22 1,28 3
