0	12 1 0 1 0 0 ,3 3,15 1
2	15 0 0 0 1 0 ,6 4
3	22 0 0 0 0 1 ,17 5
5	5 1 1 0 0 1 ,10 5,14 1,18 2
6	10 0 1 0 0 0 ,21 2
7	10 0 0 0 0 1 ,11 5
9	21 0 0 1 0 0 ,12 3
10	22 1 0 0 0 0 ,17 1
12	9 0 0 0 0 1 ,22 5
13	10 1 0 0 0 0 ,11 1
14	7 0 0 1 0 0 ,18 3
15	14 0 0 1 0 0 ,23 3
17	4 1 0 0 0 1 ,19 5,24 1
19	8 0 1 0 0 0 ,8 2
21	9 0 1 0 1 0 ,0 4,13 2
23	10 1 0 0 1 0 ,3 4,11 1
24	14 0 0 0 1 0 ,23 4
25	1 1 0 0 0 0 ,7 1
26	12 0 0 0 0 1 ,4 5
28	14 0 1 0 0 0 ,23 2
32	10 1 1 0 0 0 ,1 1,11 2
33	14 0 0 0 1 1 ,2 4,23 5
34	21 0 0 0 0 1 ,12 5
35	22 0 0 0 0 1 ,17 5
36	5 1 0 0 1 0 ,2 4,14 1
37	10 0 0 0 1 1 ,2 4,21 5
41	10 1 0 0 0 0 ,21 1
43	8 1 0 0 0 0 ,8 1
44	5 0 3 0 0 1 ,1 2,16 5,18 2,21 2
47	12 0 1 0 0 0 ,20 2
48	3 0 1 0 0 0 ,9 2
50	8 0 0 0 0 2 ,1 5,8 5
51	17 1 0 0 0 1 ,2 1,15 5
52	9 0 0 0 2 0 ,1 4,22 4
53	23 0 0 0 0 1 ,2 5
54	21 0 1 0 0 0 ,12 2
55	12 0 0 0 0 1 ,4 5
58	12 0 0 0 0 1 ,20 5
60	9 0 0 0 1 0 ,19 4
61	22 0 0 0 0 1 ,17 5
63	15 0 1 0 0 0 ,6 2
64	4 0 0 1 0 0 ,24 3
66	1 1 0 0 0 0 ,5 1
67	12 1 0 0 0 0 ,20 1
70	17 0 0 0 1 0 ,15 4
71	7 0 1 0 0 0 ,10 2
72	9 0 0 1 0 0 ,0 3
73	3 2 1 0 0 0 ,4 2,9 1,11 1
74	17 0 0 0 1 0 ,15 4
75	22 0 0 1 0 0 ,17 3
78	18 0 0 1 0 0 ,1 3
79	9 1 1 0 0 0 ,0 1,20 2
81	12 0 1 0 0 0 ,3 2
82	9 0 0 1 1 0 ,13 4,17 3
84	18 0 0 1 0 0 ,1 3
85	21 0 0 0 1 0 ,12 4
86	12 0 1 0 0 0 ,3 2
87	15 0 0 0 1 0 ,6 4
90	12 0 1 0 0 0 ,20 2
93	9 0 0 1 0 2 ,6 5,12 5,13 3
95	5 0 0 1 0 0 ,14 3
96	21 0 1 0 0 0 ,12 2
98	9 1 0 1 0 0 ,0 1,15 3
99	12 1 0 0 0 1 ,2 5,3 1
