0	9 0 0 0 1 0 ,4 4
2	20 0 0 0 1 0 ,34 4
3	6 1 1 0 0 0 ,19 1,27 2
4	9 1 0 0 0 1 ,21 1,26 5
6	16 0 1 0 0 0 ,14 2
7	5 1 0 0 0 0 ,20 1
8	2 0 1 0 0 0 ,35 2
9	10 1 0 1 0 0 ,12 3,25 1
11	7 1 0 1 0 0 ,1 1,7 3
15	16 0 0 1 0 0 ,28 3
16	5 0 1 1 1 1 ,5 4,16 5,31 2,34 3
17	6 0 0 1 1 0 ,10 4,32 3
20	17 0 0 1 0 2 ,23 3,26 5,34 5
23	6 0 0 2 0 0 ,1 3,32 3
24	8 1 0 1 0 1 ,0 1,23 5,24 3
25	15 0 0 1 0 0 ,7 3
26	13 1 0 1 1 0 ,10 3,27 4,34 1
27	8 0 0 1 0 0 ,2 3
28	5 0 1 0 0 0 ,31 2
30	5 0 0 1 0 1 ,8 5,20 3
31	19 0 1 0 0 0 ,26 2
32	4 1 1 1 0 0 ,9 2,15 1,19 3
33	10 0 1 0 0 0 ,8 2
36	13 0 0 0 0 1 ,11 5
37	20 0 0 1 0 0 ,34 3
38	16 0 0 1 1 0 ,18 4,28 3
41	13 0 2 0 0 0 ,27 2,36 2
42	7 1 0 0 0 0 ,1 1
43	16 0 0 1 0 1 ,14 3,28 5
44	8 1 0 0 0 1 ,2 1,24 5
45	10 0 1 0 0 1 ,17 2,23 5
47	9 0 0 1 0 0 ,21 3
48	2 0 1 1 0 1 ,0 5,6 2,12 3
49	14 1 0 0 0 0 ,36 1
50	13 1 0 0 1 0 ,16 1,23 4
51	13 1 0 1 0 1 ,16 1,18 5,22 3
53	5 1 1 0 0 0 ,16 2,31 1
55	3 0 0 1 0 0 ,29 3
56	10 0 1 1 0 0 ,15 2,36 3
60	4 0 0 1 1 1 ,10 5,15 3,33 4
61	23 0 0 1 0 0 ,18 3
62	5 1 0 0 0 3 ,7 5,14 5,20 1,22 5
63	1 2 0 1 0 1 ,18 1,27 3,28 5,30 1
64	2 0 1 0 1 1 ,3 2,21 5,25 4
65	16 1 0 1 0 0 ,14 3,22 1
67	9 2 0 0 0 0 ,4 1,10 1
69	18 0 1 0 1 0 ,22 4,26 2
70	10 2 0 0 0 2 ,5 5,8 1,11 1,18 5
71	11 1 0 1 1 0 ,5 1,16 4,25 3
72	15 0 1 0 0 0 ,0 2
74	15 0 1 0 1 1 ,0 2,7 4,10 5
75	10 0 0 1 0 1 ,13 5,26 3
76	13 0 1 1 0 0 ,11 3,26 2
77	10 3 0 0 0 0 ,8 1,14 1,17 1
78	10 0 0 0 1 0 ,15 4
79	10 0 0 2 0 1 ,5 3,12 3,36 5
80	10 0 0 0 1 0 ,17 4
81	23 0 0 0 0 1 ,10 5
83	8 2 0 0 1 1 ,2 4,5 1,8 1,18 5
84	9 0 0 1 0 1 ,4 3,13 5
85	10 1 0 0 0 0 ,12 1
87	4 0 2 0 0 0 ,9 2,14 2
88	11 0 0 1 0 1 ,0 5,25 3
92	10 0 1 1 1 0 ,11 4,17 3,27 2
93	9 1 0 0 0 0 ,4 1
94	20 0 0 0 1 0 ,34 4
95	7 0 1 0 0 0 ,1 2
97	14 0 0 1 0 0 ,36 3
98	6 0 1 0 0 1 ,19 2,22 5
