2	8 1 2 0 0 0 ,17 1,25 2,33 2
3	13 1 1 1 0 1 ,6 2,9 3,30 5,31 1
4	9 0 1 0 0 0 ,2 2
5	22 0 1 0 0 0 ,5 2
6	18 0 0 1 0 0 ,21 3
7	3 1 1 0 1 1 ,14 2,18 1,25 5,26 4
8	8 2 1 2 1 1 ,10 3,13 3,17 5,21 1,31 2,32 4,33 1
9	13 1 0 0 1 0 ,7 1,28 4
10	14 0 0 1 0 1 ,10 3,22 5
14	17 0 0 1 0 0 ,22 3
16	17 0 0 1 0 0 ,31 3
17	8 1 1 0 0 0 ,20 2,25 1
18	7 1 0 0 1 2 ,14 1,21 5,24 5,29 4
20	14 0 1 1 1 0 ,10 2,31 3,34 4
22	8 1 1 0 1 0 ,20 1,22 4,25 2
24	2 1 0 0 1 0 ,7 4,11 1
25	6 1 1 0 0 0 ,3 1,12 2
26	18 1 0 0 1 0 ,21 1,30 4
27	7 0 0 1 1 0 ,23 4,34 3
28	21 0 0 0 1 0 ,30 4
29	8 0 1 0 0 0 ,27 2
30	11 1 0 0 0 0 ,24 1
31	6 0 0 0 1 0 ,12 4
32	16 0 0 0 1 0 ,34 4
33	6 0 0 2 0 0 ,3 3,17 3
34	15 0 1 0 0 0 ,16 2
37	21 0 0 1 0 0 ,30 3
38	11 1 0 0 0 0 ,24 1
39	12 0 0 0 0 1 ,26 5
41	22 0 1 0 0 0 ,5 2
45	7 0 0 1 0 0 ,23 3
46	18 0 0 0 0 1 ,21 5
49	8 0 1 1 0 1 ,13 2,16 3,33 5
51	8 0 2 0 0 0 ,10 2,27 2
52	13 0 1 0 0 0 ,28 2
54	8 0 0 1 0 0 ,1 3
55	7 0 0 0 0 1 ,8 5
58	2 1 0 1 0 0 ,11 1,26 3
59	8 0 0 0 0 1 ,1 5
60	14 0 1 0 0 1 ,10 2,32 5
62	13 1 0 0 1 2 ,5 4,6 1,7 5,13 5
64	13 0 1 0 1 0 ,9 2,28 4
66	11 0 0 0 0 1 ,14 5
67	8 0 0 1 2 0 ,16 4,21 3,27 4
68	16 0 0 0 1 0 ,34 4
69	9 0 1 1 0 0 ,2 2,22 3
70	13 0 0 0 0 1 ,6 5
71	13 0 0 0 1 1 ,6 4,16 5
73	10 0 0 1 0 0 ,15 3
74	16 0 0 0 1 0 ,32 4
75	11 0 0 1 2 0 ,5 4,7 3,24 4
77	5 0 1 1 0 1 ,3 2,4 3,5 5
78	3 0 0 2 0 0 ,0 3,13 3
79	11 0 0 1 0 1 ,14 3,31 5
80	7 0 1 0 0 0 ,29 2
81	7 1 0 1 0 0 ,15 3,29 1
82	13 1 0 0 0 0 ,6 1
83	9 0 0 0 0 1 ,2 5
84	3 0 1 0 0 0 ,18 2
85	14 0 2 0 0 0 ,10 2,22 2
86	7 0 1 0 0 0 ,8 2
87	14 0 0 0 0 1 ,9 5
88	3 0 1 1 0 1 ,7 2,19 3,25 5
90	14 0 0 0 0 1 ,17 5
93	16 0 0 1 0 0 ,32 3
94	16 1 0 0 1 0 ,30 4,34 1
95	5 0 1 1 1 1 ,4 2,5 5,15 4,20 3
96	8 0 1 1 0 0 ,20 2,28 3
98	14 1 0 1 1 0 ,9 4,16 1,31 3
99	21 1 0 0 0 0 ,30 1
