1	11 2 0 0 0 0 ,4 1,22 1
2	21 0 0 0 1 0 ,9 4
3	9 1 0 0 1 1 ,11 1,16 5,30 4
4	12 2 1 0 1 0 ,0 2,5 1,20 1,30 4
6	12 0 0 1 0 0 ,21 3
7	2 1 1 0 1 2 ,11 1,14 5,21 4,23 2,26 5
8	14 0 0 0 1 0 ,5 4
9	14 0 1 0 0 0 ,1 2
10	10 1 0 1 0 0 ,1 3,8 1
13	14 0 0 1 0 0 ,4 3
14	11 0 0 0 0 1 ,22 5
16	9 0 0 1 1 0 ,21 4,33 3
18	12 0 0 1 0 0 ,7 3
19	24 0 0 0 0 1 ,10 5
20	10 1 0 1 0 0 ,9 3,25 1
21	9 1 1 0 1 0 ,16 4,25 2,29 1
22	2 1 1 0 1 0 ,15 4,24 2,30 1
23	13 0 0 1 1 0 ,12 4,28 3
24	10 0 2 0 0 0 ,7 2,8 2
25	12 1 0 0 1 0 ,9 4,11 1
26	14 0 1 0 0 0 ,1 2
27	9 0 0 0 1 0 ,32 4
28	14 0 0 0 1 0 ,1 4
29	10 1 0 1 1 0 ,3 4,20 3,21 1
30	5 0 0 1 0 1 ,6 5,25 3
31	11 1 1 0 1 0 ,10 2,12 1,19 4
32	21 0 0 0 0 1 ,9 5
33	12 0 0 0 0 1 ,0 5
34	13 0 1 0 0 0 ,28 2
36	12 0 0 1 0 0 ,7 3
37	14 0 0 1 0 0 ,5 3
38	6 2 0 0 0 0 ,2 1,28 1
39	5 0 1 2 0 1 ,13 5,17 3,18 3,22 2
40	13 0 0 1 1 1 ,1 3,12 4,28 5
42	9 0 0 0 1 0 ,33 4
45	10 0 0 0 1 0 ,8 4
47	10 0 0 1 0 0 ,8 3
48	8 0 0 1 0 0 ,31 3
49	12 1 0 0 0 0 ,11 1
50	15 0 0 1 0 0 ,29 3
51	10 0 1 0 0 0 ,17 2
52	11 1 0 0 1 0 ,10 4,19 1
57	6 0 0 0 1 0 ,2 4
58	8 1 0 0 1 0 ,9 1,15 4
59	9 3 0 0 0 0 ,5 1,22 1,32 1
60	14 0 0 0 0 1 ,4 5
62	8 1 0 0 0 0 ,31 1
63	15 0 0 0 1 0 ,30 4
65	11 0 2 0 0 0 ,20 2,22 2
67	10 0 1 0 1 1 ,20 5,25 4,28 2
68	9 0 0 1 0 0 ,27 3
70	14 0 0 0 0 2 ,4 5,20 5
71	17 0 0 0 0 2 ,10 5,14 5
74	17 0 0 1 0 0 ,12 3
75	11 0 1 0 0 0 ,19 2
76	21 0 0 0 1 0 ,9 4
79	8 0 1 0 0 0 ,31 2
81	11 0 1 0 1 0 ,12 2,19 4
83	15 0 1 0 0 0 ,18 2
84	15 0 0 0 0 1 ,29 5
85	15 0 0 1 0 0 ,29 3
86	9 0 2 1 0 1 ,3 5,14 2,27 2,29 3
87	8 1 1 0 1 0 ,3 1,11 4,31 2
88	9 0 0 2 1 0 ,10 3,18 3,32 4
90	15 0 1 0 0 0 ,30 2
91	10 0 0 0 0 1 ,17 5
92	9 0 1 0 1 0 ,27 4,33 2
93	6 1 0 0 1 0 ,2 1,11 4
94	15 0 0 0 0 1 ,18 5
95	12 0 0 0 0 1 ,0 5
97	17 0 0 1 0 2 ,12 3,14 5,20 5
98	14 0 0 0 0 1 ,5 5
99	12 0 1 0 1 1 ,7 4,10 5,18 2
