1	9 0 0 0 2 0 ,4 4,19 4
2	17 0 0 2 0 0 ,25 3,28 3
3	4 0 0 1 0 0 ,18 3
4	4 1 0 0 1 1 ,6 1,9 4,25 5
6	13 1 0 2 0 0 ,3 3,4 3,22 1
8	19 0 0 0 0 1 ,28 5
10	22 0 0 1 0 0 ,23 3
11	11 0 0 0 0 2 ,7 5,9 5
12	16 0 0 0 0 1 ,26 5
14	22 0 0 0 0 1 ,23 5
16	9 0 1 0 0 0 ,2 2
17	14 0 2 0 1 0 ,11 4,21 2,25 2
18	22 0 0 0 0 1 ,23 5
19	15 0 1 1 0 0 ,5 3,22 2
20	11 0 1 1 2 0 ,7 2,12 3,16 4,26 4
21	14 0 0 0 1 2 ,5 5,16 4,26 5
22	10 0 0 0 2 0 ,16 4,24 4
23	11 0 0 1 0 0 ,12 3
24	18 0 1 0 0 1 ,22 5,28 2
26	10 1 0 0 0 1 ,9 1,15 5
29	9 0 0 0 1 0 ,19 4
32	10 0 0 0 1 0 ,24 4
34	18 1 1 0 0 0 ,7 1,23 2
35	2 0 1 0 0 0 ,27 2
44	10 1 1 1 0 0 ,7 1,12 2,15 3
45	11 1 0 0 0 0 ,12 1
46	19 0 0 1 0 0 ,28 3
47	14 0 0 0 1 0 ,4 4
48	10 0 1 0 0 0 ,15 2
49	7 1 1 0 0 0 ,13 1,17 2
51	18 0 0 0 1 1 ,11 4,22 5
52	7 0 0 0 1 0 ,1 4
53	1 1 0 1 0 0 ,20 1,23 3
54	18 0 0 0 1 0 ,7 4
55	4 0 1 0 1 0 ,2 2,8 4
57	11 0 0 0 0 1 ,13 5
58	11 0 0 1 0 0 ,13 3
62	14 1 0 0 0 0 ,21 1
63	11 0 2 1 1 0 ,12 2,21 3,22 2,28 4
64	4 0 0 0 1 0 ,14 4
65	7 1 1 0 0 0 ,1 1,26 2
66	18 0 1 0 0 0 ,11 2
69	7 0 1 0 0 0 ,1 2
70	15 1 0 0 0 0 ,5 1
72	4 0 0 0 1 0 ,10 4
73	14 0 0 1 0 0 ,4 3
75	9 1 0 1 0 0 ,11 3,19 1
76	17 0 0 0 0 1 ,25 5
77	3 0 1 1 0 0 ,0 3,6 2
78	15 1 0 0 1 0 ,5 1,23 4
79	4 1 0 0 0 1 ,7 5,18 1
81	13 1 0 0 0 0 ,3 1
82	17 0 1 0 0 0 ,25 2
83	7 0 0 0 0 2 ,5 5,17 5
85	4 1 1 0 0 0 ,6 1,28 2
86	14 0 1 0 1 1 ,11 5,16 2,21 4
88	13 1 0 0 0 0 ,3 1
92	9 0 0 0 0 1 ,2 5
93	13 0 0 1 0 0 ,3 3
94	18 0 0 1 0 0 ,22 3
95	11 1 1 0 0 0 ,9 1,13 2
96	13 0 0 0 1 1 ,3 5,21 4
98	10 0 1 0 0 0 ,24 2
