0	6 1 1 0 1 0 ,2 2,9 1,17 4
1	24 0 0 0 0 1 ,3 5
2	18 0 0 0 1 0 ,31 4
3	9 0 1 0 2 2 ,0 5,5 5,6 2,9 4,36 4
5	13 1 0 0 0 0 ,24 1
6	12 0 1 0 0 1 ,27 5,28 2
7	8 0 0 0 1 0 ,34 4
9	19 0 0 1 1 0 ,32 3,33 4
12	18 0 0 0 0 1 ,31 5
13	10 2 2 0 0 0 ,0 2,22 1,25 2,31 1
16	5 0 0 0 1 0 ,11 4
17	10 1 0 1 1 0 ,22 1,31 3,36 4
18	12 1 0 0 0 0 ,25 1
20	13 1 0 0 0 1 ,16 5,23 1
21	15 0 0 0 0 1 ,6 5
22	23 0 1 0 0 0 ,33 2
23	5 1 0 0 0 1 ,15 5,35 1
26	11 0 0 0 0 1 ,12 5
27	6 1 0 1 0 0 ,2 1,27 3
28	18 1 0 0 0 0 ,21 1
30	6 0 1 0 0 0 ,2 2
31	11 1 0 0 0 0 ,12 1
32	13 0 0 0 1 1 ,4 5,24 4
33	3 0 0 1 0 0 ,1 3
34	5 0 0 1 1 0 ,7 3,38 4
35	13 0 0 1 0 1 ,16 5,20 3
36	18 0 1 0 0 0 ,21 2
37	8 0 0 1 2 0 ,15 3,34 4,36 4
38	18 0 1 0 0 0 ,31 2
39	14 1 0 1 0 0 ,21 3,23 1
41	19 0 0 1 1 1 ,3 4,20 3,32 5
42	12 0 1 0 0 0 ,28 2
44	12 0 2 0 0 2 ,6 2,9 2,25 5,33 5
46	14 1 0 0 1 1 ,4 1,21 4,23 5
47	15 0 1 0 0 0 ,6 2
49	10 0 1 0 0 0 ,22 2
50	14 0 0 0 1 0 ,9 4
51	1 1 1 0 0 0 ,3 2,18 1
52	5 1 0 0 1 0 ,4 1,35 4
53	14 0 1 0 0 0 ,9 2
54	14 1 0 0 0 0 ,9 1
55	14 0 1 1 0 0 ,7 2,32 3
56	14 0 0 1 1 0 ,7 4,32 3
57	24 0 0 1 0 0 ,3 3
58	5 1 0 0 1 2 ,2 1,6 4,8 5,20 5
59	11 1 0 0 0 0 ,12 1
61	12 0 0 1 0 0 ,28 3
62	14 1 0 0 0 1 ,4 5,27 1
63	8 0 0 0 1 1 ,30 4,36 5
65	1 1 0 1 1 0 ,24 4,26 3,29 1
66	5 1 0 2 0 0 ,27 3,31 3,38 1
67	10 1 0 0 0 0 ,22 1
68	10 0 0 0 1 0 ,22 4
69	13 0 0 1 0 1 ,24 3,32 5
70	14 1 0 1 0 0 ,0 3,7 1
71	2 1 1 0 1 0 ,5 4,22 1,37 2
72	5 1 0 0 0 0 ,11 1
74	12 0 0 1 0 1 ,0 5,25 3
75	11 0 0 1 0 0 ,15 3
76	24 0 0 0 0 1 ,3 5
78	7 0 0 0 2 0 ,21 4,26 4
80	23 0 0 0 0 1 ,33 5
81	20 0 0 0 0 1 ,20 5
82	8 0 0 1 0 0 ,30 3
84	6 0 0 0 1 0 ,10 4
85	9 1 1 0 0 1 ,7 2,17 5,24 1
87	6 0 0 1 1 0 ,19 3,23 4
88	1 1 0 1 0 1 ,3 5,13 1,23 3
90	12 0 0 1 0 1 ,16 3,28 5
91	6 0 3 1 1 0 ,4 3,7 2,10 2,12 4,27 2
93	18 0 0 0 1 1 ,21 4,33 5
94	5 0 0 2 0 1 ,14 5,19 3,36 3
95	12 1 0 0 1 0 ,25 1,36 4
96	23 0 1 0 0 0 ,33 2
98	8 1 0 0 1 0 ,20 4,30 1
