0	0 5 3 5 7 1 ,0 11,1 2,2 13,3 19,4 6,7 14,9 15,10 11,11 3,14 11,15 14,16 15
1	0 3 4 2 6 2 ,3 15,4 10,5 14,6 4,7 18,8 5,9 10,10 9,11 11,13 16
2	0 3 6 4 1 2 ,0 15,1 5,2 14,5 8,6 18,7 18,10 12,11 10,13 16,14 9,16 16
3	0 2 3 2 1 3 ,0 15,3 14,4 23,5 8,7 9,10 11,11 15,12 21,13 17,15 12
4	0 3 4 4 2 1 ,1 23,3 12,5 10,6 17,7 20,8 21,10 7,11 14,14 6,15 10
5	0 4 1 2 1 3 ,0 10,1 11,2 7,3 16,5 15,7 6,8 3,12 16,15 20
6	0 2 2 5 6 2 ,1 1,2 7,3 11,6 4,7 9,8 5,9 8,10 5,11 7,15 8
7	0 2 2 3 1 2 ,2 7,5 16,8 11,10 5,11 17,13 19,14 14,15 14
8	0 3 4 2 3 2 ,2 5,4 5,5 22,6 12,10 8,11 20,13 12,14 21,15 20
9	0 2 0 2 2 2 ,1 16,4 12,5 15,8 21,11 9,12 11,13 19
10	0 4 5 2 4 1 ,2 22,3 20,6 2,7 9,10 6,11 20,12 11,13 7,14 18,15 8
11	0 6 4 0 4 2 ,0 11,1 13,2 23,4 14,5 15,6 15,7 3,8 21,10 11,13 7,14 21,15 11
12	0 0 1 4 1 2 ,0 18,3 9,7 8,10 8,11 6,12 21,13 12
13	0 8 4 4 1 2 ,1 13,2 6,3 7,5 15,6 18,8 7,9 9,10 9,11 7,12 12,14 15,15 10,16 17
14	0 4 2 1 1 4 ,1 16,2 13,3 20,8 12,10 7,11 4,14 22,16 18
15	0 2 3 5 2 2 ,2 6,3 10,4 18,5 12,7 9,8 16,10 5,14 12,15 14
16	0 2 3 6 3 5 ,0 16,1 7,5 15,6 8,7 15,9 25,10 5,11 7,12 5,13 12,14 16,15 8,16 5
17	0 4 2 0 10 2 ,2 13,3 9,5 9,6 12,7 14,9 14,10 8,11 16,12 1,13 11,15 7,16 5
18	0 2 3 3 2 2 ,2 5,4 16,5 12,8 7,9 25,10 11,11 10,16 12
19	0 5 2 3 2 3 ,2 13,3 5,4 8,5 9,6 6,7 18,9 1,10 16,11 20,12 11,13 14,14 6
20	0 1 0 1 3 3 ,1 7,3 9,5 14,8 15,15 14
21	0 2 4 0 1 6 ,3 8,5 11,6 22,7 10,8 3,9 7,10 10,11 18,15 8,16 17
22	0 2 0 4 2 1 ,0 8,5 18,7 15,8 6,10 12,13 19,15 23,16 15
23	0 0 5 5 2 4 ,1 13,2 10,5 14,6 15,7 3,8 7,9 25,10 8,12 11,13 6,14 5,16 22
24	0 2 1 6 3 1 ,2 11,3 11,5 8,7 14,10 9,11 18,13 23,14 13,16 15
25	0 6 2 0 4 2 ,0 15,2 15,4 18,5 10,7 18,8 5,10 12,11 18,13 7,15 14
26	0 7 5 0 2 3 ,0 2,3 4,4 20,6 12,7 4,8 17,9 5,10 10,11 13,12 14,14 15,16 20
27	0 5 1 3 2 8 ,0 9,3 6,5 12,6 9,7 8,8 6,9 6,10 5,13 22,14 11,16 17
28	0 2 5 2 1 2 ,0 9,3 4,4 16,5 4,6 15,7 12,8 6,9 7,11 14,13 14,15 8
29	0 4 1 0 5 2 ,1 5,2 22,4 8,5 14,7 20,8 12,9 8,12 15,13 4,14 9,16 15
30	0 2 2 1 2 4 ,1 3,2 10,3 11,4 23,8 15,10 4,11 4,13 23
31	0 1 2 8 3 3 ,0 18,1 16,3 15,4 18,5 11,6 13,8 19,9 5,10 10,11 16,14 5,15 10
32	0 5 1 2 3 4 ,0 4,2 7,3 16,5 5,6 1,7 11,8 6,9 1,10 14,12 1,13 6,14 19,16 5
33	0 4 1 4 4 3 ,0 19,3 14,4 10,5 7,6 9,7 8,8 15,9 11,12 21,13 8,14 12
34	0 3 7 0 3 3 ,1 13,3 11,4 10,5 10,6 8,9 2,10 14,11 10,13 14,14 11,16 12
35	0 0 3 3 4 2 ,2 22,3 10,4 5,7 3,8 9,11 20,12 3,15 20,16 12
36	0 3 5 3 3 2 ,0 10,1 2,2 6,3 4,4 23,5 15,6 12,7 14,10 10,12 5,13 17,14 5,15 8
37	0 4 2 1 6 4 ,1 1,2 13,3 4,4 10,5 15,6 9,8 10,11 15,14 13,15 20,16 15
38	0 2 0 2 2 2 ,3 7,4 12,5 14,6 19,7 14,9 14,12 11
39	0 0 3 6 4 1 ,1 7,3 10,4 4,5 19,6 12,7 4,8 10,9 5,10 11,13 12,14 9,15 11
40	0 1 4 2 0 2 ,1 14,2 13,5 19,7 14,9 8,10 12,14 9,15 23,16 13
41	0 0 2 4 2 3 ,0 19,1 7,3 16,4 17,5 7,6 12,8 14,10 10,12 13
42	0 3 2 1 2 5 ,1 2,4 14,7 14,8 21,9 8,10 13,11 22,13 17,14 11,16 5
43	0 3 0 3 3 2 ,2 15,3 15,4 20,7 13,9 14,10 11,13 16,14 2
44	0 1 3 4 4 3 ,0 10,1 2,3 14,5 6,6 10,8 7,9 9,11 20,13 23,15 8,16 15
45	0 0 1 2 2 2 ,0 10,1 13,2 15,5 14,7 9,10 11,11 14
46	0 1 2 2 3 5 ,2 23,4 10,5 12,10 9,12 3,13 6,14 13,15 5,16 15
47	0 1 4 0 6 3 ,1 2,5 15,6 8,7 14,8 2,10 16,11 15,13 22,14 6
48	0 3 6 4 4 2 ,0 18,1 14,3 16,4 6,5 12,6 15,8 16,9 9,10 12,12 16,13 10,14 18,15 20,16 18
49	0 6 2 3 0 3 ,1 23,2 14,4 10,5 17,6 15,8 6,13 8,14 7,16 17
50	0 5 3 2 4 1 ,0 15,3 10,4 23,5 20,6 5,8 1,10 5,12 11,14 14,15 12,16 12
51	0 3 6 6 2 2 ,0 10,4 16,5 10,6 17,7 9,8 16,9 7,10 5,11 11,14 9,15 13
52	0 0 6 2 3 4 ,0 18,1 4,2 14,3 20,5 9,6 12,7 11,8 10,9 18,13 10,16 18
53	0 0 3 6 2 2 ,0 14,2 7,3 18,4 18,5 16,6 13,9 3,12 11,13 14,14 22,15 14
54	0 3 4 3 4 4 ,0 2,1 14,2 6,4 8,5 12,6 9,7 9,11 4,13 7,14 16,15 10
55	0 0 4 1 6 0 ,0 2,3 20,5 9,6 13,7 12,10 9,15 4
56	0 3 5 4 3 6 ,1 22,4 9,5 4,6 13,7 14,8 11,9 8,10 2,12 14,14 11,15 12
57	0 5 2 1 3 3 ,0 14,1 11,4 23,5 14,6 13,7 13,8 12,10 11,11 9,13 3,14 13
58	0 4 2 5 3 3 ,0 16,1 16,2 14,4 6,5 12,6 8,9 6,10 16,11 15,13 11,14 13,15 11,16 3
59	0 6 2 1 3 4 ,0 18,1 2,2 20,4 20,5 5,7 17,8 5,9 18,11 13,12 7,15 14
60	0 1 4 1 5 2 ,0 18,5 22,7 8,8 10,10 10,11 16,12 8,13 22,14 12,15 12
61	0 3 4 5 3 2 ,0 18,1 16,2 5,5 17,6 4,7 8,8 10,9 25,10 11,11 7,12 10,14 15,15 13,16 22
62	0 3 2 1 2 6 ,2 6,3 19,4 16,5 15,6 17,7 17,8 5,9 11,10 2,13 4
63	0 3 3 3 1 4 ,1 16,2 12,3 6,4 16,5 2,6 12,8 5,9 10,11 22,13 17,15 11,16 12
64	0 3 4 4 2 2 ,0 18,1 11,3 15,4 2,7 6,10 16,13 13,15 13,16 17
65	0 4 2 2 2 5 ,2 8,3 9,5 14,6 12,7 13,8 4,9 6,10 10,11 10,12 13,13 7,16 13
66	0 5 4 6 1 2 ,0 8,3 14,4 3,5 22,6 10,7 6,8 7,9 5,14 18,15 14,16 17
67	0 2 1 0 2 3 ,4 12,9 15,10 11,11 13,13 14,14 6
68	0 6 1 2 2 4 ,1 23,3 11,4 5,5 10,6 8,8 8,9 11,12 5,16 18
69	0 4 2 5 5 1 ,1 13,3 8,4 10,6 8,7 4,9 5,10 11,11 7,14 14,15 20
70	0 1 1 2 3 3 ,2 8,6 12,7 12,9 3,10 14,11 17,12 14,15 10,16 18
71	0 2 2 3 4 1 ,0 18,4 9,5 18,8 15,10 1,11 15,12 1,13 7,15 8,16 13
72	0 5 0 3 6 3 ,0 19,1 13,2 10,4 20,6 7,7 8,9 14,10 5,11 22,12 8,13 14,15 11,16 15
73	0 0 1 1 1 4 ,3 10,4 6,5 18,8 21,9 14,12 10,15 17
74	0 0 2 3 2 5 ,0 10,3 18,4 10,5 16,6 6,10 6,11 15,13 13,14 4
75	0 1 4 2 3 3 ,0 16,3 4,4 6,5 7,10 12,15 14,16 15
76	0 5 8 4 1 3 ,0 4,3 9,4 2,5 14,6 7,7 14,8 6,9 10,13 7,14 9,15 4
77	0 4 1 3 4 1 ,2 12,6 17,7 10,8 8,9 11,11 10,12 8,13 10
78	0 3 1 2 3 0 ,1 16,3 18,5 6,6 12,7 13,11 7,12 7,15 7,16 18
79	0 4 5 5 3 2 ,0 14,1 1,3 14,4 18,5 20,6 8,7 17,11 15,13 7,14 5,15 14
80	0 4 2 3 2 5 ,0 16,2 13,3 3,6 9,9 8,10 13,11 4,12 5,14 7
81	0 3 3 1 2 2 ,2 13,4 6,5 6,6 13,13 10,14 22,16 13
82	0 3 6 1 1 1 ,0 10,3 14,5 7,6 18,8 6,9 14,11 6,12 16,14 6,16 13
83	0 3 3 5 3 1 ,0 15,1 7,4 5,5 11,6 4,7 14,8 6,10 16,11 18,13 7,14 19,16 22
84	0 0 4 2 1 1 ,2 6,3 20,6 6,7 11,8 12,14 12,16 15
85	0 3 4 1 1 2 ,0 16,1 13,3 14,4 12,5 14,8 5,12 15,14 5,15 12
86	0 2 1 2 3 3 ,1 13,4 23,5 7,7 10,9 9,10 6,12 14,15 12,16 16
87	0 3 3 5 4 1 ,1 23,2 13,3 16,4 23,5 15,6 2,8 6,10 8,13 16,15 8
88	0 0 0 0 4 1 ,1 7,3 20,4 23,6 17,8 16,16 15
89	0 2 3 3 3 4 ,1 7,2 11,3 9,5 2,6 9,9 25,10 16,13 16,14 11
90	0 1 4 2 3 0 ,0 4,1 13,2 11,3 18,4 10,9 14,11 9,13 4,15 11
91	0 2 0 3 2 3 ,1 23,2 22,5 11,8 8,11 17,14 19,15 11,16 3
92	0 3 3 2 3 1 ,2 20,3 11,4 20,5 9,6 13,10 7,13 16,14 9,15 14,16 20
93	0 4 2 3 6 0 ,0 8,2 10,4 12,5 9,7 14,10 12,11 4,12 15,13 12,14 15
94	0 4 7 2 1 0 ,1 7,2 20,3 14,4 12,5 15,7 12,8 6,10 20,12 21,13 13,14 16,15 14
95	0 1 0 0 3 2 ,3 16,5 8,6 7,7 13,11 10,12 13,13 19
96	0 1 5 3 2 4 ,1 3,2 23,3 4,5 5,6 12,7 13,9 15,11 7,14 13,16 16
97	0 1 2 5 1 2 ,0 1,1 13,2 14,3 9,7 14,11 20,14 14,15 17
98	0 4 3 1 3 5 ,1 13,2 7,4 10,5 6,6 12,8 6,10 14,12 12,13 6,14 7,15 13
99	0 7 6 2 5 4 ,0 18,1 13,2 15,3 7,5 1,7 12,8 1,9 7,10 10,11 22,12 11,13 8,14 2,15 17,16 18
