0	8 1 2 0 0 1 ,4 2,19 2,23 5,37 1
1	9 0 1 1 0 0 ,5 3,29 2
2	14 0 0 0 3 0 ,15 4,29 4,30 4
3	9 0 1 0 0 0 ,36 2
4	16 0 1 0 0 0 ,19 2
5	15 0 0 0 0 2 ,9 5,33 5
6	7 1 0 1 0 0 ,5 3,17 1
7	10 2 0 0 1 0 ,9 1,12 4,34 1
8	7 0 1 0 1 1 ,9 5,25 4,34 2
9	14 0 1 0 0 0 ,34 2
11	14 0 0 0 1 0 ,1 4
12	9 0 0 1 0 0 ,16 3
13	20 0 0 0 1 0 ,20 4
14	4 1 0 0 0 1 ,18 1,32 5
15	9 1 0 0 0 1 ,1 1,28 5
16	8 0 1 0 0 1 ,2 5,11 2
17	9 0 1 1 0 0 ,0 3,1 2
18	14 0 0 1 0 0 ,15 3
19	10 0 1 0 1 0 ,10 2,26 4
22	7 1 1 0 0 2 ,3 2,4 5,6 5,15 1
24	10 0 1 1 0 1 ,12 2,27 5,31 3
25	17 1 0 0 0 0 ,2 1
27	24 0 0 0 0 1 ,30 5
28	13 1 2 0 0 0 ,14 1,20 2,31 2
29	9 0 1 0 0 1 ,16 2,22 5
31	12 1 1 0 0 0 ,6 1,13 2
32	16 1 0 0 1 0 ,19 1,27 4
33	9 1 0 0 0 0 ,36 1
34	22 0 0 0 0 1 ,8 5
35	13 0 0 1 0 0 ,31 3
36	22 0 0 2 0 0 ,10 3,30 3
37	9 1 1 0 0 0 ,16 2,28 1
39	22 0 0 1 0 0 ,10 3
40	13 1 1 0 0 0 ,30 2,31 1
41	9 0 1 1 0 1 ,0 2,13 5,23 3
42	7 0 1 1 0 2 ,3 5,14 3,15 2,21 5
43	8 0 0 0 1 1 ,11 4,30 5
44	10 0 0 0 1 0 ,26 4
45	16 0 1 0 0 1 ,19 5,23 2
47	14 0 1 0 0 1 ,1 2,20 5
48	10 1 0 1 0 0 ,26 1,33 3
49	14 0 1 1 0 1 ,19 2,29 5,33 3
50	14 0 1 0 0 0 ,15 2
51	9 0 0 1 0 0 ,36 3
52	16 0 1 0 0 0 ,14 2
55	24 0 0 1 0 0 ,27 3
56	14 1 0 0 0 1 ,23 1,34 5
57	10 1 0 0 0 0 ,26 1
58	10 0 1 0 0 1 ,9 2,22 5
59	7 1 0 0 0 0 ,25 1
60	13 0 0 0 1 0 ,31 4
61	7 0 1 0 1 1 ,2 5,8 4,35 2
63	14 0 0 0 0 2 ,1 5,20 5
64	9 0 0 1 0 0 ,5 3
65	9 0 1 0 3 0 ,0 4,13 2,19 4,27 4
66	16 0 0 1 0 0 ,14 3
67	9 0 0 2 0 1 ,9 3,10 5,28 3
68	10 0 1 0 0 0 ,12 2
69	11 0 0 0 1 0 ,37 4
70	17 1 0 0 0 0 ,23 1
71	7 1 0 0 0 0 ,25 1
73	24 0 0 0 0 1 ,30 5
74	22 0 0 0 1 0 ,8 4
75	14 0 0 1 0 2 ,10 5,27 5,29 3
76	15 0 0 0 1 0 ,33 4
78	7 1 1 2 0 0 ,6 3,12 2,25 1,36 3
79	2 0 2 0 0 0 ,24 2,32 2
80	22 0 1 0 0 0 ,8 2
82	4 1 1 1 0 0 ,16 2,18 3,37 1
83	7 0 1 0 0 2 ,13 5,14 2,35 5
84	8 1 0 0 0 0 ,4 1
85	11 0 0 0 1 1 ,2 4,37 5
87	20 0 0 0 1 0 ,20 4
88	12 0 0 2 1 1 ,6 3,10 4,23 5,27 3
91	17 0 1 1 0 1 ,2 2,8 5,13 3
92	22 0 1 0 0 0 ,8 2
93	22 0 0 0 0 1 ,13 5
94	9 0 0 0 1 1 ,9 5,21 4
95	16 0 0 0 0 1 ,14 5
97	3 0 1 1 1 0 ,7 3,15 2,17 4
99	7 0 2 0 1 0 ,11 2,17 2,34 4
