0	9 0 0 1 0 0 ,0 3
1	20 0 1 0 0 0 ,24 2
3	13 0 0 1 0 0 ,11 3
5	14 0 1 0 0 0 ,12 2
9	5 1 0 0 1 0 ,4 1,6 4
10	5 1 1 0 1 0 ,4 2,15 1,25 4
11	16 0 2 0 0 0 ,13 2,21 2
12	19 1 0 0 0 0 ,25 1
13	17 0 0 0 1 1 ,6 5,22 4
14	16 0 0 1 0 0 ,21 3
16	17 1 0 0 0 0 ,1 1
17	22 0 0 0 0 1 ,18 5
18	9 0 2 0 0 0 ,3 2,22 2
19	5 0 1 0 1 1 ,2 5,12 2,16 4
20	17 0 0 0 1 1 ,22 4,24 5
21	19 0 0 0 1 0 ,25 4
23	8 0 0 1 0 0 ,19 3
24	24 0 1 0 0 0 ,6 2
25	14 0 0 0 1 0 ,12 4
26	11 0 1 0 0 1 ,7 5,11 2
27	5 0 0 0 0 1 ,8 5
28	14 2 0 0 0 0 ,21 1,23 1
29	15 0 0 0 1 0 ,15 4
31	21 0 0 0 0 1 ,13 5
33	9 2 0 1 0 0 ,0 1,7 1,14 3
35	9 0 2 0 0 0 ,0 2,5 2
36	14 0 0 1 0 1 ,1 5,23 3
37	16 0 0 1 2 0 ,18 4,21 4,25 3
38	13 0 1 0 1 0 ,11 2,12 4
40	14 1 0 0 0 0 ,23 1
41	15 0 0 1 0 0 ,15 3
44	16 0 0 0 0 2 ,13 5,21 5
45	16 0 0 0 0 1 ,16 5
46	9 1 0 0 0 0 ,3 1
48	9 0 0 0 2 0 ,5 4,15 4
50	20 0 1 0 0 0 ,24 2
51	13 0 2 0 0 0 ,11 2,13 2
52	11 0 0 1 1 1 ,9 3,17 5,23 4
53	11 0 1 0 0 2 ,6 5,14 5,17 2
55	9 0 0 1 1 1 ,1 5,3 4,24 3
56	11 1 0 0 0 1 ,7 1,22 5
57	15 1 0 1 0 0 ,15 3,21 1
58	8 0 0 0 0 1 ,19 5
62	11 1 0 0 0 0 ,7 1
63	20 0 0 0 1 0 ,24 4
64	5 1 0 0 2 0 ,1 4,4 1,25 4
66	11 0 0 0 2 0 ,6 4,17 4
67	22 0 0 0 0 1 ,18 5
68	4 0 0 0 1 0 ,10 4
69	9 1 2 0 0 0 ,3 2,7 1,16 2
70	19 0 1 0 0 0 ,14 2
71	14 0 1 0 0 0 ,9 2
73	14 0 1 0 0 0 ,9 2
76	11 0 1 0 0 1 ,7 2,14 5
77	5 1 0 0 0 0 ,4 1
80	22 0 0 0 1 0 ,18 4
84	19 1 0 0 0 0 ,14 1
87	14 0 1 0 1 0 ,12 2,24 4
88	14 0 0 0 0 1 ,23 5
89	21 0 0 0 1 0 ,13 4
90	14 0 0 1 0 0 ,9 3
91	16 0 0 0 1 1 ,16 5,18 4
92	9 0 0 1 0 0 ,0 3
93	17 0 1 1 0 0 ,14 3,22 2
94	14 0 0 0 1 0 ,9 4
95	2 0 1 1 1 0 ,5 3,11 4,20 2
96	24 0 0 0 1 0 ,6 4
98	17 0 1 1 0 0 ,1 2,25 3
99	21 0 0 1 0 0 ,13 3
