0	5 0 0 1 0 0 ,5 3
2	6 0 1 0 0 0 ,15 2
7	12 0 0 0 0 1 ,10 5
10	20 0 0 0 0 1 ,7 5
14	4 0 0 1 0 0 ,4 3
16	19 0 0 1 0 0 ,9 3
18	13 0 0 1 0 0 ,3 3
19	11 0 0 0 0 1 ,11 5
20	14 0 1 0 0 0 ,12 2
23	16 0 0 1 0 1 ,7 3,13 5
24	19 0 0 0 0 1 ,9 5
26	12 1 0 0 1 0 ,3 1,10 4
27	19 0 0 1 1 0 ,7 4,9 3
28	13 0 0 0 1 0 ,6 4
29	8 0 0 1 0 0 ,8 3
31	9 0 0 0 0 1 ,1 5
33	7 0 2 0 0 0 ,3 2,16 2
36	14 0 0 1 0 0 ,12 3
38	14 0 0 0 1 0 ,14 4
40	11 0 1 0 0 0 ,11 2
42	13 1 1 0 0 0 ,6 1,7 2
43	6 0 0 1 0 0 ,15 3
44	8 0 1 0 0 0 ,8 2
45	13 0 0 1 0 0 ,6 3
46	13 0 1 0 0 0 ,3 2
47	2 0 1 0 0 0 ,0 2
50	4 1 0 0 0 1 ,4 1,6 5
52	19 0 0 0 1 0 ,9 4
60	20 1 0 0 0 0 ,7 1
61	11 0 0 0 1 0 ,11 4
66	8 1 1 1 1 0 ,1 4,3 2,8 3,13 1
67	7 0 0 0 0 2 ,7 5,16 5
68	19 0 0 0 0 1 ,2 5
71	19 0 1 0 0 0 ,9 2
72	14 0 0 0 1 1 ,2 5,14 4
73	19 0 1 0 0 1 ,2 5,9 2
74	16 0 0 0 1 0 ,13 4
75	14 0 1 0 0 0 ,14 2
76	14 0 0 0 1 0 ,12 4
77	16 1 0 0 0 0 ,13 1
78	16 0 0 0 0 1 ,13 5
80	13 0 0 1 0 0 ,3 3
88	6 1 0 0 1 0 ,2 4,15 1
90	5 0 1 0 0 0 ,5 2
95	14 0 0 0 0 1 ,12 5
96	14 0 0 0 1 0 ,14 4
97	12 0 0 1 0 0 ,10 3
