1	15 0 1 0 0 0 ,18 2
3	14 0 0 1 0 2 ,17 5,33 5,38 3
4	9 0 1 0 1 1 ,11 4,18 5,38 2
5	10 1 0 0 0 0 ,8 1
8	9 1 0 0 1 1 ,21 1,29 5,33 4
9	8 2 0 1 1 0 ,2 1,8 1,28 4,35 3
10	15 1 0 0 1 0 ,35 1,37 4
11	9 1 0 0 1 1 ,6 4,20 1,31 5
12	19 0 0 0 0 1 ,29 5
13	8 1 0 0 1 1 ,2 5,8 4,30 1
14	9 0 0 0 2 0 ,11 4,35 4
15	15 2 1 0 0 0 ,13 1,33 1,37 2
17	17 0 0 0 1 0 ,33 4
18	15 0 0 1 0 0 ,37 3
19	4 1 2 0 0 0 ,11 1,15 2,27 2
21	9 1 1 0 0 1 ,4 1,12 5,15 2
22	15 0 0 1 0 0 ,4 3
23	9 0 0 0 2 0 ,20 4,26 4
25	9 0 0 1 0 0 ,32 3
27	12 1 0 1 1 0 ,9 3,10 4,28 1
28	15 0 0 0 1 0 ,4 4
29	13 1 0 0 0 1 ,19 1,28 5
30	19 0 1 0 0 0 ,28 2
32	16 1 0 0 1 0 ,6 1,9 4
33	18 0 0 0 0 1 ,6 5
34	13 0 1 0 1 0 ,5 2,9 4
35	20 0 0 1 0 0 ,26 3
36	5 0 2 0 0 0 ,0 2,6 2
37	14 0 1 0 0 1 ,28 5,38 2
38	5 0 0 0 0 2 ,21 5,22 5
39	10 1 0 1 0 1 ,29 1,30 3,38 5
42	15 0 0 0 1 1 ,7 5,37 4
43	4 0 1 1 0 0 ,3 3,24 2
44	10 0 0 2 0 0 ,4 3,8 3
45	9 0 0 1 0 2 ,5 5,13 5,21 3
46	9 0 1 0 0 0 ,32 2
47	4 0 1 0 1 0 ,7 4,27 2
49	4 1 0 0 0 0 ,34 1
51	15 1 0 0 0 0 ,37 1
52	19 0 0 0 0 1 ,35 5
53	13 1 0 0 0 1 ,18 1,19 5
54	9 1 2 0 1 0 ,4 1,7 2,15 2,19 4
55	9 0 1 0 0 0 ,15 2
56	19 0 0 0 0 1 ,17 5
57	1 1 0 0 0 0 ,23 1
58	2 1 2 0 0 2 ,1 2,5 2,7 5,14 1,17 5
59	3 0 0 1 1 0 ,10 4,16 3
60	15 1 0 0 0 0 ,18 1
61	16 0 2 0 0 0 ,12 2,13 2
62	14 1 0 0 0 1 ,18 5,31 1
63	3 0 0 1 0 1 ,6 5,36 3
64	15 0 0 1 0 0 ,4 3
65	19 0 0 1 0 0 ,29 3
66	9 0 1 0 0 1 ,9 5,20 2
69	13 0 1 1 0 0 ,17 2,19 3
70	19 1 0 0 0 1 ,26 5,35 1
71	4 1 0 0 0 0 ,3 1
72	19 0 0 0 0 2 ,26 5,35 5
74	16 2 1 0 0 1 ,7 2,12 1,13 5,17 1
75	6 0 1 0 1 0 ,24 4,31 2
76	14 0 1 0 0 0 ,38 2
77	7 1 0 1 0 1 ,25 5,30 1,33 3
78	19 0 1 0 0 0 ,28 2
79	15 1 0 0 1 0 ,12 4,18 1
80	14 1 1 0 0 0 ,17 1,31 2
81	16 2 0 0 0 0 ,13 1,29 1
82	19 0 0 0 1 0 ,29 4
84	22 0 0 0 1 0 ,7 4
85	17 1 0 0 0 1 ,6 1,12 5
86	20 0 0 1 0 0 ,26 3
87	5 0 0 2 0 0 ,0 3,32 3
88	9 2 0 0 0 0 ,15 1,37 1
89	13 0 0 0 1 0 ,5 4
90	7 0 1 0 0 0 ,14 2
91	10 1 0 0 0 0 ,8 1
93	8 1 1 0 0 0 ,2 2,20 1
94	7 1 1 0 0 0 ,20 1,25 2
95	7 0 0 0 3 1 ,10 4,14 4,30 5,31 4
96	9 1 0 0 0 0 ,32 1
97	16 0 1 0 0 0 ,13 2
98	4 0 0 1 0 0 ,34 3
