0	14 0 0 0 1 0 ,17 4
1	8 0 1 1 0 0 ,18 3,26 2
2	10 0 1 0 0 1 ,0 2,21 5
3	10 0 2 0 0 0 ,14 2,25 2
5	3 2 0 0 1 0 ,5 4,8 1,29 1
6	6 2 0 0 0 0 ,13 1,23 1
7	18 0 0 0 1 0 ,21 4
8	10 0 1 0 0 0 ,25 2
11	15 0 0 0 0 1 ,1 5
13	22 0 0 0 0 1 ,20 5
15	18 0 1 0 0 0 ,15 2
17	2 0 2 0 1 0 ,4 2,11 2,16 4
18	11 1 0 1 0 1 ,2 3,17 1,24 5
19	10 0 1 0 0 0 ,7 2
20	6 0 0 0 0 1 ,3 5
21	6 0 0 0 0 1 ,13 5
22	9 1 0 0 0 1 ,24 1,31 5
23	6 0 0 0 0 1 ,23 5
24	5 1 0 1 0 0 ,21 3,27 1
25	22 0 0 0 1 0 ,20 4
26	7 1 2 0 0 0 ,14 1,19 2,21 2
28	9 1 0 1 0 0 ,12 3,25 1
29	18 1 0 0 0 0 ,21 1
30	9 0 1 1 0 0 ,5 2,26 3
31	18 0 0 1 1 0 ,15 4,21 3
32	12 0 0 0 0 1 ,6 5
33	2 1 1 0 0 0 ,27 1,30 2
34	10 1 0 0 0 0 ,16 1
35	12 1 0 1 0 0 ,6 3,11 1
36	7 0 1 0 0 0 ,9 2
37	7 0 1 0 1 0 ,1 4,8 2
38	3 0 1 1 1 0 ,7 2,8 4,10 3
41	8 0 0 1 0 1 ,11 5,18 3
43	10 0 0 1 0 1 ,22 3,25 5
45	12 1 0 0 1 0 ,2 4,6 1
46	8 0 1 0 1 0 ,16 4,18 2
53	3 1 0 2 0 0 ,5 3,17 3,29 1
54	15 0 0 0 0 1 ,26 5
55	9 0 0 0 1 0 ,31 4
57	22 0 0 0 1 0 ,20 4
58	14 0 1 0 0 0 ,17 2
59	10 0 0 0 1 0 ,0 4
65	7 0 0 1 0 0 ,19 3
69	10 1 0 0 0 0 ,7 1
70	5 0 0 2 0 0 ,1 3,27 3
72	3 1 0 0 0 0 ,29 1
73	11 0 1 0 0 0 ,24 2
74	9 0 0 1 1 0 ,1 3,12 4
75	6 1 0 0 0 1 ,3 1,22 5
76	12 0 0 0 2 0 ,11 4,22 4
77	18 0 0 1 0 0 ,15 3
78	10 0 0 0 1 0 ,0 4
79	11 0 0 1 0 0 ,24 3
80	1 1 0 0 0 0 ,28 1
83	15 1 0 0 1 0 ,2 1,15 4
85	14 0 0 1 0 0 ,14 3
87	7 0 2 0 0 0 ,2 2,19 2
88	7 1 0 0 0 1 ,6 1,9 5
89	9 0 1 0 0 0 ,12 2
90	14 0 0 1 0 0 ,14 3
91	14 0 0 0 2 0 ,17 4,20 4
92	10 1 0 0 0 1 ,14 5,16 1
93	15 1 0 0 1 1 ,2 5,15 1,22 4
95	12 0 1 0 1 0 ,6 2,15 4
96	15 0 0 0 0 1 ,26 5
97	10 0 0 0 0 2 ,7 5,20 5
