1	14 1 1 1 0 0 ,20 1,21 2,26 3
2	5 0 0 1 0 1 ,1 3,19 5
3	16 0 0 0 0 1 ,2 5
5	14 0 1 0 0 0 ,29 2
6	14 0 0 2 1 0 ,4 3,12 4,24 3
7	14 0 0 0 0 1 ,21 5
8	15 0 0 1 0 0 ,23 3
9	14 0 0 1 0 0 ,29 3
11	18 0 0 1 0 0 ,14 3
12	3 0 1 2 0 0 ,3 3,15 3,20 2
13	10 0 0 1 0 0 ,7 3
14	19 0 0 0 1 1 ,4 4,24 5
16	16 0 0 0 0 1 ,2 5
18	8 2 1 0 0 0 ,21 1,22 2,25 1
19	23 0 0 0 0 1 ,4 5
21	16 1 0 0 0 0 ,6 1
23	19 1 0 0 1 0 ,22 4,24 1
24	14 0 1 1 1 0 ,3 2,8 4,24 3
25	14 1 0 0 0 0 ,29 1
26	14 0 0 0 1 0 ,16 4
27	10 1 1 0 0 0 ,7 2,23 1
28	7 0 3 2 1 1 ,0 2,2 3,3 3,8 2,11 4,13 2,30 5
29	14 0 0 1 0 1 ,10 5,16 3
30	4 0 1 0 1 0 ,12 2,28 4
31	7 0 1 1 0 0 ,0 3,16 2
32	6 0 1 0 2 1 ,4 2,9 4,13 5,26 4
33	2 0 2 0 1 1 ,3 4,6 5,10 2,17 2
34	15 0 1 0 0 0 ,26 2
35	16 1 0 1 0 0 ,10 1,22 3
37	19 1 0 0 0 0 ,22 1
39	7 0 1 1 1 0 ,12 4,18 3,19 2
40	4 1 2 0 0 0 ,6 2,10 2,27 1
41	12 0 0 1 0 0 ,11 3
42	14 0 1 0 0 0 ,8 2
43	23 0 0 0 0 1 ,13 5
44	7 0 1 0 0 0 ,0 2
45	15 0 0 2 0 0 ,23 3,24 3
46	17 0 0 0 1 0 ,20 4
48	16 0 1 0 0 1 ,10 2,14 5
49	14 0 1 1 1 0 ,14 4,16 2,30 3
51	5 0 1 0 0 1 ,1 2,4 5
52	6 0 1 0 0 1 ,9 2,20 5
54	23 0 0 1 0 0 ,13 3
56	8 0 0 0 0 1 ,25 5
58	8 0 1 0 0 1 ,13 5,25 2
59	15 0 1 0 0 2 ,20 5,22 5,26 2
64	11 0 1 1 0 0 ,18 3,21 2
66	14 0 0 0 2 1 ,3 5,8 4,21 4
69	23 0 0 1 0 0 ,13 3
70	16 1 0 1 1 0 ,3 3,6 4,14 1
72	14 0 1 1 1 0 ,8 2,16 3,24 4
74	11 0 1 0 0 0 ,18 2
75	11 0 0 1 0 0 ,18 3
76	10 0 0 0 0 1 ,7 5
79	19 0 0 0 1 0 ,22 4
80	16 0 1 0 0 0 ,30 2
82	4 0 0 1 1 0 ,26 4,27 3
83	23 0 0 0 1 0 ,4 4
84	14 0 0 0 1 1 ,12 4,14 5
85	14 0 1 0 0 1 ,23 2,29 5
86	16 0 0 0 1 0 ,10 4
88	16 0 1 0 0 0 ,30 2
89	14 0 0 1 0 0 ,29 3
91	15 1 0 0 0 0 ,23 1
93	16 0 1 1 0 0 ,2 3,6 2
96	15 0 0 0 0 1 ,23 5
98	12 0 1 0 1 1 ,6 2,11 5,30 4
99	5 0 0 0 0 1 ,5 5
