1	15 0 1 0 0 0 ,22 2
2	9 0 1 0 0 1 ,9 5,30 2
3	4 1 0 2 0 0 ,5 3,10 1,23 3
4	20 0 1 0 0 0 ,0 2
6	13 0 0 0 0 1 ,17 5
7	16 1 1 0 0 0 ,0 1,13 2
9	10 0 1 0 0 0 ,5 2
12	14 0 0 0 2 1 ,1 4,4 4,19 5
13	1 1 0 0 1 0 ,26 1,32 4
14	7 0 1 0 0 0 ,8 2
16	8 1 0 0 0 0 ,27 1
17	16 0 1 0 0 0 ,28 2
18	5 1 2 0 0 1 ,1 2,3 5,6 2,12 1
21	6 0 0 0 1 0 ,15 4
22	7 0 0 1 1 0 ,8 4,13 3
23	9 1 1 1 0 0 ,1 3,9 2,14 1
24	21 0 0 0 1 0 ,4 4
26	5 0 1 0 0 0 ,12 2
27	9 0 1 0 0 0 ,9 2
28	10 0 0 0 0 1 ,5 5
29	26 0 0 0 1 0 ,19 4
30	5 1 0 1 0 1 ,21 1,22 3,29 5
31	16 0 0 1 0 0 ,13 3
32	15 0 1 0 0 0 ,22 2
33	8 0 0 0 2 0 ,7 4,27 4
35	20 0 1 0 0 0 ,0 2
36	9 0 1 0 2 0 ,7 4,19 4,20 2
38	13 1 0 0 0 0 ,21 1
39	7 1 0 0 0 0 ,8 1
40	26 0 0 0 0 1 ,19 5
41	20 0 0 0 0 1 ,0 5
43	6 1 0 0 0 0 ,15 1
44	16 0 0 0 0 1 ,14 5
46	10 1 0 0 1 0 ,4 1,6 4
47	5 0 1 0 1 0 ,2 4,12 2
49	13 0 0 0 0 1 ,17 5
50	10 0 1 0 0 0 ,6 2
51	13 0 0 0 1 0 ,21 4
55	13 0 0 0 1 0 ,20 4
56	16 0 0 0 0 1 ,28 5
58	4 0 1 1 0 0 ,10 3,23 2
59	13 2 0 0 0 0 ,14 1,21 1
60	19 0 0 0 1 0 ,23 4
61	16 0 0 0 1 0 ,28 4
62	5 1 1 0 1 1 ,20 1,21 5,24 2,25 4
63	15 0 0 0 1 1 ,22 5,30 4
64	13 1 0 0 0 0 ,21 1
66	5 0 0 0 0 2 ,0 5,31 5
67	5 1 0 1 1 2 ,1 5,15 1,18 5,19 4,24 3
68	13 0 0 1 0 0 ,17 3
69	16 0 0 0 1 0 ,14 4
71	13 0 0 1 1 0 ,20 3,30 4
72	20 0 0 0 0 1 ,0 5
74	16 0 0 0 1 0 ,28 4
75	21 0 0 1 0 0 ,4 3
77	9 1 0 0 0 0 ,7 1
78	16 1 0 1 0 0 ,13 3,28 1
80	8 0 0 1 0 0 ,27 3
83	16 0 0 0 1 1 ,4 4,14 5
84	13 0 0 1 0 0 ,20 3
85	8 0 0 0 1 0 ,2 4
87	19 0 0 0 0 1 ,23 5
89	2 0 1 0 0 0 ,16 2
90	16 0 0 0 0 1 ,13 5
91	26 0 0 0 1 0 ,19 4
92	1 1 0 1 0 0 ,11 1,22 3
93	10 0 1 0 0 1 ,6 2,23 5
95	5 1 0 0 0 0 ,25 1
96	15 0 0 0 0 2 ,4 5,30 5
