1	12 0 0 0 1 0 ,10 4
2	12 0 1 0 0 0 ,10 2
3	16 1 0 0 0 0 ,20 1
4	16 0 1 0 0 0 ,13 2
5	14 0 1 1 0 0 ,13 3,14 2
7	12 0 0 0 1 0 ,11 4
9	21 0 0 0 1 1 ,2 5,9 4
12	10 0 0 0 1 0 ,0 4
13	17 0 0 1 0 0 ,17 3
14	12 1 0 0 0 0 ,5 1
16	14 0 1 0 0 0 ,16 2
17	12 0 2 0 0 0 ,10 2,11 2
18	6 0 0 1 1 0 ,3 3,10 4
19	10 0 1 1 0 0 ,0 2,7 3
20	14 0 1 0 0 0 ,7 2
22	14 0 0 0 1 0 ,16 4
23	21 0 0 0 1 0 ,9 4
25	16 0 0 0 0 1 ,20 5
26	14 0 0 1 0 0 ,6 3
27	9 0 1 0 0 1 ,5 5,8 2
29	16 0 0 1 0 0 ,13 3
30	16 1 0 1 0 0 ,2 3,13 1
31	6 0 0 1 0 0 ,3 3
34	21 0 0 0 1 0 ,9 4
35	21 1 0 0 0 0 ,9 1
39	10 0 0 1 0 0 ,0 3
41	23 1 0 0 0 0 ,2 1
42	17 0 1 0 0 0 ,18 2
44	12 0 1 0 0 0 ,5 2
46	17 0 0 0 1 0 ,18 4
47	16 0 1 0 0 0 ,20 2
48	10 0 0 0 1 0 ,1 4
49	12 1 0 0 0 0 ,11 1
51	16 0 0 0 0 1 ,13 5
52	9 1 0 0 1 0 ,8 1,18 4
53	14 0 0 0 2 0 ,6 4,9 4
54	23 0 0 0 0 1 ,2 5
55	12 0 1 0 0 0 ,11 2
56	10 0 0 1 0 0 ,1 3
57	14 0 0 0 1 0 ,7 4
58	14 1 0 1 0 0 ,16 3,20 1
59	16 0 2 0 1 0 ,2 4,13 2,17 2
61	6 0 0 0 1 1 ,7 4,12 5
62	14 1 0 0 0 0 ,7 1
63	14 0 0 0 0 1 ,6 5
66	14 0 1 0 0 0 ,14 2
67	9 1 0 0 0 1 ,8 5,18 1
70	6 1 0 0 0 0 ,12 1
71	10 1 0 0 0 1 ,0 1,17 5
73	16 0 0 0 1 0 ,20 4
74	10 0 0 1 0 0 ,1 3
76	2 0 1 0 1 0 ,5 4,15 2
78	17 0 0 0 0 2 ,2 5,17 5
80	14 0 2 1 0 0 ,6 2,18 2,20 3
82	14 0 0 1 0 1 ,14 3,16 5
84	17 0 1 0 0 0 ,17 2
85	6 0 0 1 1 0 ,14 4,19 3
86	4 0 0 1 1 0 ,4 4,14 3
88	6 0 0 1 0 0 ,19 3
89	12 0 0 1 0 0 ,11 3
92	9 1 0 0 0 0 ,8 1
94	21 0 0 0 1 0 ,9 4
96	17 0 0 0 1 0 ,18 4
