0	24 0 0 0 1 0 ,6 4
2	13 1 0 0 0 0 ,28 1
3	9 0 0 1 1 0 ,10 4,20 3
4	7 0 0 0 1 1 ,2 5,17 4
8	13 1 0 0 0 0 ,4 1
9	11 0 0 0 0 2 ,10 5,25 5
10	7 0 0 0 0 1 ,9 5
11	11 0 0 0 0 1 ,5 5
12	9 0 0 0 1 0 ,27 4
13	4 1 1 0 0 0 ,5 1,15 2
17	14 0 0 1 0 0 ,24 3
18	10 0 0 0 0 1 ,21 5
22	7 0 0 2 0 0 ,7 3,28 3
23	16 1 0 0 0 0 ,0 1
26	7 0 1 1 1 0 ,14 3,25 2,28 4
28	2 0 1 0 0 0 ,13 2
29	7 0 0 2 0 0 ,12 3,19 3
31	4 0 1 0 1 0 ,7 4,15 2
32	9 1 0 0 0 0 ,27 1
33	9 1 1 0 1 1 ,2 1,8 5,25 2,27 4
34	8 1 0 0 1 0 ,6 4,18 1
35	12 0 1 0 0 0 ,19 2
37	9 1 0 1 0 0 ,1 3,20 1
38	24 0 0 0 1 0 ,6 4
40	8 0 2 0 0 0 ,1 2,29 2
41	13 0 0 0 0 1 ,4 5
42	11 0 1 0 0 1 ,6 5,10 2
43	20 0 0 0 0 1 ,8 5
44	15 0 0 1 1 0 ,0 4,25 3
45	9 0 1 0 0 0 ,2 2
47	13 0 0 0 0 1 ,1 5
48	11 0 0 0 2 0 ,3 4,19 4
49	8 1 1 0 1 0 ,18 2,22 4,26 1
50	8 1 0 0 1 0 ,26 4,29 1
51	1 1 0 0 0 1 ,16 1,24 5
52	11 1 0 1 0 0 ,3 3,5 1
53	8 1 0 0 0 0 ,29 1
54	7 0 1 0 0 0 ,14 2
55	16 0 0 0 1 0 ,0 4
56	16 0 1 0 0 0 ,0 2
57	20 0 0 1 0 0 ,8 3
59	7 1 0 1 0 0 ,12 3,29 1
62	7 0 1 0 0 1 ,6 5,9 2
64	8 1 1 0 0 0 ,8 2,29 1
65	8 1 1 0 0 0 ,24 1,29 2
66	24 0 1 0 0 0 ,6 2
67	9 0 0 0 0 1 ,22 5
70	12 0 1 0 0 0 ,19 2
72	16 0 1 0 0 0 ,0 2
73	8 0 0 0 1 1 ,8 5,18 4
74	7 1 2 0 0 0 ,1 2,12 1,14 2
76	12 1 0 0 0 0 ,19 1
77	11 1 0 0 1 0 ,1 1,3 4
78	9 1 0 0 0 0 ,20 1
79	13 0 1 0 0 0 ,4 2
80	10 0 0 0 0 1 ,21 5
81	7 1 0 1 1 0 ,17 3,20 1,24 4
84	13 0 1 1 0 0 ,0 3,26 2
85	9 0 1 0 0 0 ,11 2
86	13 1 0 0 0 1 ,26 1,28 5
87	8 2 0 1 0 0 ,18 1,20 1,25 3
90	4 0 0 0 1 0 ,23 4
92	11 0 0 0 1 1 ,5 4,26 5
93	9 2 0 1 0 0 ,4 1,11 3,24 1
94	9 1 1 0 1 0 ,2 1,4 4,20 2
96	9 0 0 0 1 0 ,11 4
