1	10 0 0 0 2 0 ,5 4,14 4
2	16 1 0 0 0 0 ,22 1
3	4 0 1 0 1 0 ,14 2,29 4
4	16 0 0 0 1 0 ,32 4
5	17 0 0 0 0 1 ,21 5
6	4 0 0 0 2 1 ,17 4,19 4,23 5
9	17 0 0 0 0 1 ,33 5
10	2 0 1 0 0 0 ,25 2
11	7 1 0 0 0 0 ,11 1
13	10 1 0 0 1 0 ,21 4,24 1
15	6 0 0 1 2 0 ,5 3,20 4,33 4
16	10 1 0 1 1 0 ,0 4,9 3,34 1
17	13 0 0 0 0 1 ,1 5
18	8 0 0 0 0 1 ,10 5
19	10 1 0 0 0 1 ,5 1,22 5
21	14 0 1 0 0 0 ,28 2
22	10 0 0 0 1 0 ,24 4
23	10 0 1 0 0 1 ,9 2,30 5
25	8 0 0 1 0 0 ,10 3
26	15 0 0 1 0 0 ,30 3
27	8 1 0 0 0 0 ,26 1
28	5 0 1 0 0 0 ,13 2
31	6 1 0 0 0 1 ,2 1,12 5
32	5 0 0 1 1 0 ,0 4,13 3
33	6 2 0 1 2 1 ,9 5,14 1,18 3,20 1,21 4,38 4
34	10 0 1 0 0 1 ,24 2,32 5
36	14 0 0 0 0 1 ,34 5
37	17 1 0 0 0 0 ,38 1
38	12 0 0 0 1 0 ,4 4
39	8 0 0 1 0 1 ,26 5,31 3
40	3 2 0 1 2 0 ,1 3,7 4,19 1,36 4,37 1
41	12 1 1 0 0 0 ,1 2,14 1
42	11 0 0 1 0 0 ,35 3
43	17 0 1 0 0 0 ,38 2
44	11 0 1 0 0 0 ,35 2
47	12 1 0 0 0 0 ,4 1
49	4 3 0 1 0 0 ,15 1,22 1,27 1,31 3
50	2 2 0 1 0 0 ,3 1,5 1,38 3
51	12 0 0 0 1 1 ,4 5,18 4
52	12 0 1 0 1 0 ,0 4,28 2
54	3 1 1 0 0 3 ,6 5,12 5,32 5,35 1,37 2
55	18 0 0 0 0 1 ,15 5
57	10 0 2 2 0 0 ,16 3,22 2,31 2,38 3
59	14 1 0 1 1 0 ,15 1,21 4,34 3
60	14 0 0 1 0 0 ,34 3
62	14 1 0 0 0 0 ,28 1
63	4 1 0 0 0 1 ,27 1,35 5
64	10 1 0 0 0 0 ,5 1
66	14 0 0 0 1 1 ,15 5,28 4
67	7 0 0 1 0 0 ,11 3
69	14 0 1 0 1 0 ,22 4,34 2
72	10 1 0 0 1 0 ,31 1,36 4
73	10 0 1 0 0 0 ,16 2
75	1 1 0 0 0 0 ,8 1
76	12 0 1 0 0 0 ,14 2
77	10 0 2 0 0 1 ,18 5,24 2,32 2
78	18 0 0 0 1 1 ,15 4,18 5
79	2 1 0 0 0 0 ,3 1
80	13 0 0 2 0 0 ,1 3,33 3
81	6 0 0 0 0 1 ,2 5
82	4 0 1 0 0 0 ,27 2
84	18 0 1 0 0 0 ,15 2
85	15 0 0 1 0 1 ,12 5,22 3
87	7 1 0 2 0 0 ,11 3,18 3,24 1
89	10 0 0 0 0 1 ,16 5
90	7 0 1 0 0 1 ,23 2,28 5
91	8 1 2 0 0 0 ,4 2,26 2,33 1
93	10 1 0 0 2 0 ,31 1,33 4,38 4
97	12 0 1 0 0 0 ,14 2
98	6 1 1 0 1 0 ,20 1,30 2,36 4
99	15 0 0 0 0 1 ,30 5
