0	21 0 0 0 1 0 ,4 4
1	9 0 0 2 0 0 ,11 3,15 3
4	11 0 0 0 2 0 ,4 4,12 4
7	3 0 0 1 0 1 ,20 5,22 3
8	3 0 1 1 0 0 ,8 2,18 3
10	13 0 0 0 1 0 ,9 4
11	21 0 0 0 0 1 ,4 5
12	6 0 0 1 0 1 ,2 3,12 5
13	18 1 0 0 0 0 ,20 1
14	11 1 0 0 0 0 ,17 1
15	13 1 0 1 0 0 ,1 1,9 3
16	9 1 0 0 0 0 ,11 1
19	16 0 0 0 0 1 ,23 5
20	11 0 0 0 0 1 ,17 5
21	7 0 0 1 0 0 ,5 3
27	3 0 1 1 0 0 ,0 2,10 3
30	13 0 1 0 0 0 ,25 2
32	2 0 1 0 0 0 ,7 2
34	11 1 0 0 1 1 ,4 4,17 1,29 5
35	15 0 0 0 1 1 ,27 5,29 4
36	15 0 0 1 0 1 ,1 5,20 3
37	16 0 0 0 1 0 ,23 4
39	11 0 2 0 0 0 ,13 2,27 2
40	7 0 0 0 0 1 ,19 5
41	7 1 0 0 0 0 ,28 1
44	11 0 0 1 0 0 ,17 3
47	15 0 1 0 0 0 ,1 2
48	3 0 0 1 1 0 ,8 4,26 3
51	6 0 0 1 0 0 ,2 3
52	11 1 0 0 0 0 ,17 1
53	11 0 1 0 0 0 ,12 2
54	8 0 1 0 0 0 ,8 2
55	18 0 0 0 1 0 ,20 4
56	7 0 0 0 1 1 ,14 5,20 4
57	8 0 0 1 1 0 ,16 3,24 4
58	5 0 0 0 1 0 ,3 4
60	13 0 0 1 0 0 ,9 3
61	21 1 0 0 0 0 ,4 1
62	13 0 0 0 0 1 ,15 5
65	11 0 0 0 1 0 ,6 4
66	15 0 0 0 0 1 ,29 5
67	16 1 1 0 0 0 ,23 1,27 2
68	3 1 1 1 0 0 ,3 1,21 3,24 2
69	8 1 0 0 0 0 ,0 1
70	12 0 0 1 1 0 ,24 3,25 4
71	16 0 0 1 0 0 ,23 3
74	11 0 0 0 1 0 ,13 4
75	13 0 0 1 1 0 ,1 3,15 4
76	18 1 0 0 0 0 ,20 1
77	13 2 0 0 0 0 ,15 1,29 1
78	15 0 0 0 1 0 ,1 4
80	7 0 1 0 0 1 ,13 5,28 2
81	7 0 1 0 0 0 ,19 2
84	8 1 0 0 0 1 ,16 5,23 1
85	9 0 1 0 0 1 ,11 5,24 2
86	13 0 0 0 1 0 ,25 4
87	7 0 0 0 1 0 ,28 4
88	11 0 0 1 1 0 ,6 4,25 3
89	16 0 1 0 0 0 ,23 2
93	7 0 1 1 1 0 ,4 3,5 4,14 2
94	12 1 0 0 0 1 ,24 1,27 5
95	11 0 0 2 0 0 ,6 3,9 3
98	16 0 1 0 0 0 ,27 2
99	8 0 0 0 0 1 ,0 5
