0	11 0 0 1 1 0 ,18 3,32 4
1	6 1 0 0 0 0 ,26 1
2	13 0 0 1 0 1 ,29 5,31 3
3	3 0 0 1 1 0 ,5 4,15 3
4	7 1 0 0 0 0 ,25 1
6	2 0 1 0 0 0 ,6 2
7	20 0 0 0 1 0 ,10 4
9	21 0 0 1 0 0 ,17 3
11	18 0 0 0 1 0 ,3 4
14	6 1 0 0 1 0 ,20 1,26 4
15	4 0 1 1 1 0 ,2 3,8 2,29 4
17	10 0 0 1 0 0 ,23 3
18	6 1 1 0 0 0 ,10 2,16 1
19	20 0 0 1 1 1 ,10 5,17 4,19 3
20	18 0 0 0 0 1 ,21 5
21	18 0 0 0 1 0 ,21 4
23	10 1 0 0 0 0 ,23 1
26	2 0 1 1 0 1 ,11 2,20 5,27 3
27	7 1 0 0 0 0 ,33 1
28	11 0 0 0 1 0 ,30 4
31	11 0 1 0 0 0 ,0 2
32	18 0 1 0 0 0 ,3 2
33	3 0 0 2 0 1 ,13 3,19 5,28 3
34	7 0 0 1 1 0 ,17 3,25 4
35	16 0 0 0 1 0 ,31 4
36	24 0 0 0 1 0 ,2 4
37	24 0 0 0 1 0 ,2 4
39	13 0 0 1 0 0 ,29 3
40	9 0 1 0 0 1 ,10 5,35 2
41	6 1 0 0 0 0 ,26 1
42	6 0 1 1 1 0 ,9 4,14 2,27 3
43	9 0 1 0 1 0 ,1 4,35 2
45	1 2 0 0 0 0 ,4 1,22 1
47	6 0 0 0 0 1 ,16 5
48	6 0 1 0 1 2 ,14 4,17 5,21 5,30 2
49	21 0 0 0 2 0 ,2 4,19 4
50	16 0 1 1 0 0 ,17 3,31 2
51	11 0 1 1 0 0 ,0 3,20 2
52	11 0 0 0 0 1 ,0 5
54	9 0 0 0 1 1 ,2 5,35 4
58	11 0 1 0 0 0 ,30 2
60	10 1 0 0 0 1 ,23 1,32 5
62	9 1 0 1 3 0 ,20 4,21 4,30 3,32 4,35 1
64	5 0 0 1 0 0 ,22 3
65	21 1 0 0 0 0 ,19 1
66	13 2 0 0 0 0 ,29 1,32 1
68	4 1 0 0 0 0 ,12 1
69	11 1 0 1 0 1 ,1 5,17 3,31 1
70	4 0 0 2 0 2 ,3 5,12 3,19 5,31 3
71	8 0 1 0 1 0 ,3 2,9 4
72	7 0 1 0 0 1 ,3 5,33 2
73	11 0 0 0 1 0 ,28 4
74	10 0 0 1 0 0 ,23 3
75	4 0 0 1 1 0 ,7 4,19 3
76	11 1 0 0 0 0 ,1 1
77	20 0 0 0 1 0 ,10 4
79	11 0 0 0 2 0 ,18 4,28 4
84	16 0 0 1 0 0 ,31 3
85	4 0 1 0 0 1 ,8 2,20 5
86	5 2 0 0 0 0 ,0 1,22 1
87	11 1 0 0 0 0 ,1 1
88	7 0 1 0 1 0 ,25 2,27 4
91	11 0 0 0 1 0 ,18 4
92	10 1 0 0 1 0 ,2 4,23 1
93	10 1 0 0 0 0 ,23 1
95	7 0 0 0 1 0 ,33 4
96	1 1 0 0 0 0 ,34 1
97	16 0 1 0 0 0 ,32 2
98	1 1 0 0 0 0 ,24 1
