4	2 1 0 0 0 0 ,12 1
7	11 1 0 0 0 0 ,3 1
9	14 1 1 0 0 0 ,0 1,4 2
11	14 0 1 0 1 0 ,0 2,8 4
12	18 0 0 0 0 1 ,4 5
19	3 0 0 1 1 0 ,8 4,9 3
21	16 0 0 0 1 0 ,11 4
24	16 1 0 0 0 0 ,11 1
25	10 0 0 0 1 0 ,14 4
26	18 0 0 1 0 0 ,17 3
27	6 1 0 0 0 0 ,18 1
29	11 0 0 0 0 1 ,3 5
31	10 1 0 0 0 0 ,14 1
33	10 0 0 0 0 1 ,14 5
35	12 0 1 0 0 0 ,7 2
36	18 1 0 0 0 0 ,4 1
37	3 0 0 1 0 0 ,2 3
38	11 0 1 0 0 1 ,3 2,6 5
43	18 0 0 0 0 1 ,8 5
46	12 0 0 0 1 0 ,7 4
47	16 1 0 0 0 0 ,11 1
48	21 0 1 0 0 0 ,6 2
51	14 2 0 0 0 0 ,0 1,11 1
52	6 0 0 1 1 0 ,4 3,13 4
53	4 1 0 0 0 1 ,10 1,17 5
55	5 0 0 0 1 3 ,0 5,1 4,5 5,19 5
56	8 1 0 0 0 0 ,20 1
57	11 0 0 1 0 1 ,1 5,3 3
59	12 2 0 0 0 0 ,7 1,8 1
61	18 0 0 1 0 0 ,17 3
62	14 1 0 0 0 0 ,0 1
63	14 0 1 0 1 0 ,0 4,1 2
64	18 0 0 0 0 1 ,4 5
65	4 1 0 0 0 0 ,10 1
66	16 0 0 0 1 0 ,11 4
67	17 0 0 0 1 0 ,19 4
68	21 0 1 0 0 0 ,6 2
69	2 0 3 0 0 0 ,10 2,16 2,17 2
70	17 0 0 0 1 0 ,19 4
73	4 1 0 0 1 0 ,1 4,15 1
75	21 0 0 1 0 0 ,6 3
76	6 0 0 1 0 0 ,18 3
77	12 0 0 1 0 1 ,7 5,17 3
79	8 0 0 0 0 1 ,20 5
83	8 0 1 0 0 0 ,20 2
84	18 0 1 0 0 0 ,4 2
85	4 0 0 1 0 0 ,15 3
87	6 0 1 0 0 0 ,13 2
91	6 0 1 0 0 0 ,18 2
92	21 0 0 0 0 1 ,6 5
94	16 0 0 0 1 1 ,11 5,19 4
96	18 0 1 0 1 0 ,6 4,17 2
97	2 1 0 0 1 0 ,8 4,12 1
