0	0 4 6 10 8 9 ,0 17,2 10,4 15,5 7,6 6,7 13,9 16,10 19,11 14,12 20,13 19,14 20,18 23,19 11,20 13,22 8,24 14,28 8,29 17,30 10,32 10,34 9,35 8,36 14
1	0 6 6 3 4 9 ,1 12,2 8,3 10,5 4,6 21,9 11,14 2,16 17,20 3,22 8,24 7,25 2,27 15,28 14,29 17,30 13,32 7
2	0 10 11 11 5 5 ,3 11,4 18,6 1,7 11,8 6,10 5,11 4,12 10,13 13,14 6,15 19,16 7,17 11,18 13,21 6,24 5,25 15,28 14,29 21,31 19,32 11,35 10,36 9,37 12
3	0 7 7 5 8 6 ,0 17,1 9,2 15,3 10,4 17,7 13,8 19,9 16,12 10,14 11,15 10,17 16,18 19,19 8,21 12,24 15,27 20,28 8,30 5,31 15,32 13,33 17,34 17,35 13
4	0 11 7 6 9 3 ,0 15,2 8,4 15,5 6,7 18,8 8,9 11,11 16,12 13,14 10,15 3,16 19,20 15,21 12,23 12,24 12,25 8,26 4,28 13,29 9,30 13,32 13,33 2,35 18
5	0 6 7 3 11 10 ,0 17,1 16,2 3,3 6,5 17,7 13,9 15,10 10,12 7,14 10,15 5,16 4,17 9,19 11,20 10,21 17,22 21,25 14,27 5,32 12,35 8,36 11
6	0 7 10 2 8 5 ,0 9,2 19,4 13,5 12,9 10,10 13,12 13,13 14,14 15,15 10,19 8,20 16,21 14,22 8,23 12,30 15,32 5,34 11,35 8,36 18
7	0 7 13 8 9 9 ,0 17,1 12,2 7,3 5,6 13,7 8,8 19,9 13,10 23,11 19,12 19,14 9,15 3,16 10,17 2,19 10,21 15,25 6,26 14,27 5,28 9,29 12,30 13,31 12,32 21,34 16,37 16
8	0 10 12 3 6 6 ,2 15,3 15,4 15,5 10,6 15,7 13,8 4,10 2,11 4,13 14,14 16,15 13,17 11,18 14,19 13,20 14,22 15,23 9,24 18,25 20,27 15,29 17,30 6,31 8,34 12
9	0 10 4 5 5 10 ,0 7,2 8,5 14,6 21,9 16,10 7,11 20,12 4,14 17,15 13,16 9,17 2,18 7,21 16,23 10,24 3,25 2,26 23,27 16,28 12,29 13,30 12,35 13,37 8
10	0 11 6 10 8 8 ,0 15,2 18,5 17,7 6,8 10,9 8,11 13,12 8,13 14,14 9,15 3,16 9,17 13,18 17,20 13,21 15,22 8,23 9,27 7,29 4,30 15,31 8,32 18,33 5,36 11,37 6
11	0 6 8 9 6 8 ,0 16,3 12,4 11,5 18,7 1,9 15,10 18,11 17,12 15,13 14,14 8,15 5,18 21,19 20,20 14,25 12,26 17,27 15,29 12,30 11,31 13,32 12,33 3,35 11
12	0 6 11 11 9 12 ,0 11,1 6,2 10,5 17,6 15,7 7,8 6,9 16,11 6,12 5,13 17,14 6,15 17,16 6,17 13,18 5,19 6,20 6,25 14,26 14,28 10,29 18,30 13,31 21,33 12,34 20,36 21,37 10
13	0 6 6 5 12 3 ,2 21,3 10,4 4,6 13,7 13,8 4,9 9,10 18,14 8,16 16,17 17,19 12,20 14,21 12,23 10,28 19,29 28,30 18,32 12,33 9,36 7,37 16
14	0 7 10 4 10 3 ,0 4,1 14,2 9,4 20,6 16,7 8,8 19,11 19,12 4,13 20,14 20,18 9,19 15,20 13,24 11,25 18,26 17,29 8,32 13,33 5,34 12,35 2
15	0 12 7 7 4 4 ,0 2,4 20,7 3,8 5,9 12,12 13,13 19,16 6,17 13,20 4,22 12,24 12,25 14,29 12,30 9,31 18,32 11,34 11,35 11,36 12,37 14
16	0 3 7 6 6 7 ,2 9,3 19,4 11,5 6,6 19,8 17,9 16,10 23,12 11,13 13,15 11,16 8,18 13,21 16,22 8,23 14,26 14,28 12,30 11,32 9,33 16,34 6,36 18
17	0 7 12 5 4 3 ,0 16,1 9,6 19,7 9,8 10,10 4,12 13,15 4,17 15,18 2,20 22,22 12,23 4,25 12,27 15,28 12,29 17,32 7,33 17,34 13,37 14
18	0 8 9 2 6 5 ,5 3,6 14,7 4,8 19,9 16,10 13,14 15,17 7,18 13,19 13,20 3,21 6,24 3,25 7,28 18,29 12,30 8,32 9,33 10,36 10
19	0 4 7 6 10 9 ,0 9,2 12,5 7,6 11,7 9,11 11,12 13,13 14,14 9,16 5,17 11,19 11,21 12,23 14,24 15,26 9,27 5,30 9,31 15,34 12,35 10
20	0 5 6 6 2 6 ,0 3,1 9,2 20,3 14,4 20,6 5,9 9,13 2,14 9,16 13,18 17,21 6,23 14,28 8,30 6,33 15,34 17
21	0 14 8 12 14 6 ,0 17,2 16,3 5,5 3,6 16,7 11,8 8,9 20,11 11,13 14,14 7,15 11,16 7,17 8,18 17,19 19,20 4,21 16,23 18,26 8,28 18,29 13,30 6,31 12,34 6,35 14,36 11,37 10
22	0 6 10 6 8 11 ,0 10,2 16,3 12,4 20,5 17,6 21,7 7,8 9,9 16,11 9,12 13,14 7,15 5,18 8,19 11,20 8,21 6,23 14,24 18,25 14,29 7,30 20,31 18,32 16,33 19,35 11,36 10
23	0 7 9 7 7 8 ,0 7,1 14,2 8,4 17,5 18,7 11,8 11,9 18,10 12,11 17,12 10,14 12,16 1,17 15,18 19,19 13,24 17,25 6,27 5,30 13,31 8,33 19,34 12,35 13,36 13
24	0 7 11 10 8 12 ,1 6,2 7,3 10,4 15,5 4,6 12,7 13,9 2,10 13,11 13,12 19,13 11,14 17,16 6,18 3,19 6,20 10,21 14,23 8,24 18,25 1,27 7,28 13,30 16,32 11,33 2,34 20,36 12,37 19
25	0 6 6 4 4 11 ,0 15,2 6,6 12,7 20,9 11,11 9,12 13,15 9,16 1,17 11,18 21,20 17,24 13,26 5,27 13,28 10,30 6,35 5,36 19,37 16
26	0 9 8 5 8 4 ,0 22,1 9,2 6,4 11,5 4,6 14,10 7,11 8,12 11,14 13,17 13,18 13,20 14,21 16,22 17,23 11,24 15,25 9,26 23,27 15,31 12,32 12,34 11,36 19,37 14
27	0 6 10 11 8 5 ,0 17,1 16,2 9,4 11,5 9,7 8,8 18,9 14,10 17,11 7,13 7,14 12,15 4,16 11,17 12,18 14,19 14,20 20,22 13,25 10,26 5,27 15,30 9,31 3,32 7,34 19,35 18,36 3,37 14
28	0 4 12 8 13 9 ,0 18,1 21,2 3,3 19,5 25,6 13,7 10,8 8,9 11,10 19,11 14,13 20,14 6,15 9,16 10,17 13,18 5,19 19,20 14,21 6,22 13,24 18,25 14,26 9,27 16,28 17,29 4,32 10,33 15,36 11,37 10
29	0 7 6 10 7 7 ,0 13,2 8,3 11,6 15,7 11,8 19,9 9,10 7,16 9,17 12,18 3,19 16,20 15,21 6,22 13,23 8,26 14,29 13,30 13,32 15,35 10,37 16
30	0 3 10 12 5 8 ,0 7,1 17,3 10,5 5,6 12,7 13,8 11,9 4,10 14,11 8,12 5,13 13,14 12,17 8,18 17,19 11,20 20,22 15,23 6,24 1,28 8,31 15,36 11,37 11
31	0 9 7 7 9 4 ,0 17,1 21,2 9,3 1,4 22,7 14,8 12,9 18,12 5,13 18,15 3,16 6,17 16,18 19,22 13,24 18,26 20,27 8,28 17,32 7,33 7,34 9,36 7
32	0 3 4 7 6 12 ,0 2,1 17,2 20,4 15,7 13,8 17,10 27,11 1,13 8,14 12,15 11,16 21,17 6,18 9,19 5,20 14,21 12,22 8,24 18,27 16,29 9,30 11,32 13,36 12
33	0 10 8 5 7 4 ,0 18,2 11,3 20,5 12,6 20,7 6,8 9,11 10,12 2,13 15,14 2,17 8,20 17,21 12,22 12,24 16,25 21,26 20,27 7,29 18,31 8,32 8,33 11,34 17,37 4
34	0 7 9 7 14 6 ,0 10,2 7,3 11,4 11,6 6,7 24,8 10,9 8,12 11,13 14,14 8,16 6,17 2,18 3,19 14,22 12,24 4,26 15,27 13,28 10,29 13,30 16,32 21,33 9,36 10,37 12
35	0 9 7 5 14 16 ,0 1,1 12,2 21,3 4,4 19,6 14,7 14,8 4,11 5,12 9,13 15,14 11,15 10,17 13,19 11,20 1,21 12,22 12,23 14,27 10,28 9,29 17,30 4,31 4,32 9,33 7,35 23,36 19,37 14
36	0 4 9 6 5 6 ,0 22,2 12,3 12,4 13,5 4,7 20,9 18,10 5,11 11,14 20,15 10,19 11,20 6,21 16,23 4,25 17,27 7,28 9,32 5,34 16,36 13,37 10
37	0 6 8 6 4 5 ,0 18,1 14,2 13,4 10,5 17,7 24,8 12,9 14,10 14,12 10,14 18,15 17,16 15,17 17,18 23,19 11,21 6,23 10,25 11,26 11,28 15,31 11,35 16
38	0 4 5 9 4 9 ,0 4,1 9,2 18,6 14,10 19,11 19,12 4,14 13,15 13,16 16,17 16,18 14,20 5,22 17,28 12,30 9,32 10,33 5,34 12,35 23,36 9
39	0 8 2 5 8 10 ,0 7,4 10,5 10,6 13,7 13,9 14,11 13,13 8,14 17,15 9,16 8,17 6,18 9,20 16,23 10,26 20,27 23,28 12,31 14,32 12,33 10,35 23,36 14
40	0 8 7 9 8 4 ,0 6,4 10,6 6,8 13,10 19,12 9,14 8,16 6,17 9,18 7,19 25,20 6,21 16,22 3,23 3,25 12,27 12,29 13,30 11,32 13,34 11,35 12,37 5
41	0 2 14 9 6 10 ,0 15,1 4,2 9,4 15,6 8,7 20,8 18,9 16,14 18,15 17,16 5,18 5,22 21,23 11,24 3,25 14,26 3,27 12,28 12,29 12,30 7,32 18,33 12,35 12,36 13,37 8
42	0 12 7 10 10 12 ,0 9,2 7,3 10,4 10,7 10,8 11,9 9,11 16,13 14,14 12,15 2,17 7,18 9,19 25,20 13,21 6,23 16,24 7,25 12,26 3,27 15,28 18,29 21,30 11,31 8,32 17,33 19,34 19,35 13,36 2
43	0 9 6 7 3 11 ,1 8,3 12,4 15,5 9,6 12,8 3,9 18,12 20,14 2,15 20,16 16,17 11,18 2,20 5,21 6,22 5,24 16,25 21,27 15,30 10,31 12,34 12,35 9,36 9,37 16
44	0 7 7 8 7 4 ,0 11,1 14,2 15,4 15,5 6,7 15,8 17,9 12,10 18,11 6,12 4,14 6,16 9,18 9,21 14,23 11,24 7,25 15,29 21,32 19,34 17,36 21
45	0 9 10 3 4 9 ,0 12,1 7,4 19,7 7,8 2,9 16,10 2,14 8,16 11,17 15,18 7,19 16,20 22,21 6,25 15,26 8,29 12,30 2,31 8,32 16,33 9,34 20,37 4
46	0 8 10 5 10 2 ,0 17,2 16,3 19,4 22,5 3,6 13,7 13,8 9,10 14,11 5,14 12,15 11,16 4,17 9,19 11,21 16,22 9,24 12,25 14,26 17,28 15,32 12,33 17,34 6
47	0 9 9 4 11 5 ,0 14,1 9,2 19,5 17,7 14,9 16,10 19,14 12,15 9,17 1,19 11,20 10,21 16,22 13,23 12,24 12,25 21,26 17,27 5,28 13,29 18,30 10,31 8,33 10,37 14
48	0 11 3 5 8 7 ,0 18,4 13,5 7,7 7,9 14,11 6,12 4,13 18,15 19,16 11,17 2,20 13,23 14,25 1,26 10,27 10,30 11,33 15,34 6,36 14
49	0 8 12 11 5 9 ,0 22,1 9,2 4,3 19,4 13,5 25,6 6,8 5,9 14,10 14,12 16,14 8,15 13,16 5,17 12,19 11,20 19,21 12,24 12,25 1,26 13,27 8,29 17,30 13,32 11,35 12,37 10
50	0 5 10 4 7 8 ,0 18,2 14,3 13,4 19,7 3,9 16,10 2,11 2,12 14,13 13,16 9,17 15,20 18,22 1,24 18,25 14,27 5,31 13,32 13,33 9,34 12,35 9,36 15
51	0 11 4 3 7 8 ,0 20,1 8,2 9,5 9,6 9,7 11,9 16,10 4,11 14,12 19,13 11,14 12,16 5,17 5,18 10,20 22,24 10,27 8,29 7,30 13,31 15,33 7,35 11
52	0 8 7 14 10 11 ,0 14,1 12,2 4,5 5,6 13,7 10,9 9,10 5,12 13,13 18,14 21,16 5,17 6,18 13,19 15,20 11,22 20,23 14,26 16,28 18,29 7,30 11,31 11,32 5,33 17,34 11,35 8
53	0 6 4 9 10 9 ,1 9,2 8,3 16,4 18,5 7,6 4,8 10,9 18,10 27,11 20,12 14,14 17,15 17,16 4,17 6,18 14,19 8,23 11,25 16,26 10,27 14,31 11,32 13,33 21,34 11,35 6,37 10
54	0 5 4 12 9 8 ,0 11,2 19,3 11,4 15,5 10,6 21,7 14,8 3,9 12,10 16,11 20,12 3,14 8,15 7,17 6,18 10,19 11,20 22,21 15,25 8,26 9,28 8,29 21,30 16,31 2,32 11,33 11,35 18
55	0 6 12 5 6 10 ,0 2,3 19,4 11,6 20,7 14,9 14,13 5,14 17,18 4,19 19,21 6,22 21,23 16,24 13,26 11,27 11,28 2,29 7,30 6,31 4,32 20,33 17,34 16,36 19
56	0 6 6 3 12 6 ,0 17,1 16,4 6,5 4,8 13,10 13,13 5,14 9,17 12,18 19,22 8,24 1,25 12,26 13,27 15,29 12,30 4,31 7,32 6,33 21,36 11,37 4
57	0 6 8 7 6 8 ,1 12,2 16,4 20,6 19,7 14,9 14,11 6,13 13,14 9,15 5,16 7,17 15,18 12,19 19,20 14,22 8,24 12,25 11,26 20,27 13,29 10,30 13,31 12,32 13,33 12,37 16
58	0 8 12 7 9 4 ,0 7,1 6,2 2,5 10,6 12,8 18,12 5,13 8,15 3,17 2,18 13,20 13,21 19,22 13,24 11,25 6,26 20,28 9,29 21,31 15,32 8,33 19,35 13,37 10
59	0 5 5 6 5 4 ,1 17,3 14,6 6,9 12,13 4,14 11,15 11,16 6,17 14,19 25,20 16,21 15,23 2,24 10,29 13,31 12,32 13,33 15,37 6
60	0 11 7 6 4 7 ,2 19,5 10,7 11,9 11,10 14,12 13,13 2,14 20,15 17,17 16,18 5,19 16,20 13,21 17,22 12,23 1,24 16,25 14,26 17,28 14,31 11,32 11,33 10,34 5,36 14
61	0 11 4 10 10 12 ,0 9,1 7,2 7,3 15,4 11,5 25,6 15,7 15,8 17,9 12,10 8,12 19,14 5,15 8,16 5,18 13,21 16,23 3,24 24,25 15,26 13,27 15,30 10,32 12,33 17,34 10,35 13,36 14,37 19
62	0 6 2 2 9 12 ,2 16,3 10,6 13,7 13,9 18,10 17,13 18,14 10,15 13,17 15,19 15,21 12,24 16,25 7,26 20,27 7,30 12,31 7,32 18,33 11,34 17,36 13,37 5
63	0 7 1 6 9 4 ,3 2,6 9,9 11,10 17,11 21,12 11,16 6,17 8,18 2,20 5,21 18,22 17,23 6,24 17,25 12,27 12,28 10,29 4,30 10,32 17,33 12,34 9,37 11
64	0 7 5 7 4 7 ,0 15,2 20,3 7,5 17,10 17,11 17,12 13,13 11,14 11,15 20,16 5,18 20,19 15,20 3,21 16,23 6,26 9,28 12,31 7,32 12,37 19
65	0 6 7 3 7 5 ,1 12,2 15,3 16,5 14,6 11,7 7,14 12,15 9,16 11,17 13,18 17,20 1,21 6,22 21,23 14,24 12,27 23,28 15,30 8,31 13,34 11,35 24,36 18
66	0 12 6 10 4 10 ,2 13,5 25,8 17,9 9,10 27,11 10,13 18,14 7,15 11,17 3,18 5,19 20,20 1,21 16,23 4,24 7,25 4,27 10,29 1,30 15,31 11,32 21,34 10,35 11
67	0 10 4 2 7 6 ,0 13,6 20,7 9,9 16,10 5,11 14,16 1,19 15,20 5,21 14,22 15,23 3,24 11,25 18,26 20,29 13,32 5,37 19
68	0 8 6 14 10 11 ,1 9,2 1,3 10,5 14,8 10,9 16,10 14,11 16,12 2,14 11,15 13,18 2,19 11,20 15,21 16,22 12,23 19,24 12,26 7,27 13,28 3,29 13,31 6,34 12,35 13,36 10
69	0 6 13 11 2 7 ,1 19,2 11,3 19,6 15,8 17,11 9,12 19,13 13,14 17,15 7,17 15,18 23,20 8,21 17,22 11,23 10,24 24,25 6,26 16,27 23,29 4,30 10,31 11,34 6
70	0 7 6 2 7 8 ,2 8,8 12,9 10,10 12,11 21,12 11,14 12,15 7,16 11,18 9,19 10,20 18,22 13,23 14,27 5,28 13,29 9,30 11,33 9,34 17,35 13,36 9
71	0 11 7 4 2 5 ,2 7,6 19,7 9,9 18,12 10,14 20,15 8,17 3,18 20,19 19,20 3,21 18,23 18,24 11,26 20,28 15,30 17,31 16,32 8,35 6,37 4
72	0 10 8 6 12 9 ,0 9,1 19,2 15,3 12,4 10,5 2,7 5,11 10,12 10,14 20,15 16,16 7,17 16,18 19,19 15,20 17,21 14,24 16,25 15,27 1,28 8,29 21,32 21,33 9,35 8,36 14
73	0 6 8 9 7 3 ,0 14,1 12,2 10,3 14,4 13,8 5,9 20,11 20,12 7,16 7,17 13,19 2,20 15,25 20,27 20,29 9,31 8,34 10,35 5,36 15,37 12
74	0 6 8 6 4 8 ,0 9,1 1,2 20,6 6,7 20,9 9,11 5,12 16,13 15,14 17,15 7,17 14,19 15,20 19,23 18,24 24,26 10,27 23,28 15,29 12,32 6,33 21,35 9,37 12
75	0 10 2 8 9 4 ,0 17,2 3,5 12,6 14,7 24,9 4,10 23,11 21,15 19,17 21,18 9,20 5,21 12,23 3,26 20,27 5,29 11,30 12,32 7,33 12,36 14,37 16
76	0 6 9 5 5 5 ,4 10,6 20,7 10,8 19,9 20,10 7,12 13,13 11,14 12,15 10,16 10,17 7,20 5,21 3,24 13,25 7,28 13,29 18,30 3,35 10,36 10,37 5
77	0 11 7 9 8 12 ,0 17,1 5,2 16,3 12,4 18,6 21,7 15,9 18,10 23,11 14,12 15,13 17,16 7,17 11,18 13,20 18,21 16,22 11,23 16,24 5,26 5,28 12,29 21,30 9,31 8,32 10,33 11,34 2,35 11,36 15
78	0 7 1 5 7 4 ,2 8,3 13,4 15,5 14,11 7,12 19,13 13,18 21,20 18,22 9,24 14,25 16,27 23,28 15,29 17,34 11,35 23
79	0 6 7 7 4 4 ,1 19,2 9,3 13,4 19,7 14,9 5,12 10,14 6,17 7,21 17,22 9,23 10,24 16,25 20,27 7,28 17,29 9,30 11,32 9,33 10,36 15
80	0 4 8 5 14 5 ,0 4,3 19,4 10,6 9,8 18,9 14,10 7,11 13,14 11,16 6,17 7,20 3,21 18,22 12,23 16,26 17,28 13,29 13,30 14,31 12,32 11,33 21,34 11,37 12
81	0 3 12 17 7 5 ,0 7,1 9,3 15,4 6,6 14,8 10,9 12,10 4,12 8,13 14,14 16,15 13,16 15,17 7,19 15,20 15,21 17,22 12,23 14,24 11,26 5,27 20,28 11,29 2,30 20,31 13,32 10,33 6,34 17,35 23,36 4
82	0 9 15 10 11 9 ,0 15,1 19,2 4,4 11,5 18,6 15,7 6,8 7,9 17,11 20,12 10,13 5,16 5,17 5,18 2,20 2,22 8,23 10,24 5,25 9,26 13,27 8,29 13,30 12,31 15,34 12,35 9,37 8
83	0 11 4 5 8 8 ,1 9,4 10,6 6,7 8,9 14,11 14,12 19,13 17,15 10,16 13,17 8,19 8,20 2,21 16,22 4,25 7,28 5,30 12,31 6,32 11,33 3,34 11,35 11
84	0 9 13 7 11 5 ,0 6,1 9,2 21,3 20,4 11,5 6,6 5,7 9,9 20,11 20,12 20,13 18,14 7,15 11,17 7,19 15,20 5,22 3,23 18,24 12,25 10,26 17,27 2,28 8,31 12,32 1,34 11,35 2,36 7
85	0 7 9 5 7 4 ,0 12,6 8,7 10,8 10,9 15,10 16,13 15,14 2,16 6,18 14,20 20,23 10,25 10,26 7,27 1,28 12,29 17,30 11,31 16,33 15,35 18,37 14
86	0 10 4 6 9 12 ,0 6,1 14,2 11,3 10,4 13,6 9,7 13,8 19,9 17,11 9,12 13,13 4,15 19,16 10,17 7,18 14,21 3,22 12,24 24,25 6,26 14,27 23,28 8,30 11,31 6,34 12,35 14,37 12
87	0 1 10 5 6 2 ,0 20,2 4,3 20,4 15,6 12,9 5,10 8,12 16,15 9,17 12,18 23,21 12,22 21,24 13,25 6,26 15,27 10,33 6,34 19,35 18,36 7
88	0 5 7 8 9 6 ,0 12,5 6,7 17,9 17,10 14,11 19,12 10,13 2,15 10,16 7,17 16,21 16,22 13,23 8,24 4,26 1,28 8,29 11,32 11,33 7,36 2,37 16
89	0 15 8 3 4 9 ,3 13,7 13,8 5,9 12,10 16,13 18,14 10,15 17,16 19,17 17,18 13,19 6,21 12,23 10,24 12,26 7,27 7,29 12,30 5,33 2,34 11,35 18,37 19
90	0 9 13 9 8 8 ,0 6,1 14,2 12,4 15,6 21,7 13,8 12,9 2,11 14,12 2,13 11,14 5,15 10,16 9,17 15,18 12,20 14,21 12,25 7,26 13,28 11,30 17,31 3,32 19,33 7,34 9,36 12,37 12
91	0 6 9 10 6 7 ,0 15,2 15,6 21,7 11,8 10,9 8,11 17,12 8,14 11,15 11,16 19,17 2,18 17,19 15,20 5,22 11,28 9,30 3,31 13,34 3,35 7,36 7,37 14
92	0 8 10 8 9 5 ,0 11,1 14,2 16,5 18,6 12,7 14,9 17,10 27,12 10,16 11,17 11,19 15,20 6,21 12,22 5,24 11,26 14,28 13,29 10,30 14,31 4,32 11,34 17,35 7,37 19
93	0 9 13 6 5 7 ,0 9,2 7,3 1,5 3,6 21,7 13,9 14,10 7,11 9,13 20,15 4,16 16,18 21,19 10,20 4,21 14,22 20,24 7,25 9,26 17,27 13,28 2,29 8,30 7,31 11,33 21,35 11,36 7
94	0 5 9 10 7 2 ,0 15,2 16,4 15,6 8,8 10,9 11,10 12,11 19,12 13,13 17,14 15,16 19,19 11,20 2,23 10,25 7,26 2,27 15,29 9,30 5,31 4,34 10,35 11
95	0 5 5 9 3 10 ,2 8,3 7,4 17,5 17,6 17,7 13,10 10,11 19,12 10,13 13,14 8,16 19,18 19,19 10,20 8,24 5,25 18,26 11,29 9,30 13,33 12,34 12,35 16,36 19
96	0 6 8 2 10 6 ,2 8,3 14,5 10,6 19,7 13,8 9,9 12,10 8,12 14,15 11,18 13,20 2,21 12,22 20,23 3,25 11,26 16,27 7,28 10,29 12,30 16,33 9,34 9,35 11,37 12
97	0 5 6 8 9 8 ,0 9,1 4,2 10,3 12,6 13,7 13,9 17,11 13,14 15,16 5,19 10,20 19,21 6,22 3,24 13,25 18,27 7,28 8,30 15,31 6,34 19,35 13
98	0 10 10 8 11 9 ,0 17,1 12,2 8,3 19,4 20,7 7,11 9,12 4,14 17,15 13,16 11,17 6,18 9,19 14,21 1,22 15,24 13,26 16,27 11,29 8,30 10,31 12,33 5,34 1
99	0 4 9 9 7 2 ,1 9,3 2,4 15,5 2,6 12,7 10,9 16,11 20,12 20,14 8,17 11,18 23,19 25,20 13,21 17,23 14,25 6,26 17,28 10,29 4,30 10,32 7,33 16,36 13,37 12
