1	16 0 1 0 0 0 ,6 2
3	16 0 0 0 1 0 ,12 4
4	22 0 0 1 0 0 ,5 3
5	3 0 2 0 0 0 ,3 2,8 2
7	9 0 0 2 0 0 ,7 3,10 3
9	1 1 0 0 0 0 ,15 1
13	8 0 0 0 0 1 ,2 5
17	7 0 0 1 0 0 ,13 3
18	7 0 1 0 0 0 ,13 2
21	6 0 0 1 0 0 ,16 3
23	6 1 2 0 0 0 ,0 2,10 1,11 2
26	8 1 0 0 0 0 ,2 1
27	16 0 0 0 0 1 ,6 5
28	3 1 0 0 0 0 ,8 1
29	17 0 0 0 0 1 ,0 5
30	6 0 1 0 0 1 ,0 5,4 2
37	16 0 1 1 0 0 ,5 3,12 2
38	9 0 0 1 0 0 ,10 3
39	6 0 1 0 0 0 ,4 2
41	17 1 0 0 0 0 ,3 1
43	16 0 0 1 0 0 ,6 3
44	6 0 0 1 0 0 ,16 3
48	22 0 0 0 1 0 ,5 4
50	9 0 1 1 0 0 ,1 3,6 2
55	17 0 0 0 0 1 ,0 5
58	9 2 0 0 0 0 ,1 1,10 1
59	14 1 0 0 0 0 ,7 1
60	7 0 1 0 0 1 ,12 5,13 2
61	14 0 0 0 0 1 ,7 5
62	22 0 0 1 0 0 ,5 3
63	16 0 0 0 0 1 ,12 5
64	6 0 1 0 0 1 ,5 5,11 2
70	17 0 0 0 1 0 ,3 4
71	22 0 0 0 1 0 ,5 4
76	16 0 1 0 0 1 ,3 5,6 2
80	14 0 1 0 0 0 ,7 2
81	6 1 0 0 0 0 ,4 1
82	8 0 0 2 0 1 ,3 5,7 3,14 3
84	8 0 1 0 0 1 ,6 2,14 5
85	8 0 1 0 0 0 ,2 2
87	9 1 0 0 0 0 ,10 1
88	5 1 1 0 1 0 ,4 1,9 4,11 2
90	5 1 0 0 0 0 ,9 1
95	9 0 0 0 0 1 ,1 5
