0	23 0 0 0 0 1 ,15 5
2	13 1 0 0 1 0 ,23 1,29 4
3	6 0 0 1 0 0 ,7 3
4	20 0 0 0 1 0 ,20 4
5	5 0 1 0 0 0 ,4 2
6	3 0 1 0 1 0 ,15 4,21 2
8	16 0 1 0 0 0 ,32 2
9	14 1 0 0 1 0 ,2 1,5 4
10	18 0 0 0 0 1 ,2 5
11	15 1 0 1 1 0 ,2 3,10 1,32 4
12	11 0 1 0 0 0 ,19 2
15	14 0 0 2 0 0 ,11 3,22 3
16	21 0 0 0 0 1 ,11 5
17	19 0 0 0 1 1 ,24 5,33 4
18	14 0 1 1 0 0 ,5 3,22 2
19	21 0 0 0 1 0 ,24 4
20	8 0 0 0 1 0 ,26 4
21	9 1 1 0 0 0 ,33 2,36 1
22	19 0 0 1 0 0 ,33 3
23	8 0 0 1 0 0 ,26 3
24	21 0 0 0 1 0 ,11 4
25	14 0 0 1 1 0 ,10 4,27 3
26	13 1 0 0 0 0 ,14 1
27	9 0 1 1 0 1 ,11 2,14 5,36 3
28	7 0 0 1 0 0 ,13 3
29	14 1 0 0 0 0 ,27 1
30	11 0 1 0 0 0 ,19 2
31	3 0 0 1 0 0 ,28 3
32	14 0 0 0 1 0 ,22 4
33	9 0 0 0 1 1 ,29 5,35 4
34	10 0 0 0 1 1 ,1 4,20 5
35	11 0 2 0 1 1 ,2 2,10 4,19 2,23 5
36	6 0 1 0 1 0 ,7 2,29 4
37	9 0 1 0 0 0 ,18 2
38	3 0 2 1 0 0 ,19 2,31 3,34 2
39	10 1 0 0 1 0 ,1 1,14 4
40	6 1 0 1 1 0 ,7 1,8 3,33 4
41	12 2 0 0 0 0 ,30 1,34 1
43	9 0 0 0 0 1 ,18 5
44	10 0 0 0 0 1 ,1 5
45	18 0 1 0 0 0 ,2 2
47	13 0 0 0 0 1 ,23 5
49	9 2 1 0 0 0 ,8 2,10 1,25 1
50	15 0 0 0 0 1 ,0 5
51	9 1 0 1 1 0 ,15 3,33 4,35 1
52	4 1 0 0 1 1 ,16 4,19 1,30 5
53	17 0 0 0 1 2 ,2 5,11 4,34 5
54	21 0 0 0 1 0 ,24 4
55	14 1 0 0 0 0 ,22 1
57	9 1 1 1 0 0 ,3 3,18 1,25 2
58	23 0 0 0 0 1 ,15 5
60	9 1 1 1 0 0 ,20 2,32 1,35 3
62	8 1 0 1 1 1 ,8 5,26 1,29 4,32 3
64	9 1 1 0 1 0 ,15 2,34 4,35 1
65	9 1 1 1 0 0 ,5 3,18 1,33 2
66	12 1 2 0 0 0 ,29 2,30 2,32 1
68	7 0 1 0 0 0 ,13 2
69	9 0 1 1 0 0 ,11 3,36 2
70	13 0 1 0 1 0 ,0 4,23 2
71	9 0 0 1 1 0 ,3 3,24 4
72	9 0 0 1 0 0 ,36 3
73	23 0 0 0 1 0 ,15 4
75	7 2 0 1 0 0 ,12 3,20 1,34 1
76	1 2 0 0 0 0 ,4 1,9 1
77	3 0 0 1 0 1 ,6 3,10 5
78	20 1 0 1 0 0 ,20 3,29 1
79	12 0 1 0 1 1 ,22 2,27 5,30 4
80	13 1 0 1 1 0 ,0 1,14 3,34 4
81	7 0 1 0 0 1 ,13 2,32 5
83	7 0 0 1 1 0 ,3 3,12 4
84	14 0 0 0 0 1 ,27 5
87	11 0 1 0 0 0 ,19 2
88	14 0 0 0 1 0 ,5 4
89	9 1 0 0 0 0 ,25 1
90	21 0 0 0 1 0 ,24 4
91	3 1 0 0 0 2 ,20 5,21 1,25 5
96	5 0 1 0 0 0 ,4 2
97	15 0 0 0 0 1 ,0 5
98	14 0 1 0 0 0 ,22 2
99	5 0 0 0 0 1 ,17 5
