5	15 1 0 1 0 0 ,17 1,20 3
6	22 0 0 1 0 0 ,9 3
7	22 0 1 0 0 0 ,9 2
10	15 0 1 0 0 0 ,12 2
11	6 0 0 1 0 1 ,3 3,18 5
12	11 0 0 0 0 1 ,6 5
13	5 1 1 0 0 0 ,2 2,13 1
14	9 0 1 0 0 1 ,7 5,16 2
17	22 0 0 0 0 1 ,9 5
20	11 0 1 0 0 0 ,16 2
22	17 0 0 1 0 0 ,21 3
24	4 0 0 0 1 0 ,5 4
25	22 0 0 1 0 0 ,20 3
26	22 0 0 1 0 0 ,20 3
28	18 0 0 0 0 1 ,1 5
29	15 0 0 0 4 0 ,9 4,12 4,13 4,20 4
30	3 0 0 1 0 0 ,11 3
31	3 0 0 1 1 0 ,4 3,21 4
32	18 0 1 0 0 0 ,1 2
35	12 0 1 0 0 0 ,18 2
37	11 0 0 1 0 0 ,0 3
39	17 1 0 0 0 0 ,21 1
41	8 0 0 0 1 0 ,14 4
42	15 0 1 0 0 0 ,13 2
44	15 0 0 0 0 1 ,12 5
45	15 0 0 0 0 1 ,17 5
47	11 0 0 2 0 0 ,0 3,6 3
48	7 1 0 0 0 1 ,13 5,23 1
49	15 0 1 0 0 0 ,17 2
50	12 0 0 0 0 1 ,18 5
53	11 0 0 1 0 0 ,6 3
54	15 0 0 1 0 0 ,13 3
55	2 1 1 0 0 0 ,8 1,22 2
57	1 1 0 0 1 1 ,9 4,10 1,17 5
59	11 0 1 1 0 0 ,12 3,22 2
60	2 1 0 0 1 0 ,7 4,8 1
62	4 0 0 0 1 0 ,15 4
64	5 0 1 0 0 0 ,2 2
70	11 0 0 0 0 1 ,0 5
71	11 1 0 0 1 0 ,9 4,22 1
73	18 0 0 0 0 1 ,1 5
78	5 1 1 0 0 0 ,2 1,17 2
83	6 1 1 0 0 0 ,19 1,21 2
84	11 0 1 0 0 1 ,16 2,21 5
86	6 0 0 1 0 0 ,3 3
87	6 0 0 0 0 1 ,19 5
88	22 0 0 0 0 1 ,20 5
89	11 1 0 3 1 0 ,1 3,12 1,16 3,20 4,22 3
90	11 0 1 0 0 0 ,16 2
91	7 0 1 0 0 0 ,23 2
93	18 1 0 0 0 0 ,1 1
95	8 0 0 0 1 0 ,14 4
96	17 0 2 0 0 0 ,1 2,21 2
97	7 0 0 0 1 0 ,23 4
98	11 0 0 1 0 0 ,22 3
