2	6 0 0 1 1 0 ,0 3,16 4
3	14 1 0 0 0 2 ,0 5,19 1,24 5
4	16 0 1 0 0 0 ,26 2
5	9 1 0 0 1 0 ,5 1,21 4
6	20 0 0 1 0 0 ,17 3
7	2 0 2 0 0 1 ,11 2,18 5,22 2
8	6 2 1 0 0 0 ,4 1,16 2,18 1
9	15 0 0 0 1 0 ,14 4
10	3 1 0 0 0 0 ,22 1
11	16 0 1 0 0 1 ,0 2,9 5
12	8 0 1 2 1 0 ,3 4,20 3,23 2,26 3
14	3 0 0 1 0 0 ,12 3
16	16 0 1 0 0 0 ,24 2
18	10 0 2 0 0 0 ,3 2,13 2
21	12 0 1 0 0 0 ,15 2
22	17 0 1 0 0 0 ,3 2
27	10 0 0 1 1 0 ,7 4,23 3
29	8 0 0 0 1 0 ,20 4
30	11 0 1 0 1 1 ,2 5,18 2,24 4
31	11 0 0 1 0 0 ,18 3
32	6 0 0 1 0 0 ,8 3
33	3 0 1 0 0 0 ,1 2
35	17 1 0 0 0 0 ,25 1
36	14 0 0 1 0 0 ,5 3
37	12 1 0 0 0 1 ,15 1,26 5
38	17 0 0 0 1 0 ,25 4
40	10 2 0 0 0 0 ,13 1,17 1
42	9 0 0 0 2 0 ,6 4,15 4
43	6 0 1 0 0 0 ,8 2
46	12 0 0 0 0 1 ,15 5
47	17 0 0 0 1 0 ,0 4
48	6 1 0 0 0 0 ,8 1
49	9 0 0 1 0 0 ,6 3
51	15 0 1 0 0 2 ,2 2,14 5,23 5
54	9 0 0 1 1 1 ,9 3,17 4,21 5
55	17 0 1 0 0 0 ,0 2
57	14 0 1 0 0 0 ,5 2
58	14 0 0 0 1 0 ,10 4
59	16 0 0 1 1 0 ,9 3,25 4
61	10 0 0 1 1 0 ,13 3,14 4
62	20 0 0 0 0 1 ,17 5
63	18 0 0 0 0 1 ,2 5
64	3 1 1 1 0 0 ,1 1,5 3,14 2
66	16 0 0 0 0 2 ,2 5,24 5
67	20 0 0 0 0 1 ,23 5
68	9 0 1 0 1 0 ,6 2,10 4
69	20 0 0 0 1 0 ,17 4
70	18 1 0 0 0 0 ,2 1
72	14 0 0 0 1 0 ,19 4
73	17 0 0 0 0 1 ,25 5
75	20 0 0 1 0 0 ,17 3
76	14 0 0 1 0 0 ,19 3
77	10 0 0 0 0 2 ,7 5,9 5
78	14 1 0 0 0 0 ,5 1
79	20 0 0 0 0 1 ,23 5
82	14 1 0 0 0 0 ,10 1
83	10 1 0 1 0 0 ,7 1,19 3
85	10 0 0 0 1 0 ,13 4
87	14 1 0 0 1 0 ,0 1,5 4
89	8 1 0 0 0 1 ,20 1,26 5
91	14 1 0 0 1 0 ,3 4,19 1
92	6 0 0 0 0 1 ,4 5
93	16 1 0 0 0 0 ,26 1
94	17 0 0 1 0 0 ,25 3
97	14 0 1 0 0 0 ,19 2
98	14 0 0 0 0 1 ,10 5
99	17 0 0 0 0 1 ,3 5
