2	9 0 0 0 1 1 ,3 4,7 5
4	9 1 0 0 0 0 ,3 1
7	23 0 0 1 0 0 ,17 3
8	15 0 0 0 0 1 ,13 5
10	11 0 0 0 1 0 ,1 4
11	23 0 1 0 0 0 ,17 2
16	23 0 0 0 0 1 ,17 5
20	11 0 0 0 1 0 ,18 4
22	7 1 0 1 0 0 ,4 1,12 3
23	6 2 0 0 0 0 ,7 1,11 1
25	15 1 0 0 0 0 ,13 1
30	17 0 0 1 0 0 ,10 3
31	13 0 0 1 0 0 ,8 3
32	8 0 0 0 0 1 ,12 5
33	17 0 0 0 1 0 ,10 4
34	17 0 0 1 0 0 ,2 3
36	14 0 0 1 0 0 ,14 3
39	9 0 0 1 0 1 ,7 3,17 5
41	5 0 2 1 0 0 ,5 3,8 2,16 2
42	11 1 0 0 0 0 ,18 1
45	5 0 0 1 0 0 ,15 3
49	5 1 0 0 0 0 ,15 1
53	7 1 0 0 0 0 ,4 1
54	5 1 1 1 0 0 ,4 2,10 3,15 1
56	7 0 0 1 0 1 ,4 3,10 5
57	17 0 0 1 0 0 ,2 3
60	14 0 0 0 0 1 ,14 5
62	14 0 0 0 0 2 ,13 5,14 5
67	13 1 0 1 0 0 ,2 1,8 3
71	17 0 1 0 0 0 ,2 2
72	14 0 0 0 0 1 ,9 5
73	14 0 0 0 1 0 ,9 4
74	17 0 0 0 1 0 ,2 4
75	9 0 0 0 1 0 ,3 4
76	8 0 0 0 0 1 ,5 5
77	11 0 0 0 1 0 ,18 4
78	14 1 0 0 1 0 ,14 1,17 4
88	5 0 0 0 0 1 ,6 5
89	17 0 0 0 1 0 ,2 4
90	11 0 0 0 0 1 ,1 5
91	6 0 1 0 0 1 ,1 2,11 5
92	1 1 0 0 0 1 ,0 1,9 5
93	17 0 1 0 0 0 ,10 2
96	23 0 0 0 1 0 ,17 4
97	5 0 1 1 0 1 ,8 5,16 3,18 2
99	15 0 0 0 1 0 ,13 4
