3	1 1 0 0 0 0 ,18 1
7	5 0 0 0 1 0 ,2 4
15	19 0 0 0 1 0 ,17 4
17	5 1 0 0 0 0 ,2 1
20	9 0 0 1 0 0 ,13 3
21	13 1 0 0 0 1 ,5 1,12 5
22	10 0 1 0 1 0 ,7 4,15 2
24	26 0 0 0 1 0 ,12 4
25	13 0 1 0 2 0 ,5 2,14 4,17 4
28	6 1 0 1 0 0 ,0 3,11 1
32	19 0 0 0 0 1 ,17 5
34	9 0 1 0 1 0 ,13 2,14 4
36	11 0 0 0 1 0 ,1 4
38	9 0 1 0 0 0 ,8 2
41	11 0 1 0 1 0 ,7 2,14 4
43	9 1 0 0 0 1 ,0 1,3 5
45	6 1 0 0 0 0 ,4 1
46	9 1 0 0 0 0 ,8 1
47	6 0 0 0 0 1 ,11 5
48	9 1 1 0 0 1 ,6 2,8 1,14 5
49	26 0 0 0 0 1 ,12 5
50	13 1 0 0 0 0 ,5 1
52	26 0 0 0 0 1 ,12 5
53	2 0 1 0 0 0 ,9 2
54	9 0 0 0 1 0 ,3 4
59	13 0 0 0 0 2 ,5 5,6 5
63	5 1 1 0 0 0 ,8 1,10 2
65	25 0 0 0 0 1 ,14 5
67	10 0 0 1 0 0 ,15 3
69	26 0 0 1 0 0 ,12 3
70	19 1 0 0 0 0 ,17 1
71	25 0 0 1 0 0 ,14 3
74	6 0 0 0 0 1 ,4 5
76	17 0 0 0 0 1 ,6 5
77	10 0 0 0 0 1 ,15 5
78	9 0 0 0 1 0 ,13 4
79	14 0 0 0 0 1 ,0 5
81	26 0 0 0 1 0 ,12 4
82	9 0 0 0 1 0 ,8 4
83	19 0 0 1 0 0 ,17 3
84	11 0 0 0 1 0 ,1 4
88	17 0 0 0 0 1 ,6 5
89	15 0 0 0 0 1 ,16 5
90	11 0 0 1 0 0 ,1 3
92	15 0 1 0 0 1 ,16 5,17 2
93	14 0 0 0 0 1 ,0 5
95	5 0 0 1 0 1 ,7 5,10 3
97	13 0 0 0 1 0 ,5 4
98	15 0 0 0 0 1 ,16 5
