0	5 1 0 0 2 0 ,20 4,23 1,27 4
3	9 0 0 0 1 1 ,8 5,29 4
5	9 0 0 2 0 0 ,1 3,17 3
6	11 0 0 0 0 1 ,9 5
8	7 0 1 0 0 0 ,28 2
9	10 1 0 0 0 0 ,14 1
10	5 1 0 0 2 0 ,4 4,29 4,31 1
12	20 0 0 0 0 1 ,7 5
13	14 0 1 1 0 0 ,13 2,16 3
15	10 0 1 1 1 0 ,0 3,18 2,33 4
16	17 0 1 0 0 0 ,20 2
17	5 2 0 0 0 1 ,4 1,17 5,30 1
19	19 0 0 1 0 0 ,18 3
21	15 0 1 0 0 0 ,0 2
22	15 0 0 2 0 0 ,16 3,25 3
23	7 0 1 0 0 1 ,0 5,28 2
26	7 0 2 0 0 0 ,11 2,14 2
27	13 0 1 0 0 1 ,2 5,18 2
28	7 2 0 1 0 0 ,9 1,15 1,24 3
29	10 0 1 0 0 1 ,12 5,13 2
30	16 1 0 0 0 0 ,31 1
31	9 1 1 0 0 1 ,14 5,22 1,25 2
32	20 0 0 0 0 1 ,7 5
33	15 0 0 0 1 0 ,16 4
34	3 0 1 0 0 0 ,32 2
35	2 0 1 0 0 1 ,3 5,10 2
36	12 0 1 0 0 0 ,27 2
37	3 0 1 1 0 0 ,6 2,18 3
40	15 0 0 0 1 0 ,0 4
42	11 1 1 1 0 0 ,9 1,20 3,31 2
43	7 0 1 2 1 0 ,1 3,3 2,9 4,27 3
45	5 2 0 0 0 0 ,23 1,28 1
46	10 0 0 1 0 1 ,12 5,27 3
47	3 1 1 0 0 0 ,6 1,24 2
48	12 1 0 0 0 1 ,18 5,21 1
49	7 0 1 0 0 0 ,28 2
50	9 0 0 0 1 0 ,30 4
51	24 0 0 1 0 0 ,29 3
52	10 0 1 0 0 0 ,14 2
53	1 1 0 0 0 0 ,19 1
54	3 1 0 0 0 0 ,32 1
55	9 0 0 0 2 0 ,2 4,22 4
56	15 0 1 0 0 0 ,16 2
57	9 1 0 1 0 0 ,1 1,33 3
58	14 0 0 1 0 0 ,13 3
59	8 1 0 0 0 0 ,24 1
61	24 0 0 0 0 1 ,29 5
62	2 0 1 0 0 1 ,26 2,31 5
64	15 0 1 0 0 0 ,16 2
65	9 0 1 0 1 0 ,1 2,20 4
69	12 0 0 1 0 1 ,21 3,25 5
70	7 0 0 0 0 1 ,11 5
71	12 1 0 1 1 0 ,21 1,25 3,29 4
72	19 0 0 1 1 0 ,7 3,18 4
73	9 0 0 1 1 0 ,8 4,25 3
74	14 0 0 1 0 0 ,13 3
75	9 0 1 0 0 0 ,22 2
76	17 0 0 0 1 0 ,20 4
77	20 0 0 0 0 1 ,7 5
78	7 0 0 1 0 1 ,15 5,31 3
81	12 0 0 0 1 0 ,21 4
83	12 0 0 1 0 0 ,21 3
84	20 0 1 0 0 0 ,7 2
85	21 0 0 0 0 1 ,25 5
86	13 0 1 0 1 0 ,2 2,31 4
88	10 0 1 0 0 0 ,17 2
89	5 1 1 1 0 0 ,2 2,15 1,23 3
91	9 1 1 0 0 0 ,16 1,22 2
93	10 0 0 1 0 0 ,33 3
95	14 0 0 0 2 0 ,13 4,29 4
96	9 0 0 0 1 0 ,30 4
97	8 1 1 0 0 0 ,0 1,24 2
99	5 0 0 0 0 1 ,5 5
