0	15 0 0 0 1 0 ,7 4
2	9 0 0 0 2 0 ,9 4,10 4
3	1 1 0 0 0 0 ,13 1
4	18 0 1 0 0 0 ,12 2
6	8 1 0 0 0 1 ,5 5,11 1
7	8 0 0 0 1 0 ,6 4
10	13 0 0 0 1 0 ,3 4
11	12 0 0 0 0 1 ,11 5
12	9 1 0 0 0 0 ,14 1
13	12 1 0 0 0 0 ,11 1
14	9 1 0 0 0 0 ,2 1
15	12 0 0 0 1 0 ,4 4
16	12 0 1 0 0 0 ,4 2
20	3 0 0 1 0 0 ,8 3
24	22 1 0 0 0 0 ,10 1
25	18 0 0 0 1 0 ,12 4
26	7 2 0 0 0 0 ,4 1,15 1
28	13 1 0 0 0 0 ,3 1
29	9 0 0 1 0 0 ,14 3
31	9 0 0 0 0 1 ,2 5
33	1 1 0 0 0 0 ,17 1
38	13 0 0 1 0 0 ,3 3
39	22 0 0 0 0 1 ,10 5
45	9 0 1 1 0 0 ,2 2,11 3
46	9 0 0 0 0 2 ,3 5,14 5
48	14 0 1 0 1 1 ,0 5,7 2,16 4
51	15 0 0 0 0 1 ,7 5
55	14 0 0 1 0 0 ,16 3
57	11 0 0 0 1 0 ,1 4
60	18 0 1 0 0 0 ,12 2
62	7 1 0 0 0 0 ,15 1
63	16 0 1 0 0 0 ,0 2
64	16 0 0 0 0 1 ,0 5
65	11 0 0 0 1 0 ,1 4
66	14 0 0 0 1 1 ,10 5,16 4
67	1 1 0 0 1 0 ,7 4,18 1
68	22 0 0 0 1 0 ,10 4
69	12 1 0 0 0 0 ,11 1
71	18 0 0 1 0 1 ,10 3,12 5
72	18 0 0 0 0 1 ,12 5
75	8 0 0 0 1 0 ,6 4
79	16 0 0 0 1 0 ,0 4
83	12 1 0 1 0 0 ,11 1,16 3
84	12 0 1 0 0 0 ,4 2
86	8 0 0 1 0 0 ,5 3
91	11 0 1 0 0 0 ,1 2
92	9 0 0 0 0 1 ,9 5
96	12 0 0 1 0 0 ,4 3
97	7 0 0 0 0 1 ,15 5
98	9 1 0 0 0 0 ,2 1
99	11 1 0 0 0 0 ,1 1
