0	15 0 1 0 0 0 ,23 2
1	1 1 0 0 0 0 ,10 1
2	20 0 0 0 1 0 ,9 4
4	18 0 0 1 0 0 ,20 3
5	2 1 0 0 0 0 ,16 1
7	13 0 0 0 2 1 ,12 5,13 4,24 4
9	8 0 0 0 1 0 ,15 4
11	14 1 0 0 0 0 ,24 1
12	8 0 1 0 1 0 ,0 2,21 4
13	14 0 0 1 0 1 ,11 3,22 5
14	9 2 0 0 0 1 ,2 1,8 5,22 1
17	5 1 0 1 0 0 ,9 3,18 1
18	15 0 0 1 1 1 ,9 3,21 4,23 5
19	10 1 0 0 0 0 ,14 1
21	18 0 1 0 0 0 ,20 2
24	18 0 1 0 0 0 ,22 2
25	20 1 0 0 0 0 ,21 1
26	15 0 0 1 1 0 ,8 3,22 4
27	6 1 0 0 1 0 ,15 4,25 1
28	14 0 0 0 1 2 ,1 5,21 4,24 5
29	9 1 0 0 1 0 ,12 1,17 4
34	14 1 0 0 0 0 ,11 1
35	4 0 1 0 0 2 ,1 5,14 5,26 2
36	8 0 0 2 1 1 ,0 3,8 5,20 4,24 3
37	15 0 0 1 0 0 ,19 3
38	5 0 0 0 1 1 ,6 4,20 5
39	15 0 0 0 1 0 ,19 4
40	15 0 0 0 2 0 ,19 4,20 4
41	8 0 0 1 0 0 ,0 3
42	9 0 0 0 0 1 ,7 5
43	8 1 0 0 0 0 ,4 1
44	23 0 0 0 1 0 ,12 4
45	23 0 0 0 0 1 ,12 5
46	13 1 0 0 0 0 ,13 1
47	5 1 0 0 1 0 ,4 1,18 4
49	9 1 1 0 0 0 ,2 1,8 2
51	13 0 1 0 0 0 ,13 2
53	20 0 0 0 0 1 ,9 5
56	2 1 0 0 0 0 ,16 1
57	15 0 0 0 1 0 ,19 4
58	9 1 0 1 1 0 ,2 1,17 4,23 3
59	20 1 0 0 0 0 ,9 1
60	9 2 0 0 0 0 ,17 1,24 1
67	8 1 0 0 0 0 ,4 1
68	9 1 0 0 0 0 ,2 1
69	9 0 0 0 1 0 ,7 4
70	4 0 0 0 1 0 ,3 4
71	13 0 1 0 0 1 ,13 2,22 5
72	13 0 1 0 1 0 ,13 4,21 2
73	4 1 0 0 0 0 ,26 1
74	14 0 0 0 0 1 ,11 5
75	6 0 0 0 0 1 ,25 5
77	14 0 0 0 1 0 ,1 4
78	8 0 0 0 1 1 ,4 4,21 5
80	23 0 0 0 0 1 ,12 5
81	14 2 0 0 0 0 ,11 1,22 1
82	1 1 0 0 1 0 ,5 1,9 4
84	4 2 0 0 0 0 ,2 1,26 1
88	23 0 0 1 0 0 ,12 3
91	9 0 0 1 2 0 ,2 4,11 3,14 4
93	8 1 0 0 0 0 ,4 1
97	5 1 0 0 0 0 ,6 1
98	15 0 0 0 0 1 ,23 5
99	14 1 0 0 0 0 ,11 1
