0	19 1 0 0 0 0 ,16 1
4	8 1 0 0 1 0 ,4 1,18 4
5	11 1 1 0 1 0 ,1 1,7 4,17 2
6	11 0 0 0 1 0 ,4 4
8	11 0 0 0 1 0 ,5 4
9	3 0 0 1 0 0 ,6 3
10	14 0 0 0 0 1 ,17 5
12	11 2 0 0 0 0 ,4 1,8 1
15	1 1 0 0 0 0 ,13 1
17	19 1 0 1 0 0 ,11 1,16 3
18	22 0 0 1 0 0 ,14 3
19	8 0 1 0 0 0 ,10 2
21	17 0 0 0 0 1 ,7 5
22	11 0 0 1 1 0 ,4 4,14 3
23	12 0 0 1 1 0 ,3 3,8 4
24	20 1 0 0 0 0 ,9 1
26	13 0 0 0 1 0 ,8 4
27	8 1 0 0 0 0 ,18 1
28	8 1 0 0 0 0 ,10 1
29	17 0 0 0 1 0 ,7 4
30	13 0 1 0 0 0 ,15 2
31	11 1 0 0 1 1 ,1 1,2 4,17 5
32	13 0 0 0 1 1 ,8 4,9 5
33	8 0 0 1 0 0 ,18 3
35	12 0 0 0 1 0 ,0 4
40	20 0 0 0 1 0 ,9 4
41	11 1 0 0 0 0 ,2 1
42	11 0 1 0 0 1 ,5 2,11 5
46	11 0 0 0 1 0 ,1 4
51	22 0 0 0 1 0 ,14 4
53	19 0 0 0 1 0 ,16 4
54	12 1 0 0 0 0 ,3 1
55	11 1 1 1 0 0 ,2 1,7 2,15 3
56	11 1 0 0 0 1 ,5 1,14 5
59	19 0 0 1 0 0 ,16 3
61	19 0 0 1 0 0 ,16 3
64	13 1 0 0 0 1 ,11 5,15 1
65	11 0 0 0 0 1 ,1 5
67	11 1 1 0 0 1 ,0 2,4 1,9 5
68	12 0 1 0 1 0 ,3 2,14 4
71	19 0 1 0 0 0 ,11 2
75	20 0 0 0 0 1 ,9 5
77	14 1 0 0 0 0 ,17 1
78	12 0 0 0 0 1 ,0 5
81	11 0 1 1 1 0 ,3 3,5 4,15 2
83	22 0 0 1 0 0 ,14 3
84	14 1 0 0 0 1 ,11 5,17 1
86	11 0 0 0 0 2 ,2 5,16 5
91	12 1 0 0 0 0 ,0 1
92	8 0 0 0 0 1 ,10 5
95	4 0 0 0 1 0 ,12 4
96	17 0 1 0 0 0 ,7 2
98	12 1 0 1 0 0 ,3 3,11 1
99	13 0 0 0 0 1 ,15 5
