0	7 0 0 0 2 0 ,10 4,16 4
1	9 0 0 1 0 0 ,4 3
2	10 1 0 1 0 0 ,19 3,28 1
4	12 0 0 1 0 0 ,18 3
5	4 2 0 1 0 1 ,2 1,16 1,33 5,34 3
7	14 0 0 1 0 0 ,36 3
8	3 0 0 1 0 0 ,13 3
10	8 0 1 0 0 0 ,14 2
11	8 0 0 0 1 0 ,35 4
12	6 1 0 0 1 0 ,12 4,14 1
13	13 0 1 0 0 0 ,19 2
14	12 0 1 0 0 0 ,33 2
15	17 0 0 0 1 0 ,1 4
18	9 0 2 1 1 0 ,4 2,24 2,29 3,31 4
20	12 0 0 0 1 0 ,18 4
21	9 0 1 2 0 1 ,3 2,27 5,29 3,30 3
22	5 0 0 0 0 1 ,20 5
25	9 0 1 1 0 0 ,3 3,6 2
27	14 0 2 0 0 0 ,1 2,9 2
28	9 1 0 0 0 3 ,3 5,6 1,19 5,30 5
29	6 0 0 1 0 0 ,0 3
30	5 0 0 0 0 1 ,23 5
36	4 1 0 1 1 0 ,8 4,10 1,25 3
37	5 1 1 0 1 0 ,3 2,7 4,11 1
38	14 0 0 0 1 0 ,16 4
39	13 0 0 1 0 0 ,29 3
40	9 1 1 0 0 0 ,6 2,7 1
41	6 1 0 0 1 0 ,3 4,32 1
44	17 0 0 0 1 0 ,1 4
45	5 1 1 1 1 0 ,0 1,3 2,11 4,15 3
47	14 1 0 0 0 1 ,16 1,27 5
48	7 0 0 0 1 0 ,25 4
49	8 0 0 0 1 0 ,35 4
50	14 1 0 1 0 0 ,16 1,26 3
51	7 0 1 0 0 1 ,10 2,36 5
52	10 0 2 0 0 0 ,7 2,26 2
55	16 0 2 0 0 0 ,1 2,31 2
56	2 0 1 0 0 0 ,21 2
57	9 0 1 0 1 1 ,7 2,15 5,17 4
58	14 0 0 0 0 1 ,26 5
59	4 1 1 0 0 1 ,2 2,22 5,26 1
64	6 0 1 0 0 1 ,9 5,12 2
65	17 1 0 0 0 0 ,34 1
66	12 0 1 0 0 0 ,18 2
69	8 0 2 0 1 0 ,9 2,14 2,36 4
70	13 0 0 0 1 0 ,29 4
71	17 0 0 0 0 1 ,34 5
72	14 0 0 1 0 1 ,9 5,26 3
73	6 0 1 1 1 0 ,0 2,4 4,31 3
74	9 1 0 0 0 0 ,6 1
75	9 0 1 0 0 0 ,24 2
76	9 0 1 1 0 0 ,17 2,19 3
77	4 2 0 1 1 0 ,2 1,17 3,18 1,22 4
78	14 0 1 0 0 0 ,36 2
79	6 0 0 1 0 1 ,14 3,32 5
80	12 0 1 0 0 0 ,33 2
81	10 1 1 0 1 0 ,7 1,27 2,34 4
83	9 0 0 1 0 0 ,6 3
84	1 1 0 1 0 0 ,5 1,15 3
87	16 0 0 0 1 0 ,31 4
89	9 0 0 1 0 0 ,24 3
91	14 0 0 1 0 0 ,16 3
92	10 0 0 0 0 1 ,28 5
93	9 0 1 0 0 0 ,24 2
94	12 0 1 0 0 0 ,18 2
95	12 0 0 2 0 0 ,27 3,33 3
96	17 0 0 0 1 0 ,34 4
97	9 1 0 1 0 0 ,30 1,31 3
98	10 0 0 0 1 0 ,28 4
99	17 0 0 0 0 1 ,1 5
