0	3 0 0 2 0 0 ,6 3,11 3
2	3 0 0 1 0 1 ,0 5,22 3
4	15 0 0 1 0 0 ,3 3
7	19 0 0 0 1 0 ,20 4
9	5 0 0 0 1 0 ,4 4
12	3 0 1 1 0 0 ,13 2,15 3
15	6 0 0 0 1 0 ,16 4
17	4 0 2 0 0 0 ,1 2,21 2
18	7 0 0 0 2 0 ,5 4,12 4
19	3 2 1 0 0 1 ,1 1,6 5,13 1,17 2
20	1 1 0 0 1 1 ,8 1,14 4,20 5
21	16 0 0 0 0 1 ,19 5
22	11 3 0 0 0 0 ,14 1,19 1,21 1
23	16 0 0 2 0 0 ,19 3,20 3
24	4 0 0 0 1 0 ,2 4
26	8 0 0 0 1 0 ,9 4
28	12 0 0 1 0 0 ,14 3
30	6 0 1 0 0 0 ,16 2
32	7 0 1 1 0 0 ,5 2,21 3
33	12 0 1 0 0 1 ,13 5,14 2
36	11 0 1 0 0 0 ,21 2
37	13 1 0 0 0 0 ,18 1
39	9 0 0 0 0 1 ,12 5
42	10 0 0 0 0 1 ,7 5
45	7 1 0 0 0 0 ,5 1
47	23 0 0 1 0 0 ,0 3
48	11 1 0 0 0 0 ,21 1
50	8 0 1 0 1 0 ,9 4,14 2
53	23 0 0 0 0 1 ,0 5
54	18 0 0 1 0 0 ,6 3
56	23 1 0 0 0 0 ,0 1
57	5 1 0 0 0 0 ,4 1
58	10 0 1 0 0 0 ,7 2
59	19 0 1 0 0 0 ,20 2
61	16 0 1 0 0 0 ,19 2
62	3 1 0 0 0 0 ,17 1
64	15 0 0 0 0 1 ,3 5
65	10 1 0 0 0 1 ,7 1,19 5
69	11 1 1 0 0 0 ,3 1,21 2
70	15 0 1 0 1 0 ,0 4,3 2
71	18 0 0 1 0 0 ,6 3
74	18 0 0 1 0 1 ,6 3,20 5
75	18 1 0 0 0 0 ,6 1
80	10 1 0 0 0 0 ,7 1
81	15 1 0 0 0 0 ,3 1
83	13 1 0 1 0 0 ,3 3,18 1
86	10 1 0 0 0 0 ,7 1
87	4 1 0 0 0 0 ,1 1
88	4 0 0 0 1 0 ,10 4
91	13 0 0 1 0 0 ,18 3
93	13 0 0 0 1 0 ,18 4
94	13 0 0 0 1 0 ,18 4
96	13 0 0 0 0 2 ,0 5,13 5
