1	14 0 0 1 0 0 ,9 3
2	9 1 0 0 0 1 ,1 5,20 1
3	9 0 0 1 1 0 ,10 4,13 3
4	23 0 0 0 0 1 ,19 5
6	9 1 0 0 1 0 ,0 4,13 1
8	2 0 1 0 0 0 ,3 2
10	19 0 0 0 1 0 ,4 4
11	13 1 0 0 0 0 ,14 1
12	14 0 1 0 0 0 ,11 2
13	11 0 1 0 0 0 ,12 2
14	14 0 0 1 1 0 ,4 3,9 4
15	15 0 1 0 0 0 ,16 2
16	9 0 1 0 0 0 ,13 2
20	12 0 0 1 0 0 ,8 3
22	15 0 0 1 0 0 ,16 3
24	13 0 0 0 1 0 ,14 4
25	12 0 1 0 0 0 ,0 2
27	12 1 1 0 0 0 ,8 1,10 2
28	14 0 0 1 1 0 ,11 3,19 4
29	4 0 0 1 0 0 ,2 3
30	15 0 1 0 0 0 ,16 2
33	4 0 0 0 1 0 ,7 4
34	12 1 0 0 1 0 ,8 1,16 4
36	9 1 0 0 1 0 ,1 1,9 4
38	1 1 0 0 0 2 ,4 5,10 5,18 1
41	14 0 1 0 0 0 ,11 2
42	2 0 2 0 0 0 ,6 2,12 2
43	11 1 0 1 0 1 ,0 3,11 5,12 1
45	15 0 0 0 1 0 ,20 4
46	12 0 0 1 1 0 ,0 3,8 4
47	15 0 1 0 0 0 ,20 2
51	15 0 0 1 0 0 ,20 3
52	3 1 1 1 0 0 ,12 1,14 2,17 3
53	15 0 0 1 0 0 ,16 3
54	19 0 1 0 0 0 ,4 2
55	12 2 0 0 0 0 ,8 1,10 1
58	11 1 1 0 0 0 ,11 2,12 1
59	13 0 1 0 0 0 ,14 2
63	4 1 0 0 0 0 ,2 1
64	15 0 1 0 0 0 ,20 2
65	14 0 1 0 0 0 ,9 2
70	13 1 1 0 1 0 ,4 1,14 2,19 4
72	16 1 0 0 0 0 ,10 1
74	15 1 0 1 0 0 ,10 3,16 1
80	23 0 0 1 0 0 ,19 3
81	19 0 0 0 1 0 ,4 4
82	9 0 0 1 0 0 ,13 3
83	6 1 0 0 0 0 ,15 1
84	9 0 0 1 1 0 ,1 3,19 4
85	13 0 1 0 0 0 ,14 2
87	15 0 0 1 0 0 ,20 3
93	6 0 0 0 0 1 ,15 5
94	12 1 1 0 0 0 ,8 2,9 1
96	11 0 0 0 1 0 ,12 4
99	2 0 1 1 0 1 ,5 5,19 3,21 2
