0	4 3 2 7 2 5 ,1 14,2 4,3 15,4 10,5 12,9 19,10 15,11 19,14 15,15 9,16 14
1	1 4 2 2 4 5 ,0 17,3 1,4 3,9 15,10 17,12 18,14 4,16 2
2	6 5 4 5 1 1 ,0 16,3 17,4 13,5 11,6 20,7 16,10 11,11 21,13 6,14 14,16 11
3	3 4 6 3 3 3 ,0 12,1 17,2 3,3 5,4 11,6 20,9 14,10 12,11 20,12 11,13 17,14 8,15 12
4	6 1 1 0 2 10 ,1 9,2 18,5 9,6 8,7 21,10 6,11 17,13 10,15 19
5	3 3 2 4 2 2 ,0 7,4 20,6 14,8 18,9 3,10 8,11 3,15 7
6	5 3 3 1 4 3 ,3 10,5 10,6 14,10 15,11 14,12 15,13 17,16 5
7	6 2 3 3 3 1 ,0 11,1 7,2 6,4 14,11 9,12 9,15 8,16 14
8	2 4 5 2 6 3 ,1 9,3 2,4 3,5 10,7 9,8 15,9 15,10 3,11 19,12 6,13 16,14 15,15 9,16 14
9	4 0 3 2 5 3 ,0 9,1 7,5 16,6 8,8 4,10 19,12 17,13 15,14 22,15 12
10	5 5 4 4 2 6 ,1 15,2 8,5 5,7 6,8 13,10 12,11 11,14 20,16 5
11	5 4 4 4 4 1 ,0 13,3 12,4 13,9 5,10 18,11 12,12 20,13 11,14 25,15 18,16 17
12	2 2 6 3 2 0 ,0 11,1 12,2 2,3 8,4 8,6 10,7 17,11 17,15 19,16 7
13	1 4 4 2 7 1 ,0 6,1 10,3 1,6 13,7 9,9 15,10 17,11 9,13 15,14 10,15 12
14	8 0 1 4 6 2 ,1 12,2 18,4 11,6 12,8 8,10 12,11 11,14 21,16 10
15	1 4 5 3 2 3 ,0 4,2 7,4 8,5 12,6 2,8 9,9 3,10 20,11 11,12 12,13 6,14 14,15 1,16 2
16	5 2 1 2 2 5 ,2 15,3 9,5 10,6 14,9 18,10 15,11 21,12 11,15 5,16 11
17	3 4 1 9 4 1 ,1 14,2 14,3 9,4 9,5 3,6 12,9 22,10 20,11 20,12 14,13 7,14 14,15 14
18	4 3 3 5 5 1 ,4 19,5 9,6 8,7 17,9 17,10 17,11 17,14 7,15 4,16 22
19	4 2 1 5 5 6 ,0 13,3 14,4 11,5 4,6 9,8 9,10 19,12 17,14 16,15 7,16 14
20	1 3 4 5 4 1 ,1 4,2 7,3 9,4 9,8 19,9 13,10 8,11 3,12 1,13 15,15 9
21	1 2 1 1 2 5 ,0 13,3 9,6 13,9 13,10 20,11 8,12 1,13 11
22	5 1 4 3 3 3 ,1 15,3 14,9 19,11 15,12 10,14 8,15 18,16 5
23	4 1 3 4 0 0 ,0 4,5 9,12 6,13 15,15 10
24	4 7 3 4 5 4 ,0 12,1 15,2 6,4 8,5 9,6 9,8 6,9 7,10 15,14 13,16 4
25	5 2 3 3 5 3 ,4 19,5 12,6 6,8 8,9 5,10 8,11 9,12 10,15 12,16 14
26	3 1 2 5 3 4 ,0 12,5 7,10 8,11 19,12 17,13 17,14 17,15 3,16 18
27	7 1 2 3 4 0 ,0 12,6 7,7 21,11 14,12 21,14 19,16 14
28	4 0 3 6 3 5 ,0 9,2 12,4 9,6 18,9 8,11 12,12 15,14 15,15 4,16 12
29	5 1 8 1 4 9 ,0 5,1 6,4 13,6 9,7 9,8 15,9 5,10 15,11 13,13 7,14 17,15 9,16 12
30	3 0 3 5 3 4 ,0 12,1 15,2 4,5 7,6 19,7 21,9 8,14 17,15 3,16 4
31	5 2 3 2 2 3 ,0 11,5 15,6 23,9 6,10 18,13 8,14 15,15 5,16 10
32	4 3 3 0 3 4 ,0 17,3 14,4 9,5 23,6 14,7 6,12 12,15 10,16 4
33	1 4 4 4 3 4 ,0 12,2 6,3 2,5 15,6 2,8 1,9 17,11 9,12 4,13 17,14 25,15 3,16 20
34	1 2 6 7 4 3 ,0 1,1 5,2 8,3 17,4 17,5 7,6 12,7 8,8 11,10 17,12 10,13 8,15 9,16 5
35	3 3 2 6 3 4 ,0 12,4 19,5 12,7 8,9 12,11 23,13 3,14 6,16 11
36	1 6 3 7 2 3 ,0 11,1 6,4 1,5 23,7 6,10 5,11 17,12 12,13 13,14 15,15 14,16 16
37	3 3 5 2 5 1 ,0 11,1 17,2 3,4 4,5 9,6 17,9 18,11 5,12 20,14 10,15 8
38	2 5 5 3 1 3 ,0 12,1 2,2 18,3 5,9 3,10 15,11 21,12 21,14 17,16 11
39	3 2 6 1 5 3 ,1 6,3 17,4 10,6 17,7 17,8 6,9 3,10 14,11 11,12 12
40	4 3 3 7 3 0 ,0 7,1 15,2 10,4 11,5 6,6 18,8 13,10 12,11 21,12 10,13 18,14 12,15 4
41	1 5 3 4 5 1 ,0 13,1 10,3 10,4 1,5 19,6 9,8 3,10 19,11 11,12 10,13 13,15 8
42	5 1 3 4 3 5 ,0 9,3 5,5 21,8 11,10 15,12 14,13 26,14 13,15 20,16 11
43	5 3 1 3 1 4 ,0 13,5 5,8 15,9 10,11 11,12 18,13 26,14 19,15 14,16 17
44	3 3 5 3 5 5 ,1 7,3 14,4 13,5 5,6 4,7 3,11 16,12 10,14 3,16 10
45	2 3 2 4 7 4 ,0 13,4 19,5 11,6 7,7 6,8 19,9 13,10 19,11 11,12 2,13 15,15 10
46	8 0 2 2 1 5 ,6 8,8 13,9 9,12 9,14 8,16 16
47	3 3 1 4 2 5 ,0 12,1 8,3 8,4 14,6 19,7 8,8 19,12 12,13 3,14 20
48	2 5 3 3 6 5 ,0 6,1 14,2 11,4 14,6 2,8 5,10 19,11 8,12 10,14 13,15 4,16 14
49	9 1 2 4 2 2 ,4 10,5 13,8 15,9 15,10 11,11 9,13 15,14 20,15 19
50	2 6 5 5 1 2 ,0 12,1 10,5 7,7 10,8 14,9 2,10 3,11 17,12 12,15 4,16 14
51	1 5 3 2 5 4 ,1 14,2 1,3 12,4 12,5 5,6 14,8 8,9 2,11 23,12 4,14 20,15 12
52	4 3 5 2 3 4 ,1 15,2 10,3 10,4 14,5 11,6 17,7 6,9 4,10 8,11 15,12 4,13 7,15 20,16 17
53	10 1 4 3 2 2 ,3 13,4 12,6 20,10 20,11 16,12 12,14 15,15 10,16 18
54	2 2 2 2 4 6 ,2 18,5 19,7 24,8 9,9 5,11 2,12 8,13 2,14 16,15 14,16 14
55	3 3 4 4 3 4 ,0 9,1 15,4 8,5 12,6 3,7 21,10 13,11 17,13 11,14 19,15 9
56	3 1 7 4 4 3 ,1 15,2 12,3 14,4 14,5 15,6 5,7 3,9 9,10 13,11 17,12 12,14 10,16 14
57	5 2 3 2 2 2 ,6 10,8 15,9 7,11 18,12 5,14 7,15 12,16 10
58	2 6 4 2 5 2 ,0 13,2 14,3 10,4 9,6 14,7 7,9 7,11 9,13 2,14 7,15 20,16 14
59	9 3 3 3 2 2 ,4 9,7 16,9 12,11 17,12 10,13 16,14 25,15 26,16 13
60	4 3 6 4 5 1 ,4 17,5 12,6 4,8 15,9 15,10 16,12 6,13 17,14 15,15 8,16 5
61	2 5 2 2 2 8 ,1 15,2 15,4 13,5 5,6 9,7 7,8 5,9 13,11 18,12 10,15 16,16 2
62	3 4 3 3 4 3 ,1 7,3 4,4 3,5 19,6 23,7 21,8 13,12 3,14 6,15 4,16 5
63	6 2 2 2 4 2 ,4 14,5 12,6 7,8 10,9 6,10 7,11 19,12 17,13 15,16 7
64	4 3 4 1 3 3 ,5 12,6 14,7 6,8 14,9 7,10 13,11 11,14 16,15 19,16 4
65	2 2 3 5 5 3 ,0 16,2 12,3 2,4 17,6 17,8 6,9 17,10 14,11 3,13 8,14 20,15 4,16 12
66	6 1 3 2 4 7 ,0 17,2 12,5 10,7 24,8 6,9 19,10 17,11 13,14 15,15 10,16 14
67	2 4 5 2 5 8 ,0 12,2 11,3 17,4 8,5 10,6 10,7 10,8 6,9 7,11 5,12 6,14 14,15 5,16 2
68	1 5 5 2 5 5 ,0 10,1 12,3 10,5 4,6 1,7 18,8 8,9 7,10 11,11 19,12 21,13 17,14 14
69	2 5 3 4 4 3 ,1 6,2 14,3 15,4 15,5 12,6 15,8 13,9 9,10 18,11 17,12 6,14 18,15 9,16 2
70	5 1 4 3 2 3 ,3 17,4 17,6 9,7 10,9 18,10 18,11 5,15 7
71	6 5 2 5 6 1 ,1 14,2 6,3 12,4 14,5 7,6 12,9 12,11 13,13 15,15 19,16 17
72	3 0 4 7 3 2 ,0 12,2 3,3 17,5 6,7 8,10 8,11 13,12 9,15 4,16 18
73	4 2 3 6 6 1 ,0 4,4 13,6 7,7 9,8 15,10 20,11 17,12 6,14 12,15 4,16 14
74	3 2 4 4 3 2 ,0 10,2 12,6 14,7 21,8 5,10 6,12 3,13 13,15 19,16 18
75	5 2 3 3 3 5 ,0 11,3 10,4 13,5 19,7 18,8 18,9 5,10 11,11 16,13 12,14 14,16 10
76	3 5 4 3 4 4 ,0 12,3 4,4 10,6 3,8 15,9 13,10 18,11 14,12 12,13 11,15 19,16 14
77	3 3 5 1 4 3 ,2 10,3 17,4 13,7 16,8 3,10 16,11 17,12 17,13 6,15 8
78	8 3 4 0 7 2 ,5 9,6 9,7 9,8 19,9 9,10 8,11 15,12 15,13 8,14 15,15 14,16 18
79	6 1 3 4 2 2 ,3 8,5 7,6 6,9 15,11 21,12 12,15 19,16 7
80	1 3 5 5 4 2 ,1 2,3 5,6 15,9 1,10 12,11 12,12 17,13 7,14 6,16 7
81	4 5 4 1 1 3 ,0 13,1 17,3 13,5 10,6 12,8 6,9 18,10 8,11 11,12 4,13 9,15 14,16 18
82	3 1 2 4 3 6 ,1 4,2 3,5 13,6 10,7 21,8 6,9 10,12 8,13 12,15 9,16 14
83	2 3 4 2 6 1 ,0 12,1 5,8 13,9 22,10 15,11 11,12 9,13 2,14 4,15 7,16 22
84	4 3 5 3 4 1 ,0 12,1 5,4 11,5 11,6 9,7 8,8 14,9 4,10 11,12 4,14 15
85	2 2 4 3 3 1 ,3 15,6 5,11 2,13 26,14 25,15 20,16 11
86	1 2 1 1 1 1 ,2 1,9 4,14 13,15 19
87	1 9 0 5 1 7 ,0 13,1 5,3 14,4 11,5 13,6 4,7 16,9 7,10 1,13 12,14 14
88	6 4 4 2 1 2 ,0 11,4 11,5 12,6 9,7 16,8 14,9 6,10 17,11 18,16 11
89	3 4 3 5 5 3 ,0 11,1 7,3 3,4 13,5 7,6 5,10 8,11 6,13 6,15 9,16 11
90	5 2 3 5 6 6 ,0 13,1 8,3 5,6 19,7 16,9 9,10 7,11 11,13 15,14 6,15 9,16 13
91	3 1 3 5 4 5 ,1 15,3 9,5 19,6 15,7 10,8 8,9 10,10 16,11 13,12 17,14 8,15 3,16 22
92	4 2 5 0 3 4 ,2 4,5 7,6 8,8 19,9 12,15 18,16 11
93	3 2 5 4 1 2 ,2 14,3 10,4 20,6 3,7 16,9 17,10 11,11 19,12 4,14 22,16 17
94	5 2 3 5 2 5 ,0 10,5 19,6 9,10 5,11 23,12 11,13 16,15 19,16 7
95	3 3 4 6 2 3 ,0 13,1 15,2 7,3 10,7 17,8 11,10 4,11 6,13 3,15 9
96	8 1 7 5 4 4 ,0 17,3 14,4 20,5 12,8 13,9 10,10 20,11 13,12 10,13 26,14 15,15 8,16 13
97	1 6 2 2 6 0 ,0 11,1 17,2 7,4 15,5 23,9 4,10 1,12 4,13 15,14 20,15 14
98	2 3 1 2 4 5 ,0 2,5 7,7 6,8 14,10 18,11 17,13 11,14 6,15 8,16 12
99	4 5 3 4 4 6 ,0 12,1 7,2 4,5 5,6 9,7 7,8 13,9 10,10 12,11 6,12 15,13 7,14 14,15 11
