0	1 1 0 1 0 0 ,3 1,14 3
2	13 0 0 1 0 0 ,29 3
3	13 0 0 0 1 1 ,0 5,16 4
4	8 0 0 1 1 0 ,0 3,7 4
6	17 0 0 0 1 0 ,11 4
7	13 0 1 0 0 1 ,6 2,28 5
9	15 0 0 1 0 0 ,16 3
10	4 0 1 0 0 0 ,30 2
15	12 0 0 2 0 0 ,20 3,24 3
16	7 1 1 0 0 0 ,4 2,7 1
18	3 1 0 0 1 2 ,1 1,21 5,26 4,27 5
19	13 0 1 0 0 0 ,29 2
20	7 1 1 0 0 1 ,8 2,13 5,27 1
22	14 1 1 0 0 0 ,2 1,5 2
23	15 0 1 0 0 0 ,26 2
25	13 2 0 0 0 0 ,28 1,29 1
27	12 1 0 0 0 0 ,14 1
28	3 1 0 0 0 0 ,1 1
30	7 2 0 0 0 0 ,7 1,27 1
31	10 3 0 0 0 0 ,17 1,20 1,26 1
32	2 1 2 0 0 0 ,2 1,23 2,24 2
33	5 1 0 0 1 0 ,18 1,29 4
36	3 0 0 1 0 0 ,15 3
37	14 0 1 0 0 0 ,24 2
38	8 0 1 0 0 1 ,7 2,28 5
41	15 0 0 0 1 0 ,6 4
42	12 0 1 1 0 0 ,11 2,21 3
43	15 0 0 1 0 0 ,16 3
44	13 0 0 0 0 1 ,19 5
45	1 1 0 0 1 1 ,8 5,10 1,14 4
46	16 0 1 1 0 1 ,8 2,11 5,25 3
49	13 1 0 0 0 0 ,13 1
50	5 0 0 0 1 0 ,18 4
51	13 0 0 0 0 2 ,0 5,2 5
52	18 0 0 1 0 0 ,25 3
53	15 0 0 0 0 1 ,16 5
54	15 0 1 0 1 0 ,8 2,26 4
56	12 1 0 2 0 0 ,6 3,14 1,19 3
57	13 0 1 0 0 0 ,28 2
58	18 1 0 0 0 0 ,25 1
59	12 0 1 0 0 0 ,14 2
62	14 0 0 0 1 0 ,24 4
64	12 0 1 0 1 0 ,20 2,21 4
66	13 1 0 1 0 0 ,13 1,25 3
67	17 0 0 1 0 1 ,2 3,11 5
68	12 0 1 0 0 0 ,20 2
72	12 1 0 0 0 0 ,20 1
74	14 0 0 1 0 0 ,24 3
76	13 1 1 0 0 0 ,5 2,29 1
77	5 0 0 0 0 1 ,22 5
78	18 0 0 0 1 0 ,2 4
79	4 0 1 0 0 0 ,30 2
80	15 0 1 0 1 0 ,6 2,26 4
81	13 1 0 1 0 1 ,13 1,19 5,25 3
82	12 0 0 1 0 0 ,20 3
84	10 1 0 0 1 0 ,14 1,17 4
85	15 1 0 0 0 0 ,6 1
86	1 3 0 0 1 1 ,1 1,5 4,8 5,11 1,12 1
87	7 0 0 0 0 1 ,4 5
88	18 0 0 0 1 0 ,2 4
89	18 0 0 0 0 1 ,25 5
93	10 0 0 0 0 2 ,5 5,17 5
96	14 1 0 1 0 0 ,5 1,6 3
97	13 0 1 0 0 1 ,13 5,29 2
99	4 0 0 0 1 0 ,9 4
