0	12 0 1 0 0 0 ,12 2
1	7 0 0 0 1 0 ,7 4
4	12 1 1 0 0 0 ,1 2,14 1
6	12 0 0 1 0 0 ,1 3
8	12 0 0 0 1 0 ,5 4
10	8 0 1 0 0 0 ,15 2
11	8 0 0 0 0 1 ,11 5
12	8 0 0 1 0 0 ,11 3
13	12 0 0 0 2 0 ,8 4,12 4
16	8 1 0 0 0 0 ,4 1
22	9 0 0 0 0 1 ,3 5
32	5 0 0 0 0 1 ,13 5
33	8 0 1 0 1 0 ,5 2,15 4
34	16 0 0 0 1 0 ,8 4
35	8 0 2 0 0 1 ,1 2,8 5,15 2
39	13 1 0 0 0 0 ,14 1
40	8 0 0 1 0 0 ,4 3
42	12 0 1 0 0 0 ,12 2
43	13 0 1 0 0 0 ,14 2
44	12 0 0 0 1 0 ,5 4
45	17 0 0 0 1 0 ,6 4
46	9 0 0 0 2 0 ,3 4,12 4
51	13 0 0 1 0 0 ,19 3
55	10 0 0 1 1 0 ,10 3,19 4
59	8 0 0 0 2 0 ,1 4,4 4
61	4 0 0 0 2 0 ,9 4,19 4
62	12 1 0 0 0 0 ,5 1
63	13 1 0 0 0 1 ,6 1,14 5
72	5 1 0 1 0 0 ,2 3,14 1
74	12 1 0 0 0 0 ,5 1
77	17 0 0 1 0 0 ,6 3
78	7 1 0 1 1 0 ,0 1,6 4,7 3
80	11 0 0 1 0 0 ,0 3
82	2 0 1 0 0 0 ,16 2
83	11 1 0 1 0 1 ,0 5,1 1,14 3
84	3 0 0 1 0 0 ,17 3
85	10 0 1 2 0 0 ,6 3,10 3,19 2
88	10 0 0 0 1 0 ,10 4
89	4 0 0 0 1 0 ,18 4
90	5 0 1 0 0 0 ,2 2
92	16 0 0 1 0 0 ,8 3
97	11 0 2 0 0 0 ,0 2,6 2
