0	14 0 0 0 1 0 ,15 4
1	15 0 0 0 0 1 ,5 5
2	14 0 0 0 0 1 ,15 5
4	8 1 1 0 1 0 ,3 1,7 2,13 4
5	18 0 0 1 0 0 ,0 3
6	10 0 0 0 1 1 ,3 5,17 4
7	14 0 0 0 2 0 ,2 4,6 4
8	11 0 0 0 0 1 ,9 5
9	11 0 0 1 1 0 ,18 4,19 3
10	18 1 0 0 0 0 ,0 1
12	6 1 0 0 0 1 ,12 1,15 5
14	17 0 0 0 0 1 ,21 5
16	21 0 1 0 0 0 ,22 2
19	2 1 0 1 0 0 ,8 1,21 3
20	17 0 0 0 0 1 ,6 5
22	2 0 1 0 0 0 ,10 2
24	15 0 0 1 0 1 ,5 3,22 5
25	12 1 0 0 0 0 ,7 1
26	14 1 0 0 0 0 ,2 1
27	6 0 0 1 0 0 ,16 3
28	11 1 0 0 0 0 ,9 1
29	12 0 0 0 1 0 ,7 4
30	19 0 0 0 0 1 ,18 5
37	11 0 0 1 1 0 ,9 3,20 4
38	14 0 0 0 0 1 ,2 5
39	10 1 1 0 1 0 ,1 4,6 1,17 2
40	11 0 0 0 2 0 ,19 4,22 4
41	13 0 0 0 0 1 ,4 5
47	21 1 0 0 0 0 ,22 1
48	14 0 0 0 0 1 ,17 5
49	19 0 0 1 0 0 ,18 3
51	17 0 0 1 0 0 ,6 3
53	2 1 0 0 0 1 ,0 5,8 1
54	18 0 1 0 0 0 ,0 2
55	17 0 0 1 1 0 ,0 3,6 4
58	13 0 0 1 0 0 ,4 3
59	14 0 0 1 0 0 ,2 3
62	7 0 1 1 0 0 ,1 3,11 2
66	15 0 0 1 0 0 ,5 3
68	14 1 0 0 0 0 ,17 1
69	3 0 0 1 2 0 ,0 4,3 4,14 3
75	11 0 0 0 0 1 ,20 5
77	14 1 0 0 0 0 ,2 1
78	14 0 1 0 0 0 ,17 2
79	11 0 0 0 1 0 ,19 4
80	17 1 0 0 0 1 ,21 1,22 5
81	8 0 1 0 0 0 ,13 2
82	8 0 1 0 0 0 ,13 2
86	7 0 0 0 1 3 ,4 5,5 4,7 5,11 5
87	17 0 0 0 2 0 ,21 4,22 4
89	11 0 1 0 0 0 ,9 2
91	17 0 0 0 2 0 ,18 4,21 4
94	10 0 0 1 0 0 ,1 3
95	6 0 1 0 0 1 ,12 5,20 2
96	6 0 0 2 0 0 ,16 3,18 3
