1	14 0 0 1 0 0 ,7 3
3	6 1 1 0 0 0 ,1 1,17 2
4	12 0 0 0 1 2 ,0 5,13 4,22 5
5	15 0 1 0 0 0 ,26 2
6	10 0 1 0 1 0 ,9 2,27 4
7	6 0 1 0 1 0 ,2 2,25 4
8	18 0 0 0 0 1 ,22 5
9	5 0 0 0 1 1 ,21 5,32 4
11	13 1 0 0 0 1 ,14 1,19 5
12	5 1 0 0 0 0 ,32 1
13	10 0 2 0 0 0 ,19 2,29 2
14	5 1 1 0 0 0 ,8 2,27 1
15	12 0 0 0 2 0 ,21 4,23 4
17	15 0 1 0 0 0 ,26 2
20	15 0 1 0 0 0 ,2 2
24	14 0 0 0 0 1 ,7 5
28	20 0 1 0 0 0 ,23 2
30	2 0 1 1 0 0 ,5 3,15 2
32	13 0 1 1 1 0 ,3 4,11 3,19 2
33	10 0 1 0 1 0 ,0 4,9 2
35	8 1 2 0 0 0 ,11 2,14 2,16 1
36	10 1 1 1 0 2 ,6 5,26 5,27 1,30 2,31 3
37	14 1 0 0 1 1 ,22 1,23 4,30 5
39	8 0 1 0 1 1 ,16 5,17 4,22 2
40	6 2 0 0 1 1 ,6 4,16 1,25 1,31 5
44	12 0 2 0 1 0 ,2 4,11 2,21 2
45	12 1 0 0 0 0 ,31 1
46	10 0 1 0 0 0 ,9 2
47	3 0 0 3 0 0 ,5 3,8 3,20 3
48	4 1 0 0 0 0 ,18 1
49	12 0 1 1 0 0 ,13 2,14 3
50	12 1 0 0 0 0 ,21 1
51	14 1 1 0 0 0 ,0 1,7 2
52	21 0 0 0 0 1 ,6 5
53	8 1 0 0 1 0 ,16 1,24 4
54	19 0 0 0 1 0 ,0 4
55	17 0 0 0 0 1 ,5 5
58	12 0 0 0 1 0 ,13 4
59	10 1 2 0 2 0 ,7 1,9 4,17 4,26 2,29 2
60	14 0 1 1 0 0 ,6 2,11 3
61	14 0 0 0 0 1 ,30 5
62	14 0 0 1 0 0 ,11 3
64	14 1 0 0 0 0 ,11 1
65	15 0 0 1 0 1 ,14 5,26 3
66	12 0 0 0 1 0 ,24 4
67	17 0 1 0 0 0 ,5 2
69	6 0 1 0 0 0 ,1 2
70	3 0 0 1 0 0 ,10 3
71	20 0 1 0 0 0 ,23 2
73	6 0 0 2 1 0 ,1 3,7 3,24 4
74	19 0 0 0 0 1 ,0 5
75	4 0 0 1 2 0 ,3 4,14 4,18 3
77	14 1 0 0 1 0 ,23 4,30 1
78	14 0 2 0 1 0 ,2 4,5 2,17 2
80	18 0 0 1 0 0 ,22 3
82	8 0 0 2 0 0 ,4 3,31 3
83	2 0 1 0 1 1 ,4 5,12 2,27 4
86	8 0 0 0 2 0 ,19 4,28 4
88	12 0 2 0 0 0 ,13 2,22 2
89	14 1 0 0 1 0 ,3 4,14 1
90	6 1 0 1 0 0 ,6 3,25 1
91	8 0 0 1 1 0 ,2 3,28 4
92	10 0 1 0 0 0 ,29 2
94	17 0 1 0 0 0 ,5 2
95	14 1 0 0 1 0 ,23 4,30 1
96	14 0 1 0 0 0 ,3 2
97	10 0 0 0 1 0 ,29 4
99	14 1 2 0 0 0 ,6 2,17 2,26 1
