0	3 1 0 0 0 0 ,24 1
1	5 0 0 0 0 1 ,15 5
2	13 0 0 0 0 1 ,17 5
3	14 1 0 1 0 0 ,26 1,30 3
6	13 0 0 0 1 0 ,3 4
8	13 2 0 0 0 0 ,16 1,17 1
10	16 0 0 0 0 1 ,33 5
11	3 0 0 1 0 0 ,2 3
12	15 0 1 0 0 0 ,9 2
13	14 1 2 0 1 0 ,9 4,20 2,30 2,35 1
14	7 0 1 1 0 1 ,30 3,31 5,34 2
15	5 0 1 0 0 0 ,11 2
16	5 1 1 0 0 0 ,12 2,28 1
17	16 0 0 1 0 0 ,26 3
18	17 1 0 0 0 1 ,19 1,35 5
19	2 1 0 0 1 0 ,6 1,8 4
20	7 1 1 1 0 0 ,26 3,29 2,34 1
21	15 0 2 0 2 0 ,7 4,13 4,33 2,35 2
23	14 1 0 0 0 1 ,10 1,30 5
24	7 0 0 1 0 0 ,23 3
25	3 1 1 0 1 0 ,1 2,27 4,32 1
26	20 0 1 0 0 0 ,13 2
27	17 0 1 0 0 0 ,8 2
28	17 0 0 1 0 1 ,8 5,31 3
30	6 1 0 2 0 0 ,10 3,18 1,33 3
31	9 2 1 0 0 0 ,4 1,5 1,33 2
32	12 1 0 1 0 0 ,1 1,16 3
34	17 0 0 0 0 1 ,8 5
35	7 0 1 0 0 0 ,34 2
36	13 0 0 1 0 0 ,17 3
37	5 0 0 1 1 2 ,0 5,12 3,14 4,27 5
38	15 0 0 0 1 0 ,7 4
39	9 1 0 1 0 0 ,19 3,29 1
40	3 0 1 1 0 0 ,32 2,35 3
41	9 1 0 0 0 0 ,29 1
42	16 1 1 0 0 0 ,16 1,33 2
43	7 0 0 1 0 0 ,14 3
44	7 0 0 0 2 0 ,10 4,23 4
45	7 1 0 0 0 1 ,7 5,34 1
46	13 0 0 0 1 0 ,17 4
47	18 1 0 0 0 0 ,31 1
50	13 1 0 0 0 0 ,3 1
51	9 1 2 0 0 0 ,7 2,16 1,29 2
53	13 0 2 0 0 0 ,3 2,26 2
54	20 1 0 0 0 0 ,13 1
55	2 1 0 1 0 0 ,6 1,22 3
56	11 0 2 0 0 1 ,4 5,19 2,35 2
57	16 0 1 0 0 0 ,33 2
58	8 0 0 0 1 0 ,28 4
59	8 0 0 1 0 0 ,28 3
61	9 0 0 0 2 0 ,0 4,3 4
63	5 0 1 1 1 0 ,1 2,21 4,26 3
65	17 1 0 0 0 1 ,8 1,13 5
66	3 0 1 0 0 0 ,24 2
67	16 0 0 0 0 1 ,16 5
68	5 1 0 0 0 0 ,21 1
71	18 0 1 0 0 0 ,31 2
72	18 0 0 0 0 1 ,31 5
73	12 0 0 1 1 1 ,1 4,10 3,16 5
74	15 0 1 0 1 0 ,10 4,31 2
75	14 1 1 0 0 1 ,9 2,22 5,30 1
76	7 1 0 0 0 1 ,19 5,34 1
78	6 0 0 0 1 2 ,18 5,20 5,35 4
79	17 0 0 1 0 0 ,19 3
81	9 0 0 1 0 0 ,29 3
82	13 0 1 0 0 0 ,3 2
83	14 0 0 1 0 0 ,20 3
86	9 0 0 1 1 0 ,5 3,9 4
87	12 0 0 1 1 0 ,1 3,26 4
88	18 0 0 0 0 1 ,22 5
90	4 0 0 0 1 1 ,4 5,25 4
91	15 1 0 0 0 0 ,9 1
92	9 0 0 0 0 1 ,5 5
93	18 0 0 0 0 1 ,22 5
94	5 0 0 1 0 0 ,11 3
95	20 0 0 1 0 0 ,13 3
96	17 0 0 1 0 0 ,19 3
97	14 0 1 0 1 0 ,9 2,20 4
99	20 0 0 0 0 1 ,13 5
