1	2 1 0 1 1 0 ,7 3,8 1,9 4
3	4 0 0 1 0 0 ,5 3
4	11 0 0 0 0 1 ,15 5
5	17 1 0 0 0 0 ,1 1
7	9 0 2 0 0 0 ,1 2,12 2
9	15 0 0 0 1 0 ,16 4
10	9 0 0 0 0 1 ,12 5
11	5 1 0 1 0 0 ,4 1,9 3
13	16 0 0 1 0 0 ,19 3
17	5 0 1 0 0 1 ,6 2,21 5
19	17 1 0 0 0 0 ,18 1
21	25 0 0 1 0 0 ,22 3
23	15 0 1 0 0 0 ,23 2
26	9 0 0 1 0 0 ,24 3
27	9 1 0 1 0 0 ,15 1,24 3
28	4 3 0 0 0 1 ,5 1,11 5,13 1,17 1
33	7 0 0 0 0 1 ,0 5
34	5 0 0 0 0 1 ,2 5
37	17 0 1 0 0 0 ,20 2
39	17 0 0 0 0 1 ,1 5
40	15 1 0 0 1 1 ,18 5,19 1,23 4
41	5 0 0 1 0 0 ,4 3
42	6 0 1 0 0 0 ,13 2
43	16 0 1 0 0 0 ,19 2
46	5 1 0 0 1 0 ,4 1,16 4
48	12 1 0 0 0 0 ,21 1
52	9 0 0 0 0 2 ,10 5,19 5
53	6 0 0 1 0 0 ,13 3
54	17 0 1 0 0 0 ,1 2
57	10 1 0 1 0 0 ,3 3,23 1
59	17 0 0 0 0 1 ,18 5
61	17 1 0 0 1 0 ,18 1,22 4
62	5 0 1 2 0 0 ,1 3,7 2,11 3
63	15 0 0 1 1 0 ,16 3,20 4
64	2 4 0 0 0 0 ,8 1,19 1,23 1,24 1
65	9 1 1 0 0 0 ,9 1,12 2
66	6 0 1 0 0 0 ,14 2
68	7 1 1 0 0 0 ,0 2,15 1
69	25 0 0 0 0 1 ,22 5
73	9 0 0 0 2 0 ,10 4,22 4
74	12 1 1 0 0 0 ,20 2,21 1
75	14 0 2 0 0 0 ,9 2,20 2
76	12 1 0 0 0 0 ,21 1
77	17 0 0 0 0 2 ,18 5,22 5
80	17 0 0 0 1 0 ,20 4
81	10 0 0 1 2 0 ,3 3,16 4,22 4
82	9 1 0 0 0 0 ,11 1
84	5 0 1 1 0 0 ,6 3,21 2
86	17 0 0 1 0 0 ,20 3
88	17 0 0 0 1 0 ,1 4
89	15 0 0 0 0 1 ,23 5
91	15 0 1 0 0 0 ,23 2
94	12 0 1 0 1 0 ,19 4,21 2
95	11 0 0 0 1 0 ,15 4
96	9 0 1 0 1 0 ,3 4,24 2
98	6 0 0 1 0 0 ,14 3
99	4 1 0 1 1 0 ,9 4,14 1,17 3
