0	10 2 0 0 0 1 ,6 5,8 1,32 1
1	14 0 0 0 1 0 ,12 4
3	13 0 0 0 1 1 ,17 5,30 4
5	15 0 0 0 1 0 ,6 4
6	13 0 0 2 0 0 ,13 3,33 3
8	19 0 1 0 0 0 ,17 2
9	10 1 0 0 0 1 ,4 5,8 1
11	14 1 0 0 0 0 ,18 1
12	14 0 0 0 1 0 ,18 4
13	5 0 1 1 0 0 ,7 2,28 3
14	6 0 1 0 0 0 ,1 2
15	5 0 1 0 0 0 ,7 2
17	15 0 0 0 0 1 ,11 5
18	7 0 0 0 1 0 ,10 4
19	10 0 0 2 0 2 ,3 5,12 3,16 3,23 5
21	10 0 1 1 0 0 ,27 2,29 3
23	18 0 0 0 0 1 ,31 5
24	20 0 0 0 0 1 ,29 5
25	5 2 0 0 1 1 ,8 4,9 1,13 1,33 5
26	8 0 0 1 0 1 ,3 5,26 3
28	8 0 0 1 0 0 ,26 3
29	15 0 1 0 0 0 ,6 2
31	5 0 1 0 0 0 ,22 2
32	14 1 0 0 0 0 ,14 1
33	5 0 1 1 1 0 ,4 2,22 3,29 4
36	10 0 0 2 0 0 ,4 3,30 3
37	4 1 1 0 1 0 ,16 1,24 4,31 2
40	14 0 0 1 1 0 ,12 4,14 3
41	15 0 0 0 0 1 ,11 5
43	8 0 0 0 2 0 ,19 4,20 4
44	6 0 0 0 1 0 ,1 4
47	18 0 0 0 1 0 ,16 4
48	4 0 0 1 1 0 ,13 4,34 3
49	19 0 0 0 0 1 ,17 5
51	2 0 2 0 1 0 ,0 2,9 4,32 2
52	18 0 0 1 0 0 ,16 3
53	13 0 1 0 0 0 ,30 2
54	10 1 0 0 1 0 ,27 1,32 4
55	10 1 0 0 1 0 ,8 4,12 1
56	4 1 0 0 1 0 ,18 4,34 1
61	8 0 1 0 0 0 ,26 2
62	4 2 0 0 0 0 ,12 1,15 1
63	5 1 0 0 1 0 ,7 1,25 4
66	19 0 0 2 0 0 ,17 3,29 3
67	14 1 0 0 0 0 ,14 1
68	13 1 0 0 1 0 ,23 4,33 1
69	5 0 0 1 0 0 ,5 3
70	8 0 0 1 1 0 ,14 4,20 3
71	15 1 1 0 0 0 ,23 2,31 1
73	19 1 0 0 0 0 ,17 1
74	19 0 0 1 0 0 ,17 3
76	7 1 1 0 0 0 ,10 1,14 2
77	13 0 0 0 1 0 ,30 4
78	5 1 1 0 0 0 ,2 2,11 1
80	7 1 1 0 0 0 ,10 2,20 1
81	5 0 1 2 1 1 ,2 3,13 4,16 3,18 5,28 2
82	5 1 1 0 0 0 ,5 2,11 1
83	4 0 0 1 0 0 ,15 3
84	18 0 0 0 1 0 ,16 4
85	5 0 0 1 0 2 ,11 3,21 5,31 5
87	20 0 1 0 0 0 ,29 2
88	11 1 0 0 0 1 ,12 1,28 5
89	12 0 0 0 0 1 ,32 5
90	6 0 1 0 0 0 ,25 2
91	8 0 0 1 1 0 ,14 3,19 4
93	15 0 0 0 1 0 ,6 4
94	13 1 0 0 0 1 ,13 1,31 5
96	15 0 0 0 1 0 ,23 4
97	10 1 0 1 1 0 ,27 4,28 1,29 3
98	10 0 0 1 1 0 ,27 3,33 4
