0	0,1,2,3,4,5,6,7,8,9,10,11,12,13,14,15,16,17,18,19,
1	0,1,2,3,4,5,6,7,8,9,10,11,12,13,14,15,16,17,18,19,
2	0,1,2,3,4,5,6,7,8,9,10,11,12,13,14,15,16,17,18,19,
3	0,1,2,3,4,5,6,7,8,9,10,11,12,13,14,15,16,17,18,19,
4	0,1,2,3,4,5,6,7,8,9,10,11,12,13,14,15,16,17,18,19,
5	0,1,2,3,4,5,6,7,8,9,10,11,12,13,14,15,16,17,18,19,
6	1,3,4,5,9,10,11,13,15,16,17,18,19,
7	1,2,3,9,11,14,15,17,19,
8	1,2,3,4,6,8,12,14,
9	1,3,4,7,10,13,17,
10	0,2,4,5,8,11,12,14,15,16,18,19,
11	0,5,7,8,9,12,13,15,16,18,19,
12	0,4,11,12,15,17,
13	2,17,
14	1,4,6,8,11,12,16,
16	6,13,
18	6,
19	3,18,
20	19,
21	3,14,18,
24	9,
30	18,
32	4,
35	14,18,
39	6,8,
43	16,
51	0,18,
53	4,
54	16,
55	10,
59	4,16,
70	7,
72	4,8,
105	14,18,
115	4,
124	8,
127	19,
207	4,
227	12,
228	14,
271	0,
333	17,
412	10,
434	12,
447	8,
457	17,
472	17,
473	4,
555	18,
576	14,
