0	5 0 0 1 1 0 ,17 3,24 4
2	13 0 1 0 0 0 ,13 2
3	15 1 0 0 0 0 ,1 1
9	23 0 0 0 0 1 ,10 5
10	20 0 0 0 0 1 ,14 5
11	15 0 0 0 0 1 ,1 5
13	19 0 1 0 0 0 ,18 2
15	12 1 0 0 0 0 ,30 1
17	14 0 0 0 1 0 ,21 4
18	5 1 3 0 0 0 ,4 2,21 1,23 2,24 2
19	23 0 0 0 0 1 ,10 5
21	19 0 0 0 2 0 ,14 4,18 4
22	4 0 1 0 0 0 ,25 2
23	5 0 0 1 1 0 ,11 3,18 4
24	8 0 2 0 1 0 ,13 2,19 2,29 4
25	15 0 1 0 0 0 ,20 2
26	23 0 0 1 0 0 ,10 3
27	15 0 0 0 1 1 ,10 4,20 5
28	16 0 0 0 0 1 ,29 5
29	6 0 1 0 2 0 ,7 4,28 4,30 2
31	6 0 1 0 0 1 ,7 2,20 5
32	15 1 0 0 0 0 ,1 1
34	7 1 2 0 0 0 ,2 1,3 2,27 2
35	15 0 1 2 0 0 ,14 3,16 2,20 3
36	18 0 0 1 0 0 ,12 3
37	13 0 1 1 0 1 ,2 5,12 3,24 2
38	12 0 0 1 0 0 ,30 3
39	23 1 0 0 0 0 ,10 1
40	5 1 0 0 0 0 ,11 1
41	8 0 0 1 0 0 ,0 3
42	3 0 0 2 0 0 ,8 3,16 3
43	15 1 0 0 0 0 ,16 1
44	11 0 0 0 0 1 ,3 5
47	4 0 1 1 1 1 ,2 5,3 4,16 3,25 2
48	3 0 1 1 1 0 ,5 2,6 4,23 3
51	5 1 0 1 0 0 ,4 3,16 1
52	5 1 0 0 0 0 ,11 1
53	15 0 0 1 0 0 ,1 3
54	8 0 1 1 1 0 ,0 4,28 3,29 2
56	18 0 0 0 1 0 ,12 4
58	15 0 0 0 0 1 ,1 5
59	23 0 0 0 0 1 ,10 5
60	8 1 0 0 0 1 ,19 1,29 5
64	18 1 0 1 0 0 ,12 3,14 1
65	12 1 0 0 1 0 ,21 4,30 1
68	8 0 0 0 0 2 ,6 5,19 5
69	20 0 0 0 1 0 ,14 4
71	12 0 1 0 0 0 ,30 2
74	1 1 0 0 1 0 ,9 4,26 1
76	3 0 0 1 0 1 ,15 3,22 5
77	13 0 1 0 0 1 ,12 5,13 2
78	8 1 0 0 0 1 ,0 1,18 5
79	9 0 0 0 2 0 ,13 4,23 4
80	13 0 1 0 0 0 ,13 2
81	19 0 0 1 0 0 ,18 3
82	5 0 1 0 0 0 ,17 2
84	17 0 0 0 0 1 ,24 5
85	7 0 0 0 0 1 ,27 5
87	12 0 0 1 0 0 ,30 3
90	3 2 0 0 1 1 ,5 1,13 1,22 5,24 4
93	14 0 0 0 0 1 ,21 5
96	9 0 1 0 0 1 ,16 5,28 2
97	13 0 1 0 0 0 ,2 2
98	20 0 0 1 0 0 ,14 3
99	19 1 0 0 0 0 ,18 1
