0	14 0 0 2 0 1 ,18 3,28 3,31 5
1	5 1 0 1 1 1 ,19 1,23 5,28 3,34 4
2	13 0 0 1 1 0 ,10 4,29 3
3	9 1 0 0 0 0 ,12 1
4	11 1 2 0 0 1 ,4 2,13 2,18 1,27 5
5	10 0 1 0 0 0 ,33 2
6	5 0 0 2 0 1 ,2 5,4 3,17 3
7	14 1 0 0 0 0 ,0 1
8	16 0 0 1 0 0 ,22 3
9	8 0 0 0 1 0 ,9 4
10	14 0 0 1 0 0 ,31 3
12	13 0 0 1 0 0 ,4 3
13	12 0 0 1 0 1 ,5 5,25 3
16	23 0 1 0 0 0 ,6 2
18	12 0 1 0 0 1 ,11 2,23 5
19	5 1 1 0 0 0 ,4 1,20 2
20	11 0 0 1 0 0 ,7 3
21	19 0 0 0 1 0 ,2 4
22	7 0 0 0 1 1 ,16 5,21 4
24	23 0 0 0 1 0 ,6 4
25	13 0 0 0 1 0 ,4 4
26	21 0 1 0 1 0 ,14 2,18 4
27	15 0 1 0 0 0 ,11 2
28	12 0 1 0 0 0 ,25 2
29	5 1 1 0 0 1 ,3 1,12 5,24 2
30	10 0 0 2 0 1 ,14 5,28 3,32 3
31	16 0 0 1 0 0 ,22 3
32	12 1 1 0 0 2 ,6 5,13 1,30 5,31 2
33	5 0 0 1 0 0 ,20 3
34	17 0 1 0 0 0 ,16 2
35	7 0 1 0 0 0 ,19 2
36	12 0 0 1 0 1 ,22 5,30 3
37	7 0 0 1 0 0 ,21 3
40	5 1 0 0 0 0 ,17 1
41	11 0 1 1 1 1 ,7 3,11 2,14 4,29 5
42	5 0 0 0 2 1 ,3 4,8 4,10 5
43	10 0 0 0 1 1 ,8 5,14 4
44	16 0 0 0 1 0 ,29 4
45	16 0 1 0 0 0 ,29 2
46	17 0 0 1 1 0 ,14 4,28 3
47	10 0 0 1 0 1 ,0 3,33 5
48	12 0 0 1 0 0 ,30 3
49	4 0 0 0 2 1 ,25 4,26 4,32 5
51	14 0 1 0 0 0 ,0 2
52	12 0 0 0 1 1 ,10 4,24 5
53	7 0 0 0 1 0 ,19 4
54	21 0 0 0 1 0 ,18 4
55	12 1 0 0 1 0 ,5 1,6 4
56	14 0 0 1 0 0 ,31 3
57	12 0 0 1 1 0 ,6 4,25 3
58	5 1 0 0 1 0 ,27 4,34 1
60	17 0 1 0 0 0 ,16 2
61	10 0 0 1 0 0 ,33 3
62	11 0 0 0 1 0 ,7 4
65	21 0 0 0 0 1 ,18 5
66	11 0 1 0 1 0 ,14 4,27 2
67	5 0 0 0 0 1 ,15 5
68	14 0 0 0 1 0 ,0 4
70	5 1 0 0 0 0 ,17 1
71	14 1 0 0 0 0 ,0 1
72	13 0 0 0 2 0 ,13 4,18 4
74	11 2 1 0 0 0 ,5 2,7 1,30 1
76	13 1 0 1 0 1 ,0 3,13 1,16 5
79	3 0 0 1 0 0 ,1 3
81	16 0 0 0 0 2 ,2 5,22 5
83	10 0 1 0 0 0 ,32 2
85	23 0 0 0 1 0 ,6 4
86	8 0 0 0 1 0 ,9 4
87	10 1 0 1 0 1 ,2 5,8 1,28 3
89	17 0 1 0 0 0 ,28 2
91	12 0 0 0 1 0 ,5 4
92	17 0 0 1 0 0 ,16 3
95	16 0 1 0 0 0 ,29 2
96	5 0 0 0 0 2 ,24 5,35 5
97	12 1 1 0 0 1 ,11 5,23 2,31 1
99	9 0 0 1 1 1 ,11 4,12 3,13 5
