1	14 0 0 0 0 1 ,10 5
2	14 0 1 0 0 1 ,24 2,34 5
3	7 0 1 0 0 1 ,16 5,27 2
4	8 1 0 0 0 2 ,5 5,20 1,22 5
5	5 1 1 0 0 0 ,16 2,17 1
6	16 0 0 0 1 0 ,0 4
8	7 2 0 0 0 0 ,0 1,4 1
10	5 1 0 2 1 0 ,1 3,17 1,24 3,28 4
11	16 0 0 0 0 1 ,12 5
12	5 1 0 1 1 1 ,4 5,5 3,31 4,33 1
13	3 1 0 0 0 0 ,9 1
14	16 0 0 1 1 0 ,12 3,31 4
15	14 1 1 0 0 0 ,1 2,5 1
17	5 2 0 0 0 0 ,17 1,33 1
19	5 0 0 1 0 0 ,33 3
20	13 2 0 1 0 1 ,0 3,16 1,31 5,34 1
22	12 0 0 0 1 0 ,22 4
23	2 2 0 0 0 0 ,16 1,29 1
24	8 1 0 0 1 0 ,20 4,32 1
26	9 1 0 0 0 0 ,2 1
27	16 1 0 0 0 0 ,0 1
28	3 1 0 2 0 0 ,4 1,8 3,23 3
32	14 1 0 0 0 0 ,34 1
35	16 0 0 0 0 1 ,1 5
36	12 0 1 0 0 0 ,18 2
38	8 0 0 1 1 0 ,6 3,24 4
39	16 1 0 0 1 0 ,1 1,32 4
40	5 0 1 1 0 1 ,14 3,17 2,32 5
43	7 0 0 0 0 1 ,27 5
44	12 0 0 1 0 0 ,28 3
45	8 1 0 0 0 0 ,6 1
47	16 0 0 1 0 0 ,0 3
48	12 0 0 1 1 0 ,7 4,24 3
50	7 0 2 0 0 0 ,22 2,25 2
51	14 0 0 0 1 0 ,10 4
52	16 1 0 0 2 0 ,1 1,12 4,31 4
55	12 0 1 1 1 0 ,13 4,18 2,26 3
57	8 0 0 0 1 0 ,6 4
58	9 0 0 0 0 1 ,2 5
61	3 0 0 1 0 0 ,30 3
62	16 0 0 0 1 0 ,12 4
63	14 0 0 0 0 1 ,10 5
64	5 1 0 0 1 0 ,11 1,26 4
65	12 1 0 0 0 0 ,22 1
66	3 0 1 0 0 1 ,3 5,9 2
67	1 1 0 0 0 0 ,21 1
68	3 0 1 1 0 0 ,19 3,25 2
69	14 0 0 0 1 0 ,5 4
70	15 0 0 1 1 0 ,3 3,26 4
71	15 0 0 1 0 0 ,3 3
72	12 0 0 1 0 0 ,18 3
75	4 0 1 0 1 0 ,14 2,15 4
77	12 0 0 0 2 1 ,7 4,28 5,34 4
78	8 1 0 1 0 0 ,20 3,32 1
80	15 0 0 0 1 0 ,13 4
81	5 1 1 0 0 0 ,23 2,34 1
82	12 0 1 0 0 0 ,18 2
84	15 0 0 0 3 0 ,13 4,24 4,26 4
85	14 1 1 0 0 0 ,31 1,34 2
88	16 1 0 0 0 1 ,31 1,32 5
89	14 1 0 0 0 0 ,5 1
91	12 0 0 1 1 0 ,7 4,24 3
93	7 0 0 1 2 0 ,1 4,16 4,25 3
94	2 1 1 1 0 0 ,2 2,18 3,29 1
95	15 0 0 1 1 1 ,0 4,13 3,26 5
97	5 0 0 0 1 0 ,11 4
98	15 0 0 0 1 0 ,3 4
99	9 1 0 0 0 0 ,2 1
