0	17 0 0 0 1 0 ,10 4
2	4 0 0 1 0 0 ,24 3
3	15 0 0 0 0 1 ,22 5
4	22 0 0 0 1 0 ,34 4
5	19 0 0 0 1 0 ,21 4
6	11 0 3 0 0 1 ,10 2,13 2,21 2,29 5
7	7 0 0 0 0 2 ,5 5,7 5
8	16 0 1 0 0 0 ,29 2
10	11 1 0 0 0 0 ,13 1
12	9 0 1 0 0 1 ,14 5,20 2
14	11 0 1 0 1 0 ,26 4,29 2
15	17 0 1 0 0 0 ,10 2
17	14 1 0 0 0 0 ,11 1
18	15 1 1 0 0 1 ,10 1,22 5,29 2
19	7 1 0 0 0 0 ,5 1
20	13 0 0 0 1 0 ,19 4
22	20 0 0 0 1 1 ,9 4,32 5
23	16 0 0 0 1 1 ,3 4,32 5
25	11 0 0 0 0 2 ,13 5,26 5
26	5 0 0 0 0 1 ,23 5
27	4 1 0 0 1 0 ,8 1,18 4
28	19 0 0 0 1 0 ,21 4
29	20 0 0 0 2 0 ,9 4,32 4
30	13 0 0 0 0 1 ,19 5
32	8 1 0 1 0 0 ,31 3,33 1
33	5 1 0 0 0 0 ,15 1
35	7 0 0 0 0 1 ,1 5
37	15 0 0 1 0 0 ,14 3
38	11 0 2 0 0 1 ,26 2,32 2,33 5
39	11 0 0 1 0 0 ,13 3
40	14 0 0 1 1 1 ,9 3,11 5,22 4
41	6 0 0 0 1 0 ,0 4
42	11 0 0 1 0 0 ,30 3
44	1 1 0 1 0 0 ,2 1,28 3
45	22 0 0 1 0 0 ,34 3
49	9 0 0 1 1 1 ,7 4,14 3,27 5
50	11 0 0 1 0 0 ,30 3
51	14 0 0 0 0 1 ,11 5
52	13 1 1 0 0 0 ,19 2,29 1
53	5 1 1 0 0 0 ,8 2,16 1
54	17 0 0 1 0 0 ,10 3
55	12 0 1 0 0 0 ,25 2
56	8 0 0 1 1 0 ,6 3,27 4
60	3 0 0 1 0 0 ,12 3
61	14 0 0 1 1 0 ,11 3,14 4
62	12 0 0 0 0 2 ,3 5,25 5
63	21 0 0 0 0 1 ,9 5
64	6 0 1 0 0 0 ,0 2
65	10 0 0 1 0 0 ,8 3
66	4 1 1 0 0 0 ,20 2,24 1
67	10 0 1 0 0 0 ,8 2
69	9 0 1 0 0 1 ,8 2,20 5
70	17 0 0 0 0 1 ,10 5
71	21 1 0 0 0 0 ,9 1
72	15 1 1 0 0 1 ,7 5,22 1,32 2
74	5 0 0 0 1 0 ,16 4
75	8 0 1 0 0 1 ,3 2,6 5
79	18 1 0 0 1 0 ,7 1,9 4
80	6 1 1 0 0 0 ,1 2,4 1
81	16 0 0 0 0 2 ,3 5,21 5
82	12 0 1 1 0 0 ,25 2,28 3
83	12 0 0 1 1 0 ,25 3,28 4
84	13 0 1 0 1 0 ,29 4,33 2
85	5 0 1 0 3 0 ,15 4,19 2,21 4,28 4
88	5 0 1 0 0 1 ,17 5,32 2
91	8 0 0 0 0 2 ,31 5,34 5
93	22 0 1 0 0 0 ,34 2
95	11 1 0 0 0 2 ,28 1,30 5,33 5
96	7 1 0 0 0 0 ,5 1
98	6 0 0 0 0 2 ,4 5,34 5
99	18 0 0 2 0 1 ,7 3,28 5,34 3
