0	18 1 0 0 0 0 ,21 1
3	14 0 0 0 1 1 ,4 4,13 5
4	9 2 1 0 0 0 ,5 1,22 2,29 1
5	12 0 0 1 0 0 ,3 3
6	13 1 0 1 0 0 ,13 3,30 1
7	11 1 0 0 0 0 ,9 1
9	14 0 1 0 0 0 ,4 2
11	12 0 1 1 0 0 ,11 3,31 2
13	3 0 2 2 0 0 ,8 2,22 3,28 3,33 2
14	11 0 0 0 0 1 ,9 5
15	3 1 0 0 0 0 ,8 1
16	12 0 0 0 0 1 ,2 5
17	16 0 0 0 0 1 ,5 5
18	10 1 0 0 0 0 ,7 1
20	8 1 2 1 0 1 ,3 1,18 3,22 2,25 2,30 5
22	3 0 1 1 1 0 ,0 4,5 2,6 3
23	9 0 1 0 0 0 ,17 2
24	10 1 0 0 1 0 ,7 4,9 1
25	11 0 0 0 2 0 ,9 4,21 4
26	12 0 1 0 0 0 ,3 2
27	16 0 0 1 0 0 ,33 3
28	9 1 1 0 1 0 ,15 4,17 2,29 1
29	9 0 1 0 0 0 ,29 2
30	4 1 0 0 0 0 ,24 1
32	5 0 0 0 1 2 ,12 5,13 5,31 4
34	9 0 0 0 1 1 ,28 5,29 4
35	21 0 0 0 1 1 ,11 4,23 5
36	22 0 0 0 1 0 ,28 4
37	12 0 1 0 1 0 ,3 2,4 4
39	15 0 1 0 0 0 ,10 2
41	2 0 1 1 1 0 ,28 3,31 4,32 2
44	9 0 0 0 1 0 ,0 4
46	15 1 0 0 0 0 ,22 1
48	2 0 1 0 0 1 ,14 5,26 2
49	4 0 0 1 1 2 ,5 5,11 5,20 4,24 3
50	8 0 1 1 1 0 ,22 2,25 3,28 4
52	11 0 0 1 0 0 ,18 3
54	2 1 0 0 0 0 ,16 1
56	12 0 1 0 1 2 ,11 5,15 2,21 4,23 5
57	13 0 0 1 1 0 ,5 3,30 4
58	12 0 0 1 0 0 ,15 3
60	12 1 1 0 0 0 ,2 1,23 2
62	10 0 0 0 0 2 ,7 5,11 5
63	2 0 1 0 0 0 ,27 2
65	25 0 0 1 0 0 ,13 3
67	12 1 0 0 1 0 ,2 1,23 4
70	25 0 0 0 0 1 ,13 5
71	8 0 0 1 0 0 ,25 3
72	3 0 0 1 0 0 ,1 3
73	2 0 1 0 0 1 ,19 2,22 5
74	12 0 0 1 0 0 ,2 3
76	11 0 0 0 1 0 ,18 4
77	15 0 0 0 0 1 ,10 5
78	16 0 0 1 0 1 ,14 5,33 3
79	9 0 1 0 0 1 ,17 5,30 2
80	12 1 0 1 0 0 ,14 3,15 1
81	12 0 1 0 0 1 ,23 5,31 2
83	18 0 0 0 1 0 ,21 4
84	9 2 0 1 0 0 ,10 3,15 1,29 1
85	16 0 0 1 0 0 ,33 3
86	12 0 2 0 0 0 ,2 2,33 2
87	6 0 1 0 1 0 ,4 4,20 2
88	12 1 0 0 0 0 ,15 1
90	12 1 1 0 0 0 ,3 2,30 1
91	12 0 2 1 0 0 ,3 2,14 3,21 2
92	15 0 0 1 0 1 ,10 5,21 3
94	9 2 0 0 0 1 ,0 1,14 5,18 1
96	22 0 0 1 0 0 ,28 3
97	2 1 0 1 1 0 ,13 4,16 1,33 3
99	23 1 0 0 0 0 ,11 1
