0	10 0 1 0 0 0 ,7 2
1	2 1 1 0 0 0 ,13 1,28 2
4	18 0 0 0 0 1 ,16 5
5	15 1 0 1 1 1 ,1 3,2 4,17 5,25 1
6	15 0 0 1 0 0 ,0 3
7	16 0 0 0 0 1 ,24 5
9	8 0 1 0 0 0 ,21 2
10	18 0 0 0 1 0 ,25 4
11	11 0 1 0 0 0 ,14 2
13	11 0 0 0 0 1 ,14 5
15	10 0 0 1 0 0 ,8 3
16	8 2 0 0 0 0 ,8 1,21 1
17	11 1 0 0 1 0 ,9 1,24 4
18	6 1 0 0 0 0 ,15 1
19	18 0 0 1 0 0 ,16 3
23	12 1 0 0 0 1 ,3 5,5 1
24	10 2 0 0 0 0 ,13 1,14 1
25	11 1 0 0 0 0 ,9 1
31	10 0 1 0 0 1 ,1 5,8 2
33	11 1 0 0 0 0 ,14 1
34	8 1 0 0 1 0 ,2 4,4 1
35	11 2 0 0 0 0 ,9 1,10 1
36	16 1 0 0 0 0 ,24 1
37	10 0 0 0 2 0 ,2 4,8 4
39	6 1 0 0 1 0 ,3 1,15 4
40	15 0 0 1 0 0 ,0 3
41	6 0 0 0 0 3 ,16 5,18 5,25 5
42	8 1 0 0 0 0 ,4 1
44	11 0 0 1 0 1 ,3 5,12 3
46	9 0 0 1 1 0 ,11 4,13 3
47	13 1 1 0 0 0 ,3 1,17 2
48	3 0 0 1 0 0 ,20 3
51	11 0 0 0 1 0 ,12 4
52	16 0 0 1 0 0 ,24 3
54	10 0 0 0 1 0 ,7 4
55	18 0 1 0 0 0 ,16 2
56	11 1 0 0 0 0 ,14 1
58	6 1 0 0 0 0 ,18 1
60	7 1 0 0 1 1 ,10 5,11 1,26 4
61	11 1 0 0 0 0 ,9 1
65	12 1 0 0 0 0 ,5 1
66	11 1 0 0 0 1 ,14 1,25 5
67	9 0 0 0 2 0 ,5 4,11 4
70	1 1 0 0 0 0 ,19 1
71	12 0 1 0 0 0 ,5 2
72	1 1 0 0 0 0 ,22 1
73	18 0 0 1 0 0 ,25 3
74	17 0 0 0 0 1 ,1 5
76	18 0 1 0 0 0 ,16 2
77	8 0 1 0 0 0 ,4 2
78	1 2 0 0 0 1 ,0 5,6 1,15 1
81	15 0 0 1 0 0 ,2 3
83	17 0 0 0 1 0 ,1 4
84	7 0 0 1 0 0 ,26 3
85	8 0 0 0 2 1 ,4 4,7 4,17 5
87	8 0 0 0 0 1 ,21 5
88	4 0 1 1 0 0 ,13 3,27 2
89	11 0 0 0 2 0 ,0 4,9 4
91	13 1 0 0 0 0 ,3 1
92	11 0 0 1 1 0 ,12 4,24 3
94	11 0 0 0 0 1 ,10 5
95	12 0 0 0 1 0 ,5 4
96	4 0 1 0 0 0 ,27 2
97	10 1 1 2 0 0 ,9 3,13 2,16 1,17 3
99	3 0 0 1 0 0 ,23 3
