0	15 0 1 0 0 1 ,15 5,21 2
3	13 0 0 0 0 1 ,22 5
4	15 0 0 0 1 0 ,21 4
5	19 0 1 0 0 0 ,18 2
6	19 0 0 0 1 0 ,18 4
7	5 0 0 0 0 1 ,13 5
13	14 0 0 1 0 0 ,7 3
14	9 0 0 0 1 0 ,2 4
20	17 0 0 1 0 0 ,12 3
21	9 0 0 1 0 0 ,10 3
23	17 0 0 1 0 0 ,12 3
24	4 0 0 0 1 0 ,6 4
25	5 1 0 0 0 0 ,8 1
26	10 0 0 0 1 0 ,17 4
28	5 0 1 0 0 0 ,8 2
29	1 1 0 0 0 0 ,14 1
35	17 0 0 1 0 0 ,19 3
36	7 0 1 0 0 0 ,23 2
37	17 0 0 1 1 0 ,15 4,19 3
39	3 0 1 0 0 0 ,16 2
40	3 1 0 0 0 0 ,16 1
42	20 0 0 0 1 0 ,20 4
43	9 0 2 0 0 0 ,2 2,15 2
44	14 0 0 0 1 1 ,7 5,19 4
45	8 0 1 0 1 0 ,1 4,19 2
47	5 1 1 0 0 0 ,8 2,10 1
52	13 0 1 0 0 0 ,3 2
54	10 0 0 1 0 0 ,17 3
55	18 1 0 0 0 1 ,15 1,20 5
57	7 0 0 0 1 0 ,23 4
58	13 0 0 0 1 0 ,22 4
61	5 0 0 0 0 1 ,9 5
62	13 0 0 0 1 0 ,3 4
63	9 1 0 1 0 0 ,2 3,10 1
64	14 0 1 0 0 0 ,7 2
65	6 0 0 0 0 1 ,5 5
66	15 0 0 1 0 0 ,21 3
67	17 0 0 1 1 1 ,12 3,15 4,18 5
68	17 0 0 0 0 1 ,19 5
73	3 1 0 1 2 0 ,3 4,11 3,20 1,21 4
74	9 0 0 0 1 1 ,10 4,20 5
75	13 0 0 1 0 0 ,3 3
76	20 0 0 1 0 0 ,20 3
77	6 1 0 0 0 0 ,5 1
78	19 0 0 1 0 0 ,18 3
79	17 0 1 0 0 0 ,12 2
82	3 0 0 1 0 0 ,4 3
83	10 0 1 1 0 0 ,17 3,20 2
86	14 0 1 0 1 0 ,7 4,15 2
87	17 0 0 0 1 0 ,12 4
88	13 1 0 0 1 0 ,21 1,22 4
89	17 0 1 0 0 0 ,12 2
92	7 1 0 0 0 0 ,23 1
94	3 0 0 1 1 0 ,0 3,1 4
98	15 1 0 0 0 1 ,18 5,21 1
