1	19 0 0 1 0 0 ,12 3
2	10 0 0 0 1 0 ,16 4
5	15 0 1 0 0 0 ,3 2
8	7 1 0 0 0 1 ,3 5,20 1
9	20 0 0 0 0 1 ,0 5
10	5 0 0 1 0 0 ,18 3
11	8 0 2 0 0 0 ,0 2,6 2
12	21 0 0 0 1 0 ,7 4
16	8 0 0 0 1 0 ,6 4
17	9 1 0 0 0 0 ,17 1
18	6 1 0 0 0 1 ,15 5,19 1
19	13 1 0 0 0 0 ,5 1
23	11 0 0 1 0 0 ,21 3
24	7 0 1 0 0 0 ,22 2
25	15 0 1 0 0 0 ,15 2
28	6 1 0 0 0 0 ,19 1
29	12 0 0 0 1 0 ,14 4
31	9 0 0 0 0 1 ,17 5
32	5 0 0 0 1 0 ,9 4
33	7 0 0 0 0 2 ,8 5,20 5
35	7 1 0 0 1 0 ,8 4,20 1
36	20 0 0 0 1 0 ,0 4
38	3 0 0 1 0 1 ,11 5,13 3
39	6 1 1 0 0 0 ,7 2,10 1
42	20 0 0 0 0 1 ,1 5
43	10 0 0 0 1 0 ,4 4
45	15 0 1 0 0 0 ,15 2
46	10 1 0 0 0 0 ,16 1
47	20 0 0 1 0 0 ,1 3
48	5 0 1 1 0 0 ,15 3,18 2
49	20 0 0 0 0 1 ,0 5
50	13 0 0 1 0 0 ,5 3
51	13 1 0 0 0 1 ,5 1,11 5
52	20 0 0 1 0 0 ,11 3
53	13 0 0 1 0 1 ,5 3,12 5
56	20 0 1 0 0 0 ,11 2
57	1 1 0 0 0 0 ,2 1
58	19 0 0 0 0 1 ,12 5
63	6 0 1 0 1 0 ,5 2,19 4
64	21 0 0 0 1 0 ,7 4
65	10 1 0 0 1 0 ,4 4,16 1
66	11 0 0 1 0 0 ,21 3
67	19 1 0 0 0 0 ,12 1
68	11 0 0 0 0 1 ,21 5
69	13 0 0 1 0 0 ,5 3
72	12 0 0 1 0 0 ,14 3
73	12 0 0 0 0 2 ,3 5,14 5
76	21 0 0 0 1 0 ,7 4
77	7 0 0 0 0 1 ,22 5
78	20 0 0 0 1 0 ,1 4
79	12 0 0 1 0 1 ,1 5,8 3
81	21 0 0 0 1 0 ,7 4
82	9 0 0 1 0 0 ,17 3
83	15 0 0 1 0 0 ,3 3
88	5 1 0 0 0 0 ,9 1
89	19 0 0 1 0 1 ,11 3,12 5
93	20 0 0 1 0 0 ,1 3
94	20 0 1 0 1 0 ,0 4,11 2
97	10 0 1 0 0 0 ,4 2
99	6 0 1 2 1 1 ,6 2,7 3,10 5,15 3,16 4
