0	17 0 0 0 0 1 ,8 5
1	21 1 0 0 0 0 ,5 1
3	10 0 0 0 1 0 ,7 4
4	3 3 0 0 0 0 ,13 1,20 1,25 1
6	8 0 0 1 0 0 ,21 3
8	11 0 0 0 2 1 ,3 5,9 4,16 4
9	16 0 0 0 0 1 ,25 5
10	11 0 0 0 1 1 ,16 4,25 5
11	17 0 0 0 1 0 ,24 4
12	4 0 0 0 1 0 ,18 4
14	10 0 0 0 1 0 ,19 4
15	7 0 0 0 1 0 ,27 4
16	12 0 1 0 0 0 ,9 2
17	8 0 1 1 1 0 ,5 2,12 3,17 4
18	9 1 0 0 1 0 ,19 1,30 4
19	8 0 0 0 1 0 ,26 4
20	2 1 1 0 0 1 ,5 5,11 2,24 1
23	17 0 0 1 0 0 ,24 3
24	8 1 0 0 1 0 ,17 1,26 4
27	15 1 0 0 1 0 ,15 4,17 1
28	8 1 0 0 2 0 ,3 4,5 4,12 1
29	12 0 1 0 0 0 ,9 2
30	1 1 0 0 0 0 ,6 1
34	8 0 0 0 1 0 ,0 4
35	8 0 1 0 1 0 ,8 2,21 4
38	17 0 0 0 1 0 ,8 4
41	4 0 0 1 1 0 ,22 3,29 4
42	21 0 0 0 0 1 ,5 5
44	18 0 0 0 0 1 ,10 5
45	12 1 0 0 0 0 ,9 1
46	18 1 0 0 0 0 ,10 1
48	19 0 0 1 0 0 ,15 3
49	19 0 0 0 0 1 ,15 5
51	11 0 0 1 0 0 ,16 3
52	18 0 0 1 0 0 ,10 3
53	15 0 1 0 0 1 ,17 2,25 5
54	5 0 0 0 0 1 ,2 5
55	12 0 0 0 1 0 ,23 4
56	12 1 0 0 0 0 ,23 1
57	12 1 1 0 0 0 ,9 2,10 1
60	15 0 0 0 0 1 ,17 5
62	7 0 0 1 2 0 ,0 4,24 4,27 3
63	4 0 0 0 1 0 ,4 4
64	5 0 1 0 1 0 ,7 2,20 4
65	6 0 0 1 1 0 ,14 3,23 4
66	16 0 0 1 0 0 ,3 3
67	3 0 1 0 1 0 ,13 2,15 4
68	6 0 0 1 0 0 ,14 3
69	15 0 1 0 0 0 ,17 2
72	12 1 0 0 0 0 ,9 1
74	18 0 0 0 1 0 ,10 4
75	5 0 0 0 1 1 ,1 5,5 4
76	10 0 0 0 1 0 ,7 4
77	1 1 0 0 0 0 ,28 1
79	16 0 0 0 1 0 ,3 4
80	9 0 0 0 1 0 ,30 4
82	18 0 0 0 1 0 ,10 4
83	8 0 0 1 1 0 ,12 4,23 3
87	17 0 0 1 1 0 ,15 3,24 4
88	9 1 0 1 1 0 ,8 3,22 4,30 1
92	18 0 0 0 0 1 ,22 5
94	17 1 0 0 0 0 ,24 1
96	18 0 0 0 0 1 ,22 5
97	8 1 0 0 0 1 ,19 5,21 1
98	18 1 0 0 0 0 ,22 1
99	17 0 0 1 0 0 ,8 3
