0	11 2 0 0 0 1 ,5 1,9 5,26 1
1	11 1 0 0 0 1 ,25 1,26 5
2	19 0 0 0 0 2 ,6 5,17 5
3	19 0 0 0 1 0 ,4 4
6	11 0 0 0 1 0 ,5 4
7	19 0 1 0 0 0 ,6 2
8	8 1 0 0 1 1 ,7 1,8 4,11 5
9	19 0 0 0 0 1 ,17 5
11	9 2 0 0 0 0 ,8 1,24 1
12	3 0 0 1 0 0 ,19 3
14	3 0 1 0 0 0 ,12 2
16	19 1 0 0 0 0 ,4 1
17	10 1 1 0 0 0 ,5 2,22 1
20	14 0 0 0 1 0 ,23 4
23	2 0 1 0 0 0 ,14 2
24	24 0 0 0 0 1 ,1 5
25	8 1 1 2 1 0 ,1 3,4 4,7 3,11 1,25 2
26	9 0 0 0 3 3 ,1 4,9 5,20 5,21 4,24 5,26 4
28	11 1 0 0 0 0 ,5 1
29	8 0 1 0 0 0 ,11 2
33	19 0 0 0 0 1 ,6 5
35	8 0 1 0 1 0 ,0 2,2 4
38	8 0 0 0 1 0 ,16 4
43	4 0 1 0 0 1 ,3 2,23 5
47	4 0 0 0 1 0 ,10 4
48	23 0 0 1 0 0 ,9 3
49	10 0 1 0 0 0 ,20 2
52	6 0 0 0 0 1 ,15 5
53	23 0 0 1 0 1 ,1 5,9 3
54	9 0 1 0 0 0 ,24 2
56	9 0 0 1 0 1 ,4 5,21 3
58	8 1 0 0 0 1 ,0 1,22 5
62	14 0 0 0 0 1 ,23 5
64	4 0 1 0 1 0 ,3 2,8 4
65	19 0 0 0 1 0 ,17 4
66	10 0 0 0 1 0 ,22 4
68	8 0 0 0 0 1 ,0 5
69	16 0 2 0 0 0 ,9 2,26 2
71	10 0 0 1 0 0 ,20 3
73	6 1 0 0 0 0 ,15 1
74	7 0 1 0 0 1 ,13 5,18 2
76	11 0 1 2 0 0 ,5 3,8 2,25 3
77	10 0 1 0 0 1 ,13 5,26 2
78	8 1 0 0 0 2 ,7 1,9 5,25 5
79	19 0 0 0 1 0 ,6 4
81	9 0 0 0 0 1 ,2 5
82	9 1 0 1 0 1 ,4 5,6 3,24 1
84	8 0 0 1 0 0 ,7 3
85	24 0 0 0 0 1 ,1 5
86	16 0 0 0 0 1 ,8 5
91	19 0 0 0 0 1 ,17 5
92	3 1 0 0 1 0 ,12 1,16 4
93	9 0 1 0 0 0 ,21 2
96	24 0 1 0 0 0 ,1 2
98	7 0 1 0 0 1 ,18 5,26 2
