0	14 0 0 1 0 0 ,24 3
1	7 0 2 0 0 0 ,9 2,19 2
2	4 2 1 0 0 0 ,1 2,12 1,25 1
3	10 0 0 0 1 0 ,3 4
4	4 0 1 0 0 0 ,21 2
5	11 2 0 0 0 0 ,7 1,16 1
6	12 0 0 1 0 0 ,19 3
7	15 1 0 1 0 0 ,2 3,17 1
8	9 0 1 0 0 0 ,22 2
9	12 1 0 0 0 0 ,19 1
11	4 0 1 0 0 0 ,21 2
15	11 1 0 0 0 0 ,7 1
18	14 0 1 0 0 0 ,16 2
19	5 1 0 1 0 0 ,9 1,20 3
21	7 1 1 0 1 1 ,4 2,15 1,19 4,24 5
23	3 1 1 1 0 0 ,7 2,15 3,23 1
25	15 0 0 1 0 0 ,2 3
29	10 0 1 0 0 0 ,3 2
30	8 1 0 0 0 1 ,0 1,1 5
31	8 0 1 0 1 0 ,5 2,16 4
33	8 0 0 0 0 1 ,18 5
35	15 1 0 0 0 0 ,2 1
37	6 1 1 0 1 0 ,4 2,10 4,22 1
38	9 1 0 0 0 0 ,22 1
39	6 2 0 0 0 0 ,10 1,19 1
40	14 1 0 0 0 0 ,16 1
41	11 0 0 1 0 0 ,7 3
43	12 1 0 0 0 0 ,19 1
44	11 1 0 0 0 0 ,7 1
45	8 0 1 0 0 0 ,0 2
47	8 0 1 0 0 0 ,5 2
48	6 1 0 0 3 0 ,1 4,10 1,16 4,24 4
50	7 0 0 0 1 0 ,25 4
51	17 0 0 1 0 0 ,15 3
53	13 1 0 0 0 0 ,11 1
54	5 1 0 0 0 1 ,2 1,8 5
57	5 0 1 0 0 0 ,14 2
59	7 0 0 1 0 0 ,4 3
61	13 0 0 0 1 0 ,11 4
63	1 2 2 0 0 0 ,6 1,13 1,23 2,24 2
65	10 0 0 0 1 0 ,3 4
66	7 0 1 0 0 0 ,25 2
67	5 0 0 1 0 0 ,14 3
68	13 1 0 0 0 0 ,11 1
69	8 0 1 0 1 0 ,0 2,5 4
72	13 0 0 1 0 0 ,11 3
75	6 0 1 0 0 1 ,6 5,16 2
78	17 0 0 0 1 0 ,15 4
79	4 0 0 2 0 0 ,7 3,12 3
81	8 0 0 1 0 0 ,0 3
83	8 0 0 1 0 0 ,18 3
85	14 0 0 1 1 1 ,1 3,2 4,17 5
86	7 0 1 1 1 0 ,2 3,9 4,17 2
87	17 0 1 0 0 0 ,15 2
92	17 0 0 0 1 0 ,15 4
94	13 0 0 0 1 0 ,11 4
95	9 0 0 0 0 1 ,22 5
96	16 0 0 0 1 0 ,17 4
97	5 0 1 0 0 0 ,20 2
99	16 0 0 0 1 0 ,17 4
