2	5 1 0 0 0 0 ,4 1
4	14 0 0 0 0 1 ,10 5
8	5 0 0 1 0 1 ,18 3,27 5
9	15 0 0 0 0 1 ,16 5
11	10 0 1 0 0 0 ,21 2
12	8 1 0 0 1 0 ,7 4,9 1
13	22 0 0 1 0 1 ,0 3,20 5
14	9 1 0 0 1 0 ,14 4,21 1
15	10 0 0 0 1 0 ,26 4
16	10 0 0 0 2 1 ,0 5,1 4,25 4
17	3 0 0 1 0 0 ,15 3
18	8 0 1 0 0 1 ,5 5,7 2
19	10 0 0 0 1 1 ,3 4,11 5
21	8 0 1 1 0 0 ,3 2,19 3
22	10 1 0 1 0 0 ,10 3,26 1
23	10 0 0 1 1 2 ,6 5,8 4,10 3,12 5
24	13 0 0 0 0 1 ,8 5
25	5 0 0 0 1 0 ,4 4
26	5 0 1 0 0 0 ,24 2
29	15 0 1 0 0 0 ,16 2
30	8 1 0 0 0 0 ,19 1
31	23 1 0 0 0 0 ,20 1
32	15 0 0 0 1 0 ,16 4
36	9 0 0 1 0 1 ,9 3,11 5
37	8 0 1 0 1 0 ,17 2,20 4
38	10 1 0 0 0 0 ,21 1
39	25 0 0 0 1 0 ,11 4
40	2 1 0 0 0 0 ,2 1
41	8 0 1 0 0 0 ,19 2
42	13 0 0 0 1 1 ,6 5,20 4
43	25 0 0 0 1 0 ,11 4
44	8 0 0 0 1 0 ,17 4
45	2 2 0 0 1 0 ,2 1,23 4,26 1
46	11 0 1 0 0 0 ,1 2
47	16 0 1 0 0 0 ,23 2
49	23 0 0 0 0 1 ,20 5
50	11 0 0 1 0 0 ,5 3
52	23 0 0 0 1 0 ,20 4
53	9 0 0 0 0 2 ,9 5,29 5
54	16 0 1 0 0 0 ,23 2
55	25 0 0 0 1 0 ,11 4
57	5 0 1 1 0 0 ,23 3,24 2
58	10 0 0 0 1 0 ,25 4
59	10 0 1 0 0 0 ,25 2
60	5 1 0 0 0 0 ,24 1
61	22 0 0 0 1 0 ,0 4
63	8 0 2 0 0 1 ,12 5,17 2,19 2
65	3 1 0 1 0 0 ,21 1,28 3
69	11 0 0 1 0 0 ,5 3
70	13 0 1 0 0 0 ,8 2
71	5 1 0 0 0 0 ,18 1
72	5 0 0 0 0 3 ,14 5,23 5,30 5
75	10 0 0 0 1 0 ,3 4
77	5 1 0 0 0 0 ,18 1
80	8 0 1 0 0 0 ,7 2
81	22 0 0 0 0 1 ,0 5
82	10 0 0 0 0 1 ,21 5
83	22 0 0 0 0 1 ,0 5
84	13 0 1 1 1 0 ,8 2,11 3,16 4
86	1 1 0 0 0 0 ,13 1
88	14 0 1 0 0 0 ,10 2
89	11 0 0 0 0 1 ,1 5
90	4 0 0 0 1 0 ,22 4
91	9 0 0 0 1 0 ,29 4
92	10 1 0 0 0 0 ,26 1
93	14 1 0 0 0 0 ,10 1
94	10 0 1 0 0 0 ,26 2
95	10 1 0 0 0 0 ,26 1
97	13 0 0 1 0 0 ,6 3
