0	5 0 1 1 0 0 ,19 3,31 2
1	16 0 0 0 0 1 ,34 5
2	9 2 0 0 0 0 ,0 1,5 1
3	18 0 0 0 1 0 ,26 4
4	7 0 1 0 1 0 ,22 4,28 2
8	16 0 1 0 0 0 ,34 2
9	5 2 1 0 0 0 ,20 1,23 2,25 1
11	6 1 0 1 0 0 ,3 3,6 1
12	6 1 0 1 0 0 ,3 3,12 1
13	8 0 2 1 0 0 ,13 2,19 2,26 3
14	18 0 1 0 0 0 ,12 2
15	2 1 0 1 0 0 ,5 3,24 1
16	11 0 1 1 0 0 ,21 2,29 3
17	6 0 0 0 1 1 ,14 5,33 4
20	7 0 0 1 1 0 ,1 4,6 3
21	17 0 0 0 2 1 ,4 4,7 5,17 4
22	8 0 1 1 0 0 ,10 3,19 2
23	2 1 0 0 0 0 ,8 1
25	4 0 1 1 1 0 ,7 4,11 2,27 3
26	6 0 1 0 1 1 ,0 2,14 5,18 4
28	7 2 0 0 0 0 ,20 1,22 1
30	11 0 1 0 1 0 ,11 4,30 2
31	6 1 1 0 0 0 ,12 1,18 2
32	3 0 0 1 0 1 ,2 3,5 5
33	11 0 2 0 0 0 ,16 2,21 2
34	2 2 0 0 0 0 ,8 1,16 1
36	8 1 1 0 0 1 ,0 2,13 5,21 1
37	12 0 0 0 1 0 ,16 4
39	17 0 0 2 0 0 ,4 3,29 3
40	11 0 1 0 0 1 ,11 5,34 2
41	18 0 0 0 1 0 ,26 4
42	7 1 0 1 0 0 ,22 1,29 3
43	16 0 0 0 1 0 ,1 4
44	5 0 3 0 0 0 ,6 2,20 2,25 2
46	9 0 0 1 0 0 ,0 3
48	7 1 0 0 0 0 ,22 1
51	13 0 0 0 0 1 ,15 5
54	17 0 0 0 1 1 ,7 4,17 5
57	11 0 0 1 0 1 ,16 5,21 3
58	16 0 1 0 1 0 ,1 4,19 2
59	8 1 1 0 0 0 ,32 1,34 2
60	9 1 0 0 0 0 ,0 1
62	11 0 0 1 1 1 ,12 5,21 3,28 4
63	11 1 0 1 0 0 ,7 3,9 1
64	19 0 0 1 0 1 ,4 3,7 5
65	9 0 0 0 0 1 ,20 5
66	17 0 1 0 0 0 ,17 2
69	13 0 0 1 0 0 ,15 3
71	11 0 1 1 0 1 ,9 5,19 3,30 2
72	2 1 0 1 0 2 ,15 5,24 1,28 3,29 5
73	19 0 1 0 0 0 ,4 2
75	13 0 0 0 2 1 ,1 4,28 4,34 5
76	11 0 1 1 0 0 ,9 3,30 2
78	7 1 0 0 0 0 ,6 1
79	5 1 0 2 1 0 ,4 4,23 3,29 3,31 1
80	14 0 1 0 0 0 ,30 2
81	8 0 0 1 0 2 ,10 5,26 5,32 3
85	18 0 1 0 0 1 ,7 5,26 2
86	14 1 0 0 0 0 ,30 1
87	18 0 0 1 1 0 ,4 3,12 4
89	8 1 1 0 0 0 ,9 2,13 1
90	14 0 1 0 0 0 ,5 2
91	5 0 1 0 0 1 ,19 5,25 2
92	4 1 0 0 0 0 ,27 1
93	14 0 1 0 0 1 ,17 2,30 5
94	17 0 0 0 1 0 ,17 4
95	6 0 1 0 0 1 ,12 5,33 2
98	5 0 1 0 1 0 ,31 2,32 4
99	14 0 0 1 0 0 ,5 3
