3	14 0 0 0 0 1 ,13 5
4	14 0 0 1 1 0 ,6 4,13 3
5	9 0 0 0 0 2 ,0 5,14 5
7	17 0 1 0 0 0 ,4 2
8	17 0 0 0 1 0 ,4 4
10	15 0 0 1 0 1 ,6 3,12 5
12	15 0 0 1 0 0 ,6 3
15	11 0 0 1 0 0 ,7 3
16	17 1 0 0 0 0 ,4 1
19	14 0 1 0 0 1 ,10 5,12 2
21	4 0 0 1 0 0 ,9 3
22	4 0 1 0 0 0 ,8 2
24	14 0 0 0 0 1 ,13 5
26	11 1 0 1 0 0 ,1 1,7 3
27	17 0 1 0 0 0 ,4 2
28	4 1 0 0 1 0 ,3 4,9 1
29	11 1 0 0 0 0 ,7 1
33	11 0 0 0 1 0 ,7 4
34	14 0 0 1 0 0 ,10 3
35	14 1 0 0 0 0 ,13 1
36	13 0 1 0 0 1 ,1 2,12 5
38	13 0 0 0 1 0 ,1 4
41	9 0 0 0 1 0 ,14 4
42	13 1 0 0 0 0 ,1 1
43	3 0 1 0 0 0 ,5 2
45	15 0 1 1 0 0 ,4 3,6 2
49	6 0 0 1 0 0 ,15 3
52	14 0 0 1 0 0 ,0 3
53	14 1 1 0 0 0 ,0 1,6 2
62	14 0 0 0 0 1 ,10 5
76	17 0 0 0 0 1 ,4 5
77	6 0 0 1 0 0 ,15 3
78	21 0 0 0 1 0 ,12 4
79	15 1 0 0 0 0 ,6 1
83	3 1 0 0 0 0 ,5 1
85	13 0 1 0 0 0 ,1 2
86	13 0 0 1 0 1 ,1 3,12 5
89	6 0 1 0 0 0 ,2 2
90	1 2 0 0 0 0 ,0 1,11 1
91	14 1 0 0 0 0 ,10 1
97	4 0 1 0 1 0 ,0 4,8 2
98	6 0 0 0 1 0 ,2 4
