0	16 0 0 1 0 1 ,9 5,31 3
3	7 0 1 0 1 0 ,12 4,18 2
4	23 1 0 0 0 0 ,13 1
5	9 0 0 0 0 2 ,21 5,30 5
6	9 1 1 1 0 0 ,22 3,25 1,27 2
7	4 1 0 1 1 1 ,16 5,24 3,35 4,37 1
8	8 1 0 0 1 0 ,0 4,11 1
9	14 0 0 0 1 0 ,16 4
10	8 1 0 2 0 0 ,24 1,28 3,33 3
11	7 1 0 0 0 0 ,26 1
12	24 0 0 0 1 0 ,9 4
14	9 0 1 0 0 0 ,22 2
15	7 0 0 1 0 0 ,5 3
17	23 0 0 1 0 0 ,13 3
18	25 0 0 0 0 1 ,33 5
19	15 0 0 0 0 1 ,18 5
21	5 0 0 1 0 0 ,1 3
23	6 1 0 1 0 0 ,23 1,38 3
25	8 1 1 0 0 0 ,6 2,11 1
26	12 0 1 0 0 0 ,37 2
27	3 0 1 1 0 0 ,14 3,20 2
28	5 0 1 0 0 1 ,1 2,31 5
29	4 0 1 0 0 0 ,36 2
30	15 0 0 0 1 0 ,32 4
31	23 0 0 0 1 0 ,13 4
32	7 0 2 0 0 0 ,6 2,15 2
33	7 0 1 0 0 1 ,15 5,21 2
34	7 0 0 1 0 0 ,12 3
35	6 0 1 1 0 0 ,32 2,39 3
36	23 0 0 0 0 1 ,13 5
38	9 0 1 0 0 0 ,7 2
39	8 0 1 0 0 1 ,9 5,11 2
40	6 2 1 0 0 0 ,21 2,23 1,31 1
42	15 0 0 0 2 1 ,13 5,18 4,20 4
43	6 0 2 0 1 0 ,23 2,26 2,32 4
44	17 0 0 1 0 0 ,27 3
45	7 1 0 0 0 1 ,5 1,20 5
46	1 1 0 1 1 1 ,0 3,6 5,30 4,34 1
48	15 1 0 0 1 0 ,24 1,27 4
49	8 0 1 0 0 1 ,2 2,31 5
50	11 1 1 1 0 2 ,0 2,3 5,18 1,27 3,33 5
52	9 0 1 0 0 0 ,7 2
53	15 0 0 0 1 0 ,32 4
54	11 1 0 0 0 0 ,0 1
55	6 0 0 1 0 0 ,38 3
56	7 0 0 1 0 0 ,26 3
57	15 0 0 1 0 0 ,24 3
60	17 0 0 0 1 0 ,3 4
61	18 0 0 0 0 1 ,20 5
63	14 0 0 0 0 2 ,16 5,25 5
64	9 0 2 0 0 0 ,7 2,37 2
66	7 0 0 1 0 0 ,5 3
69	10 1 0 0 0 1 ,17 5,21 1
70	8 2 1 0 1 0 ,11 1,25 2,31 1,37 4
71	4 2 1 0 0 0 ,6 2,17 1,36 1
72	6 1 1 0 2 0 ,2 1,22 4,23 2,24 4
73	1 1 0 0 0 0 ,29 1
75	16 0 0 0 0 1 ,25 5
76	13 0 1 1 0 0 ,6 2,25 3
77	4 1 1 1 2 0 ,3 4,9 4,17 2,24 3,36 1
79	11 1 1 0 0 0 ,0 1,20 2
80	16 1 0 0 0 0 ,31 1
82	10 1 0 1 0 0 ,8 3,9 1
83	2 1 1 0 0 1 ,4 2,19 1,33 5
84	25 0 0 0 1 0 ,33 4
85	17 1 0 0 0 0 ,3 1
86	8 0 0 0 0 1 ,2 5
87	15 0 0 1 0 1 ,13 5,18 3
88	8 0 0 2 0 0 ,7 3,11 3
89	8 0 0 0 0 2 ,27 5,28 5
90	12 0 0 1 1 0 ,17 4,33 3
92	10 0 1 0 0 0 ,8 2
93	6 0 0 3 0 0 ,3 3,37 3,39 3
95	24 0 0 0 0 1 ,9 5
97	1 2 0 0 0 1 ,8 5,10 1,26 1
98	6 0 0 0 0 1 ,19 5
99	15 1 0 0 0 0 ,32 1
