0	8 0 0 1 1 1 ,1 5,31 4,34 3
1	17 0 0 2 0 0 ,23 3,32 3
2	10 1 1 1 0 0 ,7 3,13 2,19 1
3	16 0 0 0 1 0 ,9 4
4	15 0 1 1 1 0 ,2 3,15 2,37 4
5	15 0 0 0 1 0 ,2 4
6	12 0 0 0 0 1 ,10 5
7	13 1 0 2 1 0 ,1 3,13 3,21 4,24 1
11	2 0 1 1 0 0 ,7 3,27 2
12	12 0 1 1 0 1 ,16 2,25 5,37 3
13	16 0 1 0 0 0 ,9 2
14	17 0 1 0 0 0 ,23 2
15	21 0 0 0 0 1 ,37 5
16	13 1 0 1 1 0 ,2 1,15 3,16 4
17	19 0 0 1 0 1 ,28 5,37 3
19	12 0 0 1 0 0 ,36 3
20	12 0 0 0 1 0 ,25 4
21	13 0 1 0 0 1 ,16 5,21 2
23	7 0 0 0 1 0 ,35 4
25	2 1 1 0 0 1 ,0 5,5 1,6 2
26	19 0 0 0 1 0 ,26 4
27	12 0 0 0 0 1 ,18 5
28	1 1 0 0 0 0 ,11 1
29	3 0 0 1 0 0 ,12 3
30	4 0 1 0 0 0 ,33 2
31	6 0 0 1 0 0 ,17 3
32	9 0 0 2 0 1 ,0 5,8 3,24 3
34	13 2 0 0 0 0 ,2 1,24 1
35	6 0 1 0 0 0 ,38 2
36	12 1 0 0 0 0 ,36 1
37	9 1 0 1 0 0 ,23 3,29 1
38	10 0 1 0 1 0 ,7 4,37 2
39	19 0 0 0 1 1 ,28 4,32 5
41	16 1 0 0 0 0 ,21 1
43	6 0 0 1 1 0 ,13 3,38 4
44	6 0 1 3 0 0 ,17 3,19 3,29 3,39 2
46	9 1 0 0 0 1 ,4 5,9 1
47	12 1 0 0 0 0 ,5 1
48	12 1 0 0 0 0 ,36 1
50	14 0 1 0 0 0 ,13 2
51	3 0 0 1 0 1 ,14 3,20 5
52	6 0 2 0 0 0 ,3 2,20 2
53	9 1 0 0 0 0 ,8 1
54	9 0 0 0 1 0 ,8 4
55	5 0 0 1 0 1 ,22 5,34 3
57	15 0 0 0 1 1 ,1 5,37 4
58	17 0 1 0 0 0 ,15 2
59	6 0 0 0 1 0 ,3 4
60	12 0 1 0 0 0 ,10 2
61	12 0 0 2 0 0 ,15 3,25 3
62	9 0 0 0 1 1 ,26 5,39 4
63	12 1 0 0 0 0 ,5 1
65	15 1 1 0 1 0 ,1 2,2 1,32 4
66	22 0 1 0 0 0 ,32 2
67	13 0 0 1 1 1 ,19 3,24 4,28 5
71	11 1 1 0 1 1 ,13 4,15 2,20 1,28 5
72	16 0 0 0 0 1 ,9 5
73	13 0 1 0 0 0 ,19 2
74	17 0 0 0 0 1 ,15 5
75	22 0 0 1 0 0 ,32 3
76	4 1 0 0 0 0 ,33 1
77	17 0 0 0 1 0 ,23 4
78	9 0 0 0 0 1 ,29 5
80	12 0 0 0 1 0 ,36 4
81	9 2 0 0 0 0 ,0 1,8 1
84	12 0 1 1 2 0 ,16 2,18 3,21 4,26 4
85	4 1 0 0 3 0 ,5 4,9 4,18 4,33 1
87	12 0 0 0 0 1 ,10 5
89	7 0 0 2 0 0 ,31 3,35 3
91	8 0 1 0 1 0 ,24 4,34 2
92	17 0 0 1 1 1 ,23 4,26 3,32 5
93	17 1 0 0 0 0 ,23 1
94	14 0 1 0 0 0 ,31 2
95	11 0 0 1 0 1 ,20 3,31 5
96	9 0 0 1 1 1 ,2 5,4 4,26 3
97	4 0 0 1 1 1 ,0 3,5 5,30 4
98	9 0 0 1 2 0 ,0 4,19 4,39 3
99	12 0 0 1 0 1 ,21 5,36 3
