1	13 0 1 0 0 0 ,8 2
3	18 0 0 0 0 1 ,20 5
4	9 0 0 1 0 0 ,29 3
5	12 1 0 0 1 0 ,2 1,16 4
7	8 0 1 1 1 0 ,7 4,16 2,20 3
8	15 0 0 0 0 1 ,21 5
9	11 0 1 0 0 0 ,23 2
10	18 0 0 0 1 0 ,16 4
13	19 0 0 1 0 0 ,9 3
15	19 0 1 0 0 0 ,4 2
16	19 0 0 0 0 1 ,4 5
17	10 1 0 0 0 0 ,24 1
18	9 1 0 0 0 0 ,29 1
20	16 0 0 0 1 0 ,5 4
21	18 0 0 0 1 1 ,6 5,16 4
22	4 0 1 1 0 0 ,5 2,11 3
24	18 0 1 0 0 0 ,1 2
25	18 0 0 1 0 0 ,20 3
26	4 1 0 1 1 0 ,0 1,5 4,23 3
27	2 0 1 1 0 0 ,6 3,26 2
28	10 0 1 1 0 0 ,8 3,17 2
29	11 1 2 0 1 0 ,3 4,4 2,20 2,23 1
31	8 1 0 0 0 0 ,7 1
32	15 0 0 0 0 1 ,12 5
33	15 1 0 0 0 0 ,12 1
35	13 1 0 0 0 0 ,8 1
36	19 0 0 0 0 1 ,4 5
40	12 0 0 0 0 1 ,2 5
41	21 0 0 1 0 0 ,3 3
45	10 0 0 0 0 1 ,19 5
46	10 0 0 1 0 0 ,17 3
47	13 0 1 0 0 0 ,8 2
48	19 0 0 0 0 1 ,9 5
49	1 1 0 0 0 0 ,15 1
51	21 0 0 0 0 1 ,3 5
52	6 0 0 1 0 0 ,18 3
53	15 0 0 1 0 0 ,12 3
54	17 0 0 2 0 0 ,1 3,27 3
55	10 0 0 1 0 0 ,19 3
57	10 0 1 0 0 0 ,24 2
58	21 0 0 0 1 0 ,3 4
59	19 0 0 0 0 1 ,9 5
60	11 0 2 0 0 0 ,4 2,23 2
62	17 0 0 0 1 0 ,27 4
64	16 0 2 0 0 0 ,5 2,9 2
65	19 0 1 0 0 0 ,9 2
66	21 0 0 1 1 0 ,3 4,6 3
67	13 0 0 0 0 1 ,8 5
68	4 1 1 1 0 1 ,1 5,11 1,12 3,20 2
69	9 0 2 0 0 0 ,9 2,29 2
70	18 0 1 0 0 0 ,1 2
71	4 0 1 0 1 0 ,13 4,17 2
72	10 0 1 0 0 0 ,19 2
74	17 0 0 0 1 0 ,27 4
75	6 0 0 1 0 1 ,14 5,18 3
76	19 0 0 1 0 0 ,4 3
77	18 0 1 0 0 0 ,1 2
78	1 1 0 0 0 0 ,10 1
79	16 0 0 0 2 0 ,1 4,5 4
80	4 0 0 1 0 0 ,0 3
81	18 0 0 1 0 1 ,6 5,20 3
82	7 0 1 1 0 0 ,14 2,22 3
83	15 0 0 0 0 1 ,21 5
84	9 0 0 1 0 0 ,29 3
85	13 3 0 0 0 0 ,3 1,14 1,27 1
86	7 0 0 0 1 0 ,22 4
87	12 0 0 0 1 0 ,2 4
89	1 1 0 1 0 0 ,23 3,28 1
90	8 1 0 0 0 0 ,7 1
91	12 0 1 0 0 3 ,2 2,6 5,21 5,27 5
92	10 0 0 1 0 0 ,24 3
94	10 1 0 0 0 0 ,24 1
95	2 0 1 0 0 0 ,25 2
96	8 0 1 0 0 1 ,7 2,14 5
97	10 0 0 2 1 0 ,12 3,16 4,17 3
99	10 0 0 1 0 0 ,24 3
