3	13 0 1 0 0 0 ,11 2
4	8 1 0 0 0 0 ,8 1
5	17 0 1 0 0 1 ,0 2,13 5
6	9 1 1 0 0 1 ,3 1,11 5,15 2
11	4 0 1 0 1 0 ,1 4,10 2
13	22 0 0 0 1 0 ,4 4
15	22 1 0 0 0 0 ,4 1
17	14 0 0 0 0 2 ,13 5,15 5
18	11 0 0 1 0 0 ,2 3
19	3 0 0 1 0 0 ,19 3
20	17 0 1 0 0 0 ,0 2
21	21 0 0 0 0 1 ,13 5
22	11 0 0 0 1 0 ,6 4
27	7 1 0 0 0 1 ,6 5,18 1
28	11 0 0 1 1 0 ,2 3,14 4
29	17 0 0 0 0 1 ,0 5
32	12 1 0 0 0 1 ,9 1,14 5
33	14 0 0 0 1 1 ,5 5,15 4
34	21 0 1 0 0 0 ,13 2
36	13 1 0 0 0 0 ,11 1
37	17 0 0 0 1 0 ,5 4
38	10 0 0 0 0 1 ,16 5
40	9 1 0 0 1 0 ,2 1,3 4
42	13 0 0 0 1 0 ,9 4
44	9 0 0 0 1 0 ,3 4
46	22 0 0 0 0 1 ,4 5
47	21 0 0 0 1 0 ,13 4
52	12 0 0 0 0 1 ,10 5
55	22 0 0 0 0 1 ,4 5
56	13 0 0 1 0 1 ,0 5,9 3
58	17 0 0 0 1 0 ,5 4
62	4 0 0 0 1 0 ,12 4
65	4 0 0 0 1 0 ,17 4
66	14 0 0 1 0 0 ,15 3
68	12 0 0 0 1 0 ,10 4
69	2 0 3 0 0 0 ,5 2,7 2,11 2
71	13 0 1 0 0 0 ,11 2
73	17 0 0 1 0 0 ,0 3
76	13 1 0 0 0 0 ,11 1
78	13 0 0 0 0 1 ,9 5
80	12 1 0 0 0 0 ,10 1
81	12 0 0 1 0 0 ,14 3
82	7 0 0 0 1 0 ,18 4
83	8 0 0 1 0 2 ,4 5,8 3,16 5
84	11 0 1 0 0 0 ,6 2
86	7 0 1 0 1 0 ,8 4,18 2
90	22 0 1 0 0 0 ,4 2
96	17 0 1 0 0 0 ,5 2
99	11 0 0 0 1 0 ,2 4
