2	22 0 0 1 0 0 ,13 3
3	12 1 0 0 1 0 ,5 1,24 4
4	11 0 0 0 0 1 ,15 5
5	11 1 1 0 0 0 ,7 2,18 1
6	14 1 0 0 0 0 ,27 1
7	7 1 0 1 0 0 ,22 3,23 1
8	11 0 0 0 2 0 ,0 4,11 4
9	10 0 0 1 0 0 ,3 3
10	22 1 0 0 0 0 ,13 1
13	11 1 0 0 1 0 ,0 4,16 1
15	11 1 0 0 1 0 ,10 4,23 1
16	11 0 1 0 0 1 ,5 5,15 2
17	16 0 1 0 1 0 ,10 4,16 2
18	18 0 1 0 0 0 ,10 2
19	13 0 0 1 0 0 ,11 3
20	10 0 0 0 1 2 ,1 4,3 5,13 5
24	3 0 0 1 0 0 ,28 3
27	9 1 0 0 0 0 ,2 1
28	12 0 0 1 0 0 ,18 3
29	11 1 0 0 0 0 ,14 1
30	18 0 0 1 0 0 ,10 3
31	18 0 1 0 0 0 ,10 2
33	5 0 0 0 1 1 ,5 4,25 5
34	12 1 0 0 0 1 ,5 5,18 1
35	18 0 0 1 0 0 ,10 3
36	8 0 0 1 0 0 ,17 3
37	14 0 0 1 0 0 ,27 3
38	12 0 0 2 0 0 ,11 3,30 3
39	9 2 1 0 0 1 ,2 1,14 5,15 1,24 2
41	2 2 0 0 0 0 ,1 1,8 1
42	12 1 0 0 0 1 ,18 5,30 1
43	11 0 0 0 1 0 ,23 4
44	7 0 0 0 1 0 ,29 4
45	11 0 1 1 0 0 ,0 3,24 2
46	11 0 1 0 0 0 ,23 2
47	16 0 0 0 0 1 ,16 5
49	13 1 0 0 0 0 ,26 1
51	2 1 0 0 0 0 ,8 1
52	22 0 0 0 1 0 ,13 4
53	16 0 0 1 0 0 ,16 3
55	12 1 0 0 1 0 ,5 4,30 1
56	11 0 2 0 0 0 ,1 2,7 2
57	11 0 1 0 1 0 ,7 4,24 2
58	11 0 0 1 0 0 ,7 3
59	14 0 0 0 1 0 ,27 4
61	9 0 1 0 0 0 ,2 2
63	5 0 0 0 1 1 ,9 5,16 4
64	5 0 0 0 0 2 ,6 5,12 5
67	7 0 0 1 0 1 ,1 5,29 3
68	13 1 0 1 1 0 ,11 3,16 1,26 4
69	9 1 0 0 1 2 ,1 1,2 4,13 5,30 5
72	14 0 0 0 1 0 ,27 4
73	11 1 0 0 0 1 ,18 1,21 5
74	5 0 1 0 0 1 ,4 5,30 2
76	11 0 0 1 1 0 ,13 4,15 3
77	11 1 0 0 0 0 ,23 1
79	11 0 0 0 0 1 ,21 5
80	12 1 0 0 0 0 ,18 1
81	11 1 0 0 0 1 ,14 5,21 1
82	13 0 0 0 1 0 ,26 4
83	3 0 0 1 0 0 ,19 3
86	10 0 2 0 0 0 ,3 2,27 2
87	7 0 0 0 1 0 ,22 4
88	8 0 1 0 0 1 ,17 5,24 2
90	13 0 0 0 1 0 ,26 4
91	14 1 0 0 0 0 ,1 1
92	9 0 0 0 1 1 ,5 4,20 5
94	9 0 0 0 1 0 ,20 4
95	9 1 0 0 0 0 ,2 1
98	11 0 1 0 0 0 ,23 2
