0	9 0 1 1 0 0 ,9 3,23 2
2	5 0 0 0 0 1 ,7 5
4	3 0 1 0 0 1 ,6 2,28 5
5	10 1 0 0 0 2 ,0 1,2 5,10 5
6	20 0 0 1 0 0 ,30 3
7	20 0 0 0 1 0 ,2 4
8	14 0 0 1 0 0 ,8 3
9	13 1 0 0 0 0 ,15 1
10	17 0 1 0 0 0 ,28 2
11	7 1 0 1 1 1 ,0 3,16 5,18 4,24 1
12	9 0 0 0 2 0 ,9 4,17 4
13	5 0 0 2 0 1 ,17 5,29 3,30 3
14	13 0 0 0 1 0 ,15 4
16	17 0 0 0 0 1 ,26 5
18	19 0 0 0 1 0 ,16 4
19	4 1 0 2 1 0 ,8 3,11 1,20 3,25 4
21	13 0 0 0 0 1 ,18 5
23	12 1 0 1 0 0 ,5 3,11 1
26	13 1 0 0 0 1 ,13 5,18 1
27	13 0 1 0 0 0 ,27 2
30	17 0 0 1 0 0 ,26 3
31	3 0 0 1 0 0 ,3 3
32	17 0 1 0 0 0 ,28 2
33	20 1 0 0 0 0 ,2 1
34	13 0 0 1 0 1 ,13 5,27 3
35	7 3 0 0 0 0 ,0 1,2 1,24 1
36	5 0 0 0 0 1 ,4 5
37	13 1 1 0 0 0 ,8 1,18 2
38	5 1 0 1 0 0 ,15 3,25 1
39	13 1 0 1 0 0 ,13 3,27 1
41	3 1 0 0 0 0 ,6 1
42	18 0 0 0 0 1 ,13 5
43	12 0 0 0 1 0 ,11 4
45	8 1 0 0 0 0 ,1 1
46	22 0 0 0 0 1 ,17 5
48	13 0 0 0 1 0 ,27 4
49	4 2 0 0 0 0 ,16 1,20 1
50	4 1 0 0 1 0 ,1 4,12 1
52	15 0 1 0 0 0 ,10 2
53	13 0 1 1 0 0 ,14 2,27 3
55	13 0 0 0 1 1 ,5 5,17 4
56	17 0 0 1 1 0 ,2 4,28 3
57	19 0 0 0 0 1 ,16 5
58	16 0 1 0 0 0 ,23 2
59	20 0 0 0 0 1 ,30 5
60	20 0 0 0 0 1 ,2 5
61	13 0 1 0 0 0 ,5 2
62	4 1 0 0 0 1 ,0 5,12 1
67	14 0 1 1 0 0 ,8 2,17 3
68	5 0 0 1 0 0 ,21 3
69	17 1 0 0 1 0 ,16 1,28 4
70	12 0 0 0 1 0 ,11 4
71	16 0 0 0 1 0 ,23 4
73	9 0 1 0 1 1 ,8 5,9 2,14 4
74	13 1 1 1 0 1 ,5 2,10 3,18 1,23 5
76	20 0 0 0 0 1 ,30 5
79	17 1 0 0 0 0 ,28 1
80	17 0 0 0 0 1 ,26 5
81	16 1 0 0 0 0 ,23 1
82	4 0 1 0 0 0 ,12 2
83	15 0 0 1 1 1 ,10 5,14 3,26 4
85	5 1 0 0 1 0 ,22 1,30 4
89	12 0 1 0 0 0 ,11 2
90	5 0 0 1 1 0 ,14 3,22 4
91	7 0 1 1 0 1 ,16 3,23 2,24 5
92	5 0 1 0 1 0 ,14 4,21 2
94	13 0 0 0 0 1 ,15 5
95	22 1 0 0 0 0 ,17 1
96	5 0 1 0 0 0 ,29 2
97	8 0 0 1 0 0 ,1 3
98	5 1 0 0 0 1 ,5 1,19 5
