1	8 0 1 0 3 1 ,4 5,9 4,11 4,17 2,29 4
2	9 0 0 0 1 1 ,17 4,26 5
4	9 2 0 0 0 0 ,17 1,26 1
5	8 2 1 0 0 1 ,1 2,3 1,4 1,35 5
6	6 1 0 0 0 0 ,6 1
7	18 1 0 0 1 0 ,15 4,33 1
8	19 0 1 0 0 0 ,31 2
10	14 0 0 0 1 0 ,8 4
12	7 0 0 2 0 1 ,12 3,21 5,31 3
14	21 0 0 0 0 1 ,21 5
16	14 0 0 1 0 0 ,17 3
17	9 1 1 0 0 0 ,16 1,33 2
18	8 0 0 0 1 1 ,3 4,31 5
19	15 0 0 0 0 2 ,1 5,34 5
20	9 0 0 1 0 0 ,32 3
22	22 0 0 0 1 0 ,15 4
23	14 0 0 1 0 0 ,22 3
26	3 0 1 0 1 0 ,27 2,32 4
27	8 1 1 1 1 0 ,3 1,15 3,17 2,34 4
29	19 0 0 1 0 0 ,31 3
30	6 0 0 0 1 0 ,5 4
31	8 1 0 0 0 1 ,11 1,24 5
32	3 1 1 1 0 0 ,4 1,18 2,28 3
33	4 0 0 0 1 0 ,25 4
34	8 1 0 0 0 0 ,29 1
37	6 1 0 2 0 1 ,0 3,6 1,21 3,22 5
38	6 1 0 1 1 0 ,6 4,10 1,16 3
40	19 1 0 0 0 0 ,9 1
46	14 0 0 0 1 0 ,7 4
49	2 0 1 0 2 0 ,2 2,7 4,30 4
50	6 1 2 0 0 0 ,23 2,24 1,32 2
52	12 1 0 1 0 0 ,9 1,10 3
53	14 0 0 0 1 0 ,22 4
55	13 0 1 1 0 0 ,15 2,35 3
56	4 0 0 0 2 0 ,13 4,34 4
57	21 1 0 0 0 0 ,21 1
58	19 0 0 0 0 1 ,31 5
61	17 0 0 0 0 1 ,1 5
62	3 1 0 0 1 0 ,9 4,27 1
64	18 0 0 0 0 1 ,33 5
65	18 0 1 0 0 0 ,33 2
66	19 0 0 0 1 0 ,9 4
67	6 0 0 0 2 0 ,0 4,23 4
68	15 0 1 0 0 0 ,34 2
69	14 0 0 1 1 0 ,7 4,33 3
70	14 0 0 0 0 1 ,0 5
72	2 1 1 0 0 0 ,14 2,18 1
75	9 0 0 0 1 2 ,15 5,16 5,35 4
76	7 0 1 0 1 2 ,9 5,11 2,12 4,21 5
77	3 0 0 1 0 0 ,20 3
80	10 0 0 1 1 0 ,4 3,8 4
81	14 0 1 0 1 0 ,0 2,8 4
82	8 2 0 0 0 0 ,11 1,35 1
83	14 1 1 0 0 0 ,1 1,17 2
85	12 0 0 0 0 1 ,10 5
86	14 0 2 0 0 0 ,7 2,22 2
87	18 0 0 0 0 1 ,33 5
88	9 0 1 0 0 0 ,26 2
89	8 0 1 0 1 1 ,15 4,24 5,29 2
90	17 0 0 0 1 0 ,1 4
91	8 1 0 0 0 0 ,29 1
92	6 1 2 0 0 0 ,5 2,8 2,26 1
93	12 0 0 1 0 0 ,10 3
94	1 1 1 0 0 0 ,3 2,19 1
96	19 1 0 0 0 0 ,31 1
97	21 0 1 0 0 0 ,21 2
