0	12 1 0 0 0 0 ,22 1
1	13 0 1 0 0 0 ,9 2
2	5 0 1 1 0 2 ,2 5,7 2,18 5,28 3
4	14 0 0 0 1 0 ,24 4
5	2 3 0 0 0 0 ,23 1,25 1,27 1
6	5 2 0 0 0 0 ,5 1,10 1
7	10 1 0 1 0 0 ,13 1,16 3
8	16 1 0 0 0 0 ,21 1
9	2 1 0 0 0 1 ,21 5,23 1
11	12 0 0 0 1 1 ,12 4,22 5
12	9 1 0 0 0 0 ,26 1
13	12 0 0 1 1 1 ,0 5,18 3,25 4
15	10 0 0 0 1 0 ,16 4
17	14 0 0 1 0 0 ,24 3
18	14 0 1 0 0 0 ,24 2
20	14 1 1 0 0 0 ,11 1,21 2
21	13 0 0 0 1 0 ,9 4
23	10 0 0 1 0 0 ,5 3
24	10 1 0 0 0 0 ,5 1
25	17 0 0 0 0 1 ,3 5
27	14 0 0 1 0 0 ,11 3
31	11 0 1 0 0 0 ,17 2
32	12 0 0 1 0 0 ,1 3
35	8 0 1 1 0 0 ,4 2,28 3
38	13 0 1 0 1 0 ,0 4,27 2
39	12 0 0 0 0 1 ,15 5
40	18 0 1 0 0 0 ,13 2
41	8 0 0 2 0 0 ,14 3,25 3
42	5 1 0 0 0 0 ,10 1
43	12 0 1 1 0 0 ,9 2,22 3
44	5 1 0 0 1 0 ,3 4,10 1
47	11 0 0 0 1 1 ,11 4,17 5
53	16 0 0 1 0 0 ,21 3
54	11 1 0 0 0 0 ,17 1
55	12 0 1 0 0 0 ,15 2
56	11 0 0 1 0 0 ,17 3
57	8 1 0 1 1 1 ,1 1,8 4,13 5,28 3
58	8 1 1 1 0 0 ,4 1,20 3,21 2
59	5 1 1 0 0 1 ,6 5,10 1,24 2
61	17 0 0 0 2 0 ,3 4,13 4
62	8 0 0 0 1 0 ,8 4
63	18 0 0 0 1 0 ,28 4
64	12 0 1 0 1 0 ,20 2,25 4
65	10 0 1 0 1 0 ,5 2,28 4
66	15 1 0 1 0 1 ,13 5,25 1,27 3
67	18 1 0 0 0 0 ,13 1
68	12 0 0 0 1 1 ,1 5,11 4
69	5 0 1 0 0 0 ,19 2
70	8 0 0 1 0 0 ,6 3
71	9 0 0 0 1 1 ,26 4,27 5
72	10 0 0 1 0 0 ,5 3
73	5 3 0 0 0 0 ,10 1,15 1,28 1
74	12 0 0 1 0 1 ,1 3,12 5
76	6 0 0 0 1 0 ,7 4
77	8 0 2 0 0 0 ,3 2,14 2
78	9 0 1 1 0 1 ,9 5,12 3,26 2
79	16 0 0 1 0 0 ,21 3
81	8 0 1 1 1 0 ,14 3,25 2,27 4
84	12 0 0 1 0 0 ,22 3
85	14 0 0 1 0 0 ,24 3
87	5 0 0 1 0 0 ,19 3
89	12 0 1 1 1 0 ,0 4,3 2,20 3
90	8 0 0 0 0 1 ,4 5
93	12 0 1 0 1 0 ,11 2,15 4
95	10 0 0 1 0 0 ,16 3
96	14 0 1 0 0 0 ,12 2
97	9 0 1 0 1 0 ,20 4,26 2
98	19 0 0 0 1 0 ,27 4
99	12 0 0 0 1 0 ,18 4
