2	4 1 1 0 0 0 ,7 1,14 2
3	17 0 0 1 0 0 ,11 3
6	6 0 1 0 0 0 ,3 2
8	14 0 0 1 0 0 ,9 3
10	2 0 1 1 0 0 ,6 3,21 2
13	18 0 1 0 0 0 ,16 2
17	7 0 0 0 1 1 ,10 4,18 5
18	8 0 0 1 0 1 ,6 3,8 5
22	6 0 1 0 0 0 ,22 2
24	10 0 0 1 0 0 ,10 3
26	8 0 1 1 0 0 ,10 3,13 2
28	8 0 1 1 0 0 ,8 2,11 3
29	11 0 1 0 0 0 ,4 2
30	8 0 0 1 1 0 ,5 4,17 3
32	16 1 0 0 0 0 ,0 1
35	19 1 0 0 0 0 ,19 1
38	12 0 1 0 0 0 ,5 2
41	16 0 0 1 0 0 ,0 3
42	9 2 0 0 0 0 ,7 1,12 1
45	11 1 0 0 1 1 ,2 1,9 5,20 4
46	6 2 0 0 1 0 ,1 1,11 4,20 1
47	18 0 0 0 1 0 ,16 4
51	15 0 0 0 1 0 ,6 4
52	8 0 0 0 0 1 ,13 5
53	6 1 1 0 1 0 ,0 2,5 1,22 4
57	11 0 0 0 1 0 ,4 4
58	6 0 0 0 2 1 ,3 4,5 4,19 5
59	8 1 0 0 0 0 ,13 1
61	19 0 0 1 0 0 ,19 3
62	18 0 0 1 0 1 ,16 5,19 3
63	9 0 1 1 0 1 ,4 5,7 2,20 3
64	3 0 0 2 0 0 ,11 3,15 3
68	14 1 0 0 1 0 ,9 1,20 4
70	14 0 1 0 0 0 ,9 2
73	18 0 0 0 1 0 ,20 4
74	18 0 0 1 0 1 ,16 5,19 3
76	16 0 0 1 0 0 ,0 3
77	8 1 0 0 0 0 ,8 1
78	19 0 0 0 1 0 ,19 4
82	18 1 0 0 0 0 ,16 1
83	6 0 0 0 0 2 ,1 5,12 5
84	11 1 0 0 1 0 ,2 4,11 1
85	14 0 0 1 0 0 ,9 3
86	16 0 0 1 0 0 ,0 3
87	16 0 1 0 0 1 ,12 5,20 2
88	7 0 1 0 0 0 ,18 2
89	18 1 0 0 0 0 ,16 1
90	4 0 2 0 1 0 ,0 4,2 2,14 2
92	9 0 0 0 0 3 ,6 5,7 5,12 5
94	8 0 0 1 0 0 ,17 3
95	12 1 0 1 0 0 ,5 1,11 3
97	8 0 1 0 0 0 ,17 2
98	11 0 0 0 1 0 ,2 4
