0	11 0 1 0 0 0 ,27 2
3	7 0 1 0 0 0 ,9 2
4	1 1 1 1 0 0 ,10 1,24 2,33 3
5	10 0 2 0 0 0 ,1 2,26 2
7	10 0 1 0 0 0 ,11 2
10	10 0 1 0 0 1 ,1 5,26 2
11	5 1 1 0 0 0 ,0 1,2 2
13	15 0 1 0 0 0 ,15 2
14	16 0 0 1 0 1 ,18 5,32 3
15	23 0 1 0 0 0 ,33 2
16	23 0 0 0 1 0 ,33 4
17	1 3 0 0 0 0 ,14 1,22 1,31 1
19	20 0 0 1 0 1 ,4 5,20 3
23	1 1 0 0 0 1 ,13 1,21 5
24	5 0 1 0 0 1 ,14 5,22 2
25	10 0 0 1 0 0 ,11 3
26	12 1 0 0 0 0 ,5 1
27	19 0 0 0 0 1 ,17 5
28	20 0 0 0 0 1 ,4 5
30	16 0 1 0 0 0 ,32 2
31	7 0 0 2 0 0 ,6 3,15 3
32	12 0 0 0 1 0 ,5 4
33	6 0 0 0 0 1 ,8 5
35	7 0 0 0 1 0 ,30 4
36	4 1 0 0 0 0 ,29 1
39	14 0 0 0 1 0 ,0 4
40	10 0 1 0 0 0 ,26 2
41	10 1 0 1 0 0 ,11 1,15 3
42	10 0 1 1 0 0 ,17 3,24 2
43	17 1 0 0 0 0 ,18 1
44	18 0 1 0 0 0 ,23 2
45	11 0 1 1 0 1 ,18 2,23 5,27 3
47	20 0 0 1 0 0 ,20 3
49	15 0 1 0 1 0 ,15 4,17 2
50	6 1 0 0 0 1 ,8 1,19 5
52	7 0 0 1 1 0 ,1 4,30 3
53	5 1 0 0 0 1 ,3 1,4 5
55	12 0 0 0 1 0 ,21 4
56	18 0 0 0 0 1 ,23 5
57	5 1 0 0 0 1 ,25 5,26 1
58	7 0 1 1 0 0 ,9 2,11 3
59	4 2 1 0 0 0 ,0 2,11 1,29 1
61	3 0 1 1 0 0 ,15 2,28 3
62	4 0 1 0 0 0 ,29 2
63	8 0 0 0 0 2 ,16 5,23 5
65	11 0 0 0 1 1 ,17 5,27 4
68	11 0 1 0 0 1 ,4 5,27 2
71	7 1 1 0 0 1 ,9 2,20 5,24 1
72	10 1 0 0 0 2 ,18 5,21 1,24 5
75	6 1 0 0 0 0 ,19 1
76	10 1 0 1 0 1 ,5 3,7 5,20 1
77	20 0 0 0 0 1 ,20 5
79	5 1 1 1 0 1 ,2 3,15 1,22 2,33 5
80	7 0 0 0 1 1 ,0 5,6 4
81	10 0 0 0 0 2 ,7 5,32 5
82	21 0 0 0 0 1 ,1 5
84	16 0 0 0 1 1 ,18 4,32 5
85	8 0 0 1 0 1 ,1 5,16 3
86	12 0 1 0 0 0 ,21 2
87	5 2 0 0 2 0 ,3 4,12 1,32 1,33 4
88	23 0 0 0 0 1 ,33 5
91	10 0 0 1 0 0 ,26 3
92	12 1 0 0 1 0 ,5 4,23 1
93	20 0 0 1 0 0 ,20 3
94	14 0 1 0 0 0 ,0 2
95	7 1 0 0 0 0 ,9 1
96	6 0 0 0 0 1 ,12 5
99	19 0 0 0 1 0 ,17 4
