1	9 0 0 1 0 0 ,11 3
2	22 0 0 0 1 0 ,6 4
6	11 1 0 1 0 0 ,2 1,13 3
9	14 0 1 0 0 1 ,17 2,21 5
11	19 0 0 0 1 0 ,14 4
12	21 0 0 0 0 1 ,17 5
15	16 1 0 0 0 0 ,9 1
16	9 1 0 1 0 1 ,9 3,11 1,13 5
19	16 0 0 0 1 0 ,9 4
22	9 1 0 0 0 1 ,4 1,17 5
23	5 1 0 0 0 0 ,3 1
25	14 1 0 1 0 0 ,9 3,21 1
26	16 1 0 0 0 0 ,9 1
31	19 0 1 0 0 0 ,13 2
33	9 0 0 1 0 1 ,4 3,15 5
34	5 0 0 2 0 0 ,3 3,6 3
36	6 0 0 1 0 0 ,0 3
38	9 1 0 0 0 1 ,4 5,11 1
39	12 1 0 0 0 0 ,1 1
41	15 0 0 0 0 1 ,15 5
42	9 0 0 0 1 0 ,11 4
44	4 1 0 0 1 1 ,1 5,5 4,7 1
47	19 0 0 1 0 0 ,13 3
49	22 0 0 0 0 1 ,6 5
51	8 0 0 0 1 0 ,10 4
53	5 1 1 0 0 0 ,5 1,12 2
55	5 0 0 1 0 0 ,12 3
57	5 0 0 0 0 1 ,20 5
58	9 0 0 0 0 1 ,19 5
61	21 0 1 0 0 0 ,17 2
62	8 0 1 0 1 0 ,9 4,10 2
69	1 1 0 1 0 0 ,13 3,18 1
70	19 0 0 1 1 1 ,6 5,13 3,17 4
71	15 0 0 0 1 0 ,15 4
72	11 0 0 0 1 0 ,2 4
75	11 0 1 0 0 0 ,2 2
76	15 1 0 0 0 0 ,15 1
77	12 0 0 1 0 0 ,1 3
78	16 0 0 0 0 1 ,5 5
79	14 1 1 1 0 0 ,6 1,17 3,21 2
80	6 0 0 0 0 1 ,8 5
82	1 1 0 0 0 0 ,16 1
83	9 0 1 0 1 1 ,5 2,19 4,21 5
84	19 0 0 0 0 1 ,14 5
85	11 0 0 0 1 0 ,2 4
86	6 0 0 1 0 0 ,0 3
87	14 1 0 0 0 0 ,21 1
89	12 0 0 1 0 0 ,1 3
91	19 0 0 0 0 1 ,14 5
92	5 1 1 0 0 0 ,3 1,10 2
94	19 0 0 0 0 1 ,14 5
95	4 0 0 1 2 0 ,5 4,6 4,7 3
96	6 1 0 0 0 0 ,8 1
