0	11 0 0 1 0 0 ,17 3
1	11 1 0 0 1 1 ,9 4,19 5,28 1
2	10 0 0 1 0 0 ,15 3
3	15 1 0 0 0 1 ,9 5,22 1
4	11 1 0 0 0 1 ,13 5,25 1
5	10 1 0 0 0 0 ,29 1
7	12 1 0 0 0 1 ,19 5,21 1
8	11 0 0 0 0 1 ,20 5
9	11 1 1 0 0 0 ,10 2,20 1
10	6 0 0 0 0 2 ,0 5,11 5
11	12 1 0 0 0 0 ,14 1
12	12 0 1 0 0 0 ,14 2
15	7 0 1 0 0 0 ,3 2
16	10 1 2 0 0 1 ,10 5,13 1,15 2,18 2
17	11 0 0 0 1 1 ,5 4,18 5
18	10 2 1 0 1 0 ,15 1,17 2,18 1,19 4
19	10 1 0 2 0 0 ,14 1,17 3,29 3
20	14 0 0 0 0 2 ,10 5,19 5
21	11 1 0 0 0 0 ,17 1
23	8 0 0 0 0 1 ,8 5
25	8 0 2 0 0 0 ,8 2,28 2
26	11 0 1 0 0 0 ,25 2
27	14 0 0 0 1 0 ,11 4
30	11 0 0 1 0 0 ,25 3
31	6 0 1 0 1 0 ,2 4,16 2
32	17 0 2 0 0 0 ,18 2,23 2
33	13 0 0 1 0 0 ,24 3
34	12 1 1 0 0 0 ,21 2,22 1
35	11 0 1 0 0 0 ,17 2
40	4 0 0 1 0 0 ,1 3
41	4 2 1 0 0 0 ,0 1,6 1,26 2
42	15 0 1 0 0 0 ,22 2
43	15 0 0 0 0 1 ,12 5
44	23 0 0 0 1 0 ,19 4
46	10 1 0 0 0 1 ,16 1,28 5
47	14 0 0 1 0 1 ,13 5,22 3
48	15 0 0 0 0 1 ,22 5
49	8 2 0 0 0 0 ,8 1,16 1
50	15 0 0 1 0 0 ,9 3
51	10 0 1 0 0 1 ,14 5,16 2
52	11 1 0 1 0 0 ,5 1,9 3
55	12 0 0 0 1 0 ,21 4
56	10 0 1 2 0 1 ,14 3,15 2,18 5,22 3
58	8 0 0 1 0 1 ,4 3,23 5
59	15 0 1 0 0 0 ,12 2
60	10 1 0 0 0 1 ,15 1,25 5
61	7 0 0 0 0 1 ,3 5
62	15 0 0 0 0 1 ,12 5
63	9 0 0 0 1 0 ,6 4
69	17 0 0 0 1 0 ,23 4
70	11 0 1 0 0 1 ,20 5,24 2
71	4 0 2 0 0 0 ,10 2,26 2
72	20 0 0 0 0 1 ,18 5
73	8 0 0 2 0 0 ,4 3,6 3
74	10 0 0 1 0 0 ,29 3
75	11 0 0 1 0 0 ,5 3
79	10 1 1 0 0 0 ,15 1,28 2
81	8 0 1 0 0 1 ,4 2,11 5
82	13 0 0 1 0 0 ,24 3
84	4 2 0 0 0 0 ,1 1,23 1
85	10 0 0 1 0 0 ,29 3
86	13 0 1 0 0 0 ,24 2
89	11 0 1 0 1 0 ,5 2,23 4
90	11 1 0 0 0 0 ,5 1
91	14 0 0 1 0 0 ,13 3
92	10 0 0 0 1 0 ,16 4
93	4 1 0 0 1 0 ,23 1,27 4
94	9 1 0 0 0 0 ,6 1
95	6 0 1 2 0 1 ,2 2,12 3,21 5,24 3
96	3 0 0 1 0 0 ,7 3
99	11 1 0 0 0 0 ,28 1
