0	12 0 1 0 0 0 ,0 2
1	10 1 0 0 0 0 ,25 1
2	23 0 0 1 0 1 ,3 3,4 5
6	21 0 1 0 0 0 ,17 2
10	17 0 0 1 0 0 ,8 3
11	10 0 1 0 0 1 ,23 2,26 5
12	12 0 0 0 1 0 ,0 4
13	21 0 0 0 0 1 ,17 5
14	5 0 0 0 0 2 ,0 5,18 5
15	17 0 0 0 1 2 ,6 5,8 4,24 5
18	15 0 0 0 1 0 ,28 4
20	1 1 0 0 1 0 ,3 4,19 1
21	14 0 0 0 1 0 ,7 4
22	7 0 0 0 1 0 ,11 4
23	10 1 0 0 0 1 ,6 1,25 5
24	15 0 0 1 0 0 ,20 3
25	14 1 0 0 0 0 ,7 1
26	16 1 0 0 0 0 ,12 1
27	10 0 0 0 1 0 ,23 4
28	23 0 0 0 2 0 ,4 4,13 4
29	3 0 0 3 0 0 ,6 3,9 3,14 3
30	16 0 0 0 0 1 ,12 5
32	16 0 1 1 0 0 ,9 2,12 3
33	24 0 0 0 0 1 ,13 5
34	10 1 0 0 0 1 ,2 5,23 1
36	15 0 0 1 0 0 ,20 3
37	4 0 1 1 0 0 ,5 3,8 2
38	15 0 2 0 1 0 ,17 2,20 4,26 2
40	14 2 1 0 0 0 ,7 2,8 1,12 1
41	16 0 0 0 1 0 ,1 4
42	18 1 1 0 0 0 ,16 1,24 2
43	7 0 0 1 1 0 ,11 3,24 4
44	18 1 0 0 1 0 ,16 1,24 4
46	10 0 0 0 1 0 ,2 4
47	21 0 0 0 0 1 ,17 5
49	16 0 0 0 0 1 ,26 5
50	14 0 0 1 0 1 ,7 5,21 3
51	17 0 0 0 0 1 ,21 5
52	10 2 1 0 0 1 ,1 2,2 1,7 1,16 5
53	23 0 1 0 0 0 ,3 2
54	5 0 1 1 0 0 ,12 2,27 3
57	4 1 1 0 1 0 ,5 1,16 4,27 2
58	6 1 0 0 0 1 ,15 1,16 5
62	17 0 0 1 0 0 ,8 3
63	14 0 1 0 0 1 ,9 2,22 5
64	14 1 2 0 0 0 ,6 2,7 1,13 2
65	15 0 0 1 1 0 ,13 4,28 3
66	23 0 0 0 1 0 ,3 4
67	16 0 0 1 0 0 ,1 3
68	17 0 0 0 0 2 ,4 5,6 5
69	5 0 1 0 1 2 ,10 5,22 2,25 4,28 5
71	17 0 1 0 0 1 ,17 5,21 2
72	15 0 0 1 0 0 ,20 3
73	17 1 0 0 0 0 ,6 1
74	18 0 0 1 0 0 ,24 3
75	17 0 0 1 0 0 ,9 3
77	16 0 0 1 0 1 ,1 3,13 5
78	6 0 0 1 0 1 ,15 5,21 3
79	14 0 0 1 0 1 ,16 3,22 5
80	16 0 0 0 1 1 ,3 5,26 4
81	16 0 0 1 0 0 ,1 3
82	17 0 0 0 0 1 ,9 5
83	17 0 0 0 2 1 ,3 5,4 4,21 4
85	10 0 1 0 0 0 ,23 2
88	16 1 1 0 1 0 ,1 1,8 4,17 2
89	15 0 1 0 0 0 ,20 2
90	10 1 0 0 0 0 ,23 1
91	24 0 0 0 1 0 ,13 4
94	12 1 1 1 1 0 ,0 1,9 2,12 4,28 3
97	14 0 1 0 0 0 ,22 2
98	23 0 0 0 0 1 ,4 5
