1	12 0 1 0 0 0 ,12 2
3	4 0 2 0 0 0 ,9 2,19 2
4	15 1 0 0 0 0 ,19 1
5	15 0 0 0 1 0 ,14 4
6	10 1 1 0 0 2 ,4 1,7 5,10 5,21 2
7	6 0 0 0 0 1 ,3 5
8	14 0 0 0 0 1 ,8 5
9	8 2 0 1 1 0 ,1 1,5 4,6 1,20 3
10	22 0 1 0 0 0 ,22 2
12	22 0 0 0 0 1 ,22 5
13	4 1 0 0 1 0 ,9 1,14 4
14	15 1 0 0 1 0 ,5 4,14 1
17	8 0 0 0 2 1 ,6 4,11 4,13 5
18	10 0 0 0 2 1 ,12 4,17 4,20 5
19	10 0 0 0 0 1 ,21 5
20	22 0 0 0 0 2 ,16 5,22 5
24	14 0 2 0 0 0 ,8 2,19 2
25	18 0 1 0 0 0 ,4 2
26	15 0 0 0 0 1 ,19 5
27	22 0 1 0 0 0 ,16 2
28	18 0 1 0 0 0 ,4 2
30	14 1 0 0 0 0 ,8 1
33	12 1 0 0 0 0 ,12 1
34	10 1 0 0 0 0 ,21 1
35	22 0 0 0 0 1 ,16 5
36	22 0 0 1 0 0 ,22 3
39	6 0 1 1 0 0 ,0 3,1 2
40	6 0 0 1 0 0 ,0 3
41	10 1 1 0 1 0 ,4 4,20 1,21 2
42	17 0 1 0 0 0 ,13 2
43	10 1 0 0 0 0 ,20 1
46	12 1 0 0 0 0 ,12 1
49	10 0 1 0 0 0 ,6 2
51	5 0 0 1 0 1 ,18 5,22 3
52	15 0 0 1 0 0 ,14 3
54	2 1 1 0 0 0 ,9 1,15 2
56	14 1 0 1 0 1 ,4 5,5 3,7 1
58	14 0 1 0 0 0 ,7 2
61	14 1 0 0 0 0 ,8 1
62	8 0 1 1 3 0 ,1 4,11 4,13 4,16 2,17 3
63	15 0 0 1 0 0 ,14 3
64	10 1 0 0 0 0 ,6 1
65	21 0 0 0 0 1 ,5 5
67	13 1 0 0 0 0 ,10 1
68	13 0 0 0 0 1 ,10 5
69	18 0 0 0 1 0 ,4 4
72	22 0 0 0 1 0 ,16 4
73	15 0 0 0 1 0 ,17 4
75	21 0 0 1 0 0 ,5 3
76	14 1 0 0 0 0 ,7 1
77	10 1 2 0 0 0 ,6 2,8 2,19 1
81	6 1 0 0 0 0 ,3 1
82	13 1 0 0 0 0 ,10 1
83	15 0 0 0 1 0 ,19 4
85	17 0 0 0 1 0 ,13 4
87	12 0 0 0 1 0 ,12 4
88	8 2 0 0 0 0 ,1 1,10 1
90	15 1 1 0 0 0 ,13 2,17 1
93	4 0 0 0 1 1 ,2 4,7 5
94	22 0 0 0 1 0 ,16 4
95	22 0 0 0 1 0 ,22 4
96	21 0 1 0 0 0 ,5 2
99	14 0 0 2 0 0 ,8 3,17 3
