0	18 0 0 0 1 0 ,25 4
1	15 0 0 1 0 0 ,20 3
4	3 0 1 0 0 0 ,0 2
5	5 0 1 0 0 1 ,7 5,8 2
6	7 0 1 0 1 1 ,12 5,15 2,20 4
9	17 1 0 0 0 1 ,25 5,29 1
10	12 0 1 0 0 1 ,6 5,28 2
12	18 1 0 0 0 0 ,25 1
13	15 0 0 0 1 0 ,20 4
14	16 0 1 0 0 1 ,17 2,21 5
15	17 0 0 0 2 0 ,23 4,29 4
16	7 2 0 0 0 0 ,2 1,17 1
17	14 0 1 1 0 0 ,1 2,7 3
18	18 0 0 1 0 0 ,25 3
19	17 0 0 0 1 0 ,29 4
20	24 0 0 0 1 0 ,23 4
21	18 0 0 0 1 0 ,13 4
22	5 1 0 0 0 0 ,8 1
23	3 1 0 0 0 0 ,0 1
24	10 0 0 1 0 1 ,5 3,9 5
25	7 0 1 0 0 0 ,15 2
27	10 0 0 1 0 0 ,18 3
28	5 1 0 0 1 0 ,8 1,16 4
29	7 0 0 0 1 0 ,11 4
30	18 0 1 0 2 0 ,24 4,25 2,26 4
32	3 1 1 1 0 0 ,2 1,13 3,22 2
34	19 0 1 0 0 0 ,4 2
35	15 0 1 0 0 0 ,7 2
37	4 0 1 0 0 0 ,10 2
38	10 1 1 0 1 0 ,6 4,18 1,23 2
39	18 0 0 1 0 0 ,12 3
42	10 0 0 1 0 0 ,3 3
43	18 0 0 0 1 1 ,12 5,17 4
44	18 1 0 0 0 0 ,12 1
45	19 0 0 0 0 1 ,4 5
46	16 0 0 1 1 0 ,21 4,26 3
47	10 1 0 0 0 0 ,5 1
49	18 0 1 0 0 0 ,13 2
50	10 0 0 0 2 0 ,17 4,18 4
51	7 0 0 2 0 0 ,3 3,11 3
52	11 2 0 0 0 1 ,6 5,14 1,30 1
53	12 1 0 0 1 0 ,7 4,28 1
54	11 1 0 0 0 1 ,26 5,30 1
55	26 0 0 0 0 1 ,26 5
57	10 1 1 0 1 0 ,5 2,16 1,17 4
58	24 0 0 0 0 1 ,23 5
59	12 0 0 1 1 0 ,16 3,20 4
60	19 0 0 0 1 0 ,17 4
61	10 1 0 0 0 0 ,3 1
62	10 1 1 1 0 0 ,5 1,28 3,29 2
63	11 0 1 0 2 0 ,6 4,24 4,30 2
64	15 1 0 0 0 0 ,7 1
70	5 1 0 0 1 0 ,14 4,19 1
71	10 0 0 1 0 0 ,3 3
72	13 1 0 0 0 1 ,6 1,14 5
73	10 0 2 0 0 0 ,18 2,28 2
74	14 0 1 0 1 0 ,1 4,24 2
75	16 0 0 0 1 0 ,21 4
76	14 1 0 0 2 0 ,1 4,4 4,13 1
77	17 0 0 1 0 0 ,29 3
78	10 0 0 1 0 0 ,5 3
80	3 0 0 1 1 1 ,26 5,27 3,28 4
82	18 1 0 0 0 0 ,12 1
83	19 0 0 0 1 0 ,4 4
84	11 0 0 1 1 1 ,13 5,21 3,30 4
85	11 1 0 0 0 0 ,30 1
86	11 0 1 0 0 0 ,30 2
89	13 0 0 2 0 1 ,14 3,23 5,25 3
90	10 1 0 0 1 0 ,9 1,26 4
91	14 0 0 0 2 0 ,1 4,4 4
92	18 0 0 1 1 0 ,13 3,23 4
93	4 0 1 0 0 0 ,10 2
94	5 0 0 1 2 1 ,2 5,16 4,19 4,29 3
95	23 0 0 0 1 0 ,24 4
96	10 0 0 0 1 1 ,9 4,24 5
97	23 0 0 0 1 0 ,24 4
98	3 2 0 0 0 0 ,8 1,22 1
99	7 0 0 2 0 0 ,12 3,15 3
