1	12 0 0 1 0 0 ,13 3
4	12 0 1 0 0 1 ,3 2,13 5
8	8 1 0 1 0 1 ,9 1,12 3,20 5
9	12 1 0 0 0 0 ,11 1
10	8 0 0 0 0 1 ,9 5
11	23 0 0 0 1 0 ,17 4
13	12 0 1 1 0 0 ,10 3,11 2
14	23 0 0 0 0 1 ,17 5
15	7 1 0 0 0 0 ,5 1
16	4 1 0 0 1 0 ,10 1,14 4
17	8 1 0 0 0 0 ,9 1
18	11 0 1 0 0 0 ,18 2
19	9 0 1 0 1 0 ,8 4,12 2
22	10 0 1 0 0 0 ,16 2
23	11 0 0 1 0 0 ,18 3
24	9 2 0 0 0 0 ,2 1,8 1
28	23 0 1 0 0 0 ,17 2
29	3 0 0 1 1 0 ,1 3,8 4
32	10 1 1 1 0 0 ,0 2,2 3,15 1
33	10 0 0 1 0 1 ,7 5,17 3
35	9 1 0 1 0 0 ,10 1,23 3
37	12 0 0 0 1 0 ,15 4
39	16 0 1 0 0 0 ,0 2
45	16 0 0 0 0 1 ,3 5
46	5 1 0 0 0 0 ,4 1
47	13 1 0 0 0 0 ,12 1
48	8 2 1 0 0 0 ,6 1,9 1,18 2
49	12 1 0 0 0 1 ,10 5,11 1
50	9 0 1 0 0 0 ,23 2
51	4 0 0 0 1 0 ,22 4
52	16 0 1 0 0 0 ,3 2
53	10 0 1 0 0 0 ,2 2
59	7 0 0 0 1 0 ,5 4
60	10 0 1 0 0 0 ,7 2
62	5 1 0 0 0 0 ,4 1
63	12 0 0 1 1 0 ,3 4,11 3
64	8 0 1 0 0 0 ,6 2
65	12 0 0 1 0 0 ,15 3
66	10 1 1 0 0 0 ,16 2,21 1
67	11 0 1 0 0 0 ,20 2
70	5 0 0 0 1 1 ,2 4,19 5
71	7 0 1 0 0 0 ,5 2
73	10 0 0 0 1 1 ,17 4,21 5
76	12 0 1 0 0 0 ,10 2
77	8 0 0 0 0 1 ,6 5
78	11 0 0 0 1 0 ,20 4
82	10 1 0 1 1 0 ,0 4,3 1,16 3
83	10 0 0 2 1 0 ,12 3,16 3,18 4
85	12 0 0 0 1 0 ,15 4
87	16 0 0 0 0 1 ,0 5
88	10 0 0 0 1 0 ,21 4
89	16 0 0 1 0 0 ,0 3
91	12 0 1 0 1 0 ,3 2,13 4
94	5 0 0 2 1 0 ,4 3,7 3,23 4
96	12 0 0 0 1 1 ,11 5,12 4
97	23 0 0 0 0 1 ,17 5
