1	8 1 1 0 0 0 ,8 1,13 2
2	10 1 0 0 1 0 ,11 4,14 1
5	10 0 0 1 1 1 ,11 3,20 5,24 4
6	7 0 1 0 1 0 ,14 2,21 4
7	16 0 1 0 1 0 ,14 4,20 2
9	4 1 0 0 0 0 ,9 1
10	7 0 0 1 1 0 ,25 3,26 4
11	8 0 1 0 1 0 ,8 2,24 4
14	4 2 0 0 0 0 ,8 1,9 1
15	12 0 0 1 0 0 ,6 3
17	10 0 2 0 0 0 ,13 2,20 2
19	8 0 0 1 0 0 ,18 3
20	4 1 1 1 0 0 ,9 1,14 3,27 2
22	15 0 0 0 1 0 ,17 4
25	11 1 0 0 0 0 ,2 1
26	10 1 0 1 0 0 ,11 3,23 1
28	11 0 0 0 0 1 ,5 5
29	11 1 0 0 0 0 ,5 1
33	4 0 0 0 1 0 ,3 4
34	17 0 0 1 0 0 ,27 3
35	15 0 2 0 0 0 ,23 2,27 2
36	5 0 0 1 0 0 ,22 3
38	12 0 1 1 0 0 ,6 3,19 2
40	7 1 1 0 1 0 ,7 4,12 2,21 1
41	10 0 0 1 0 0 ,13 3
42	11 0 0 0 1 0 ,7 4
43	17 0 0 0 0 1 ,27 5
45	8 1 0 0 0 1 ,0 5,12 1
46	11 1 1 0 1 0 ,2 1,14 2,19 4
48	18 0 0 0 0 1 ,26 5
49	3 0 0 1 0 1 ,10 3,18 5
50	15 0 0 0 1 0 ,23 4
51	4 1 0 0 0 0 ,1 1
52	7 0 0 0 1 0 ,25 4
55	17 0 0 0 0 1 ,19 5
56	15 0 0 0 0 1 ,17 5
57	8 1 1 0 0 0 ,15 2,19 1
58	4 0 0 1 0 0 ,1 3
60	12 1 0 0 0 0 ,6 1
62	18 0 0 0 0 1 ,26 5
63	4 1 1 0 0 0 ,9 1,26 2
64	1 1 0 0 0 0 ,4 1
68	8 0 1 0 0 1 ,12 5,24 2
70	8 0 0 1 0 0 ,8 3
75	17 0 0 0 0 1 ,19 5
76	18 0 0 0 0 1 ,24 5
77	18 0 1 0 0 0 ,26 2
78	8 1 0 0 0 0 ,8 1
79	12 0 0 1 1 1 ,6 3,23 5,27 4
80	8 1 0 0 0 0 ,15 1
82	10 2 0 1 0 0 ,2 1,5 1,13 3
83	11 0 1 0 0 1 ,2 2,20 5
84	10 0 2 1 0 0 ,0 3,6 2,20 2
85	15 0 1 0 0 0 ,17 2
86	15 1 0 2 0 0 ,20 3,23 3,27 1
90	8 0 0 1 1 0 ,15 4,24 3
92	11 0 0 0 1 0 ,5 4
93	7 0 1 0 1 0 ,17 4,21 2
94	3 1 1 1 0 0 ,2 1,16 3,22 2
95	11 0 0 1 0 0 ,7 3
96	11 0 0 0 0 1 ,2 5
97	10 0 1 0 0 0 ,0 2
98	8 1 0 0 1 0 ,14 4,15 1
