0	11 0 1 0 0 2 ,8 2,10 5,23 5
1	15 0 1 0 0 1 ,2 5,4 2
3	8 1 0 0 0 1 ,0 1,6 5
5	13 0 0 1 0 1 ,17 3,23 5
6	11 0 0 0 1 0 ,0 4
7	10 0 0 1 0 0 ,19 3
8	4 3 0 0 1 0 ,6 1,16 1,17 1,22 4
10	19 0 1 0 0 1 ,2 5,22 2
11	13 0 1 0 0 0 ,17 2
14	21 0 0 0 1 0 ,26 4
17	4 1 1 0 1 0 ,4 1,5 4,7 2
19	21 1 0 0 0 0 ,26 1
20	4 0 0 0 1 0 ,15 4
21	3 0 0 1 1 0 ,1 4,3 3
22	4 0 0 2 0 0 ,14 3,16 3
23	5 0 0 0 0 1 ,21 5
24	11 0 0 1 1 0 ,8 4,9 3
25	11 0 0 0 0 2 ,8 5,11 5
26	21 0 0 1 0 0 ,2 3
27	13 0 0 0 0 1 ,17 5
29	19 0 1 0 0 0 ,25 2
30	11 0 0 0 1 0 ,9 4
32	11 0 1 0 1 0 ,0 2,13 4
33	10 0 1 0 0 0 ,19 2
34	21 0 1 0 1 0 ,13 2,26 4
36	13 1 0 0 0 0 ,17 1
37	8 0 0 0 1 1 ,11 4,12 5
40	19 0 0 0 1 0 ,25 4
43	19 0 0 1 0 0 ,25 3
45	8 1 1 0 0 0 ,4 1,6 2
46	21 0 0 0 1 0 ,2 4
48	17 0 0 0 1 1 ,22 4,23 5
51	10 2 0 0 0 0 ,5 1,25 1
54	17 1 1 0 0 0 ,22 1,23 2
55	11 0 0 1 1 0 ,9 3,10 4
56	6 0 0 0 1 0 ,18 4
59	23 0 0 0 0 1 ,13 5
60	13 1 0 0 0 1 ,11 5,17 1
61	8 0 0 1 0 0 ,12 3
62	21 0 0 1 0 0 ,14 3
64	23 0 0 0 1 0 ,13 4
65	10 0 0 0 0 1 ,19 5
68	15 0 1 0 0 0 ,4 2
69	4 0 1 0 0 0 ,7 2
71	8 0 0 1 0 0 ,1 3
73	21 0 0 0 1 0 ,26 4
74	1 1 0 1 0 1 ,4 5,20 1,24 3
75	19 0 0 0 0 1 ,22 5
76	8 1 0 0 1 0 ,1 1,2 4
78	21 0 0 0 0 1 ,14 5
81	13 0 1 1 0 0 ,10 2,14 3
82	10 0 0 1 0 1 ,5 5,26 3
84	19 0 0 0 0 1 ,25 5
86	13 0 1 0 1 0 ,4 4,10 2
87	11 0 0 0 2 0 ,0 4,13 4
88	11 1 0 0 0 0 ,9 1
89	6 0 1 0 0 0 ,18 2
90	19 0 0 0 1 0 ,25 4
91	21 0 1 0 0 0 ,14 2
93	19 0 0 1 1 0 ,13 4,22 3
94	15 1 0 0 0 0 ,11 1
96	21 0 0 0 0 1 ,14 5
97	21 0 0 0 0 1 ,26 5
