0	8 1 0 1 0 2 ,8 3,12 5,19 5,28 1
1	15 0 1 0 0 0 ,26 2
2	19 0 0 1 0 0 ,2 3
3	14 0 1 0 0 0 ,6 2
6	17 0 1 0 0 0 ,20 2
7	12 0 0 0 1 1 ,22 5,24 4
9	8 0 1 0 0 1 ,15 2,20 5
10	1 2 0 0 0 1 ,5 1,22 1,26 5
11	17 1 0 1 0 1 ,2 5,17 3,21 1
12	15 0 1 0 0 0 ,10 2
13	13 1 0 1 0 0 ,7 1,21 3
14	10 0 1 1 0 0 ,9 3,25 2
15	11 0 0 1 0 0 ,25 3
16	17 0 0 1 1 0 ,17 3,21 4
17	2 0 1 0 1 1 ,0 2,2 4,21 5
18	14 0 0 0 1 0 ,6 4
19	13 0 0 0 0 1 ,7 5
20	5 0 0 1 0 0 ,23 3
21	7 0 1 1 0 0 ,1 2,12 3
22	2 0 1 0 0 0 ,29 2
24	15 0 1 0 0 0 ,26 2
25	20 0 0 0 0 1 ,17 5
28	12 0 0 0 0 1 ,24 5
29	14 1 0 0 1 0 ,6 1,8 4
30	21 0 0 1 0 0 ,22 3
31	4 1 1 0 0 0 ,9 2,13 1
32	10 0 0 0 1 0 ,9 4
34	2 0 1 0 0 0 ,11 2
35	12 0 2 0 0 0 ,7 2,12 2
36	3 1 0 0 0 0 ,14 1
41	5 1 2 1 0 0 ,6 2,9 1,23 2,25 3
42	17 1 0 0 0 0 ,20 1
44	13 0 1 0 1 0 ,6 2,7 4
46	13 1 0 0 0 0 ,7 1
47	17 0 0 1 0 0 ,20 3
49	8 1 0 0 1 1 ,17 4,18 1,28 5
50	8 0 1 0 0 0 ,28 2
52	17 0 1 0 0 0 ,21 2
53	4 1 0 1 1 0 ,13 3,16 1,17 4
54	15 1 0 0 0 0 ,26 1
56	17 0 1 0 0 0 ,21 2
57	14 0 0 1 0 0 ,6 3
59	9 1 0 0 0 0 ,16 1
61	17 0 0 1 0 1 ,8 5,20 3
63	4 0 0 0 1 0 ,4 4
65	9 0 0 2 0 0 ,18 3,26 3
66	11 0 1 1 0 1 ,10 5,25 3,27 2
68	12 2 0 1 0 1 ,12 1,17 1,24 3,27 5
70	12 0 0 1 0 0 ,19 3
71	15 0 1 0 0 0 ,10 2
72	8 0 0 0 3 0 ,3 4,16 4,22 4
73	15 0 0 0 0 1 ,27 5
74	12 1 0 0 0 0 ,12 1
76	15 1 0 0 1 0 ,2 4,27 1
77	8 0 1 0 0 0 ,15 2
78	12 0 0 0 1 0 ,19 4
80	15 0 1 0 0 0 ,10 2
82	3 0 2 1 0 0 ,14 2,18 3,27 2
84	15 0 1 0 0 1 ,8 5,26 2
85	21 0 0 0 1 0 ,22 4
86	17 0 0 1 0 0 ,20 3
90	9 0 0 1 0 0 ,16 3
92	9 0 2 1 1 0 ,2 2,10 3,18 2,22 4
95	8 0 0 0 1 0 ,15 4
96	7 1 0 0 0 2 ,1 5,8 5,10 1
98	8 1 0 0 1 0 ,2 1,3 4
