2	12 0 0 2 0 0 ,12 3,14 3
3	13 0 0 0 1 0 ,7 4
4	14 0 0 0 0 1 ,14 5
5	13 0 0 1 0 0 ,7 3
7	9 1 0 0 0 0 ,20 1
8	6 0 1 0 0 0 ,17 2
11	11 0 0 0 0 1 ,10 5
14	14 2 0 0 0 0 ,8 1,14 1
15	21 0 0 0 1 0 ,18 4
16	21 0 0 0 1 0 ,18 4
18	16 0 0 1 0 0 ,1 3
19	5 0 0 1 0 0 ,19 3
20	17 0 0 0 1 0 ,11 4
23	5 0 0 0 1 1 ,6 4,18 5
24	11 1 0 0 0 0 ,10 1
25	17 0 1 0 0 0 ,11 2
26	7 0 0 0 1 0 ,2 4
29	13 0 0 0 2 0 ,5 4,7 4
30	16 0 0 0 0 1 ,1 5
34	12 0 0 0 1 0 ,13 4
37	16 1 0 0 0 0 ,1 1
39	12 0 1 0 0 0 ,12 2
40	11 0 1 0 0 0 ,15 2
41	9 1 1 1 0 0 ,7 1,12 3,20 2
42	2 2 0 0 0 0 ,7 1,23 1
43	7 0 0 0 0 1 ,22 5
45	5 0 1 1 0 0 ,3 2,11 3
47	11 0 1 0 0 1 ,8 2,15 5
49	17 0 0 1 0 0 ,11 3
51	12 0 0 0 1 0 ,12 4
52	22 0 0 0 0 1 ,5 5
53	2 1 0 0 1 0 ,0 4,24 1
56	14 0 0 0 0 1 ,14 5
57	5 1 0 0 0 0 ,3 1
58	11 0 1 0 0 1 ,10 5,16 2
59	12 0 0 1 0 0 ,13 3
61	12 0 0 0 0 1 ,16 5
62	2 1 0 0 0 0 ,24 1
63	3 0 0 1 0 0 ,21 3
65	17 0 1 0 0 0 ,11 2
66	12 0 0 0 1 0 ,13 4
69	9 0 0 0 1 1 ,8 5,20 4
70	16 1 0 0 0 0 ,1 1
71	11 1 0 0 0 0 ,15 1
73	22 0 0 0 1 0 ,5 4
74	2 2 0 1 0 0 ,6 1,18 3,23 1
76	3 0 0 1 0 0 ,4 3
79	7 0 1 0 0 1 ,2 2,5 5
80	5 0 2 0 0 0 ,1 2,3 2
81	9 0 1 1 1 0 ,5 4,8 3,20 2
85	11 0 0 1 1 1 ,0 5,8 4,15 3
87	21 0 0 0 0 1 ,18 5
88	12 0 0 1 0 0 ,0 3
92	4 0 0 1 1 0 ,9 4,11 3
94	7 1 1 0 0 0 ,2 1,22 2
96	6 0 0 0 1 0 ,17 4
97	5 0 1 0 0 0 ,19 2
98	12 1 0 0 1 1 ,1 4,13 1,16 5
