1	4 2 0 1 0 0 ,2 3,4 1,20 1
2	14 0 0 1 0 0 ,23 3
3	14 0 0 1 0 0 ,13 3
4	12 0 0 0 0 1 ,5 5
6	6 1 1 0 1 0 ,14 4,20 1,23 2
7	3 1 0 2 0 0 ,11 1,13 3,21 3
10	8 1 0 0 1 1 ,1 4,3 5,13 1
11	19 0 1 0 0 0 ,19 2
14	11 0 1 1 0 1 ,7 3,20 5,22 2
16	14 1 0 0 1 0 ,2 4,13 1
19	16 0 1 0 0 0 ,2 2
21	10 0 0 1 0 0 ,18 3
23	16 0 0 1 0 0 ,2 3
24	19 0 0 0 1 0 ,19 4
25	4 0 0 1 0 0 ,4 3
28	10 0 0 0 0 1 ,11 5
30	12 0 1 0 0 0 ,6 2
31	11 0 2 0 0 0 ,0 2,7 2
34	19 0 0 1 0 0 ,15 3
35	12 0 0 0 0 1 ,3 5
36	5 0 0 1 0 1 ,7 5,9 3
37	12 0 0 1 0 0 ,6 3
40	10 0 0 1 0 0 ,18 3
41	15 0 1 0 0 0 ,20 2
42	9 2 0 0 0 0 ,12 1,20 1
45	5 0 0 0 0 1 ,17 5
46	19 0 0 0 1 0 ,19 4
47	12 0 0 0 1 1 ,5 5,23 4
48	19 0 0 0 0 1 ,15 5
49	11 2 0 0 1 1 ,7 1,13 4,15 5,22 1
50	6 0 1 0 0 0 ,14 2
51	2 1 0 0 0 0 ,8 1
57	6 0 0 1 0 0 ,10 3
58	15 0 0 0 1 0 ,0 4
59	10 0 0 1 0 1 ,11 3,19 5
60	14 0 1 0 0 0 ,13 2
63	10 0 0 1 0 0 ,18 3
64	15 0 0 0 0 1 ,0 5
68	9 1 0 0 0 0 ,12 1
69	10 1 0 0 0 0 ,11 1
70	6 1 0 2 0 1 ,10 3,15 1,16 3,23 5
71	2 1 0 0 1 0 ,8 1,22 4
73	12 0 1 0 0 0 ,5 2
77	5 1 1 0 0 1 ,9 2,18 1,20 5
81	9 0 0 1 0 0 ,12 3
82	12 0 0 1 1 0 ,6 4,15 3
85	9 0 0 0 1 0 ,12 4
86	16 1 0 0 0 0 ,2 1
87	8 0 0 0 1 0 ,1 4
89	6 0 0 1 1 0 ,16 3,19 4
90	15 1 0 0 0 0 ,0 1
91	12 0 1 0 0 0 ,3 2
97	12 0 0 1 0 0 ,6 3
98	11 0 0 0 1 0 ,22 4
99	15 0 1 2 0 0 ,0 3,2 3,15 2
