0	5 2 0 0 0 0 ,14 1,23 1
1	7 0 0 0 1 0 ,4 4
2	8 0 0 0 1 0 ,13 4
4	2 0 1 0 0 2 ,5 5,6 2,8 5
6	7 0 0 0 1 1 ,18 5,26 4
8	5 1 0 1 2 1 ,0 4,19 5,21 3,33 1,34 4
10	16 0 0 1 0 0 ,12 3
11	11 0 1 0 0 0 ,32 2
12	7 0 1 1 0 0 ,18 2,19 3
13	15 0 0 0 0 1 ,20 5
14	11 0 0 0 1 0 ,32 4
16	15 1 0 0 0 0 ,20 1
17	4 0 1 1 0 0 ,3 3,17 2
18	8 1 1 0 0 0 ,28 2,30 1
21	16 0 0 0 0 1 ,12 5
22	17 0 0 1 0 0 ,15 3
23	5 0 0 0 1 1 ,27 5,28 4
25	10 0 0 1 0 0 ,24 3
27	3 0 0 1 0 0 ,29 3
28	11 1 0 0 0 0 ,32 1
30	1 2 0 0 0 0 ,7 1,15 1
31	9 1 0 0 0 0 ,21 1
32	5 0 4 0 0 0 ,4 2,19 2,20 2,25 2
34	6 0 1 0 0 0 ,10 2
39	8 0 0 2 0 1 ,3 5,8 3,13 3
40	5 0 0 1 0 0 ,14 3
42	8 0 0 0 1 1 ,9 5,26 4
43	10 0 0 0 0 1 ,9 5
44	8 0 1 0 0 0 ,30 2
45	17 0 0 0 0 1 ,15 5
46	9 0 0 0 2 0 ,11 4,15 4
48	19 0 0 1 0 0 ,28 3
51	16 1 0 0 0 0 ,12 1
53	5 1 1 0 1 0 ,14 1,30 2,34 4
54	13 0 1 1 0 0 ,0 3,12 2
56	5 0 1 1 0 0 ,16 3,19 2
57	17 0 0 0 1 0 ,34 4
58	11 0 0 2 0 0 ,0 3,32 3
60	5 0 0 1 0 0 ,33 3
62	4 1 1 0 0 0 ,13 1,17 2
63	15 0 0 0 1 0 ,20 4
65	11 1 1 0 0 0 ,20 2,32 1
66	15 1 0 0 0 1 ,20 1,34 5
67	13 0 1 0 0 1 ,3 5,28 2
68	5 0 0 2 0 1 ,23 5,25 3,28 3
69	9 1 0 1 1 0 ,15 4,19 1,22 3
70	8 0 0 1 0 0 ,30 3
71	9 1 0 0 0 0 ,22 1
73	9 1 0 0 0 1 ,0 1,22 5
74	3 1 0 0 0 1 ,1 5,31 1
77	16 0 1 0 0 0 ,12 2
78	6 0 0 0 1 0 ,10 4
81	10 0 1 1 0 0 ,8 2,19 3
85	9 0 0 0 0 1 ,11 5
87	7 1 0 1 0 1 ,12 3,23 1,28 5
88	3 0 1 0 0 0 ,31 2
89	7 1 0 0 0 0 ,4 1
91	5 1 1 0 0 0 ,0 2,33 1
92	5 0 1 0 0 0 ,16 2
93	10 0 1 0 0 0 ,24 2
97	10 0 0 0 0 1 ,24 5
98	2 0 1 0 0 1 ,2 2,21 5
