0	14 0 1 0 0 0 ,20 2
2	11 0 0 1 0 2 ,8 5,28 3,30 5
3	11 1 0 0 0 0 ,24 1
5	8 2 0 0 0 0 ,6 1,27 1
6	11 0 0 1 1 1 ,9 3,10 5,35 4
7	6 0 2 1 0 1 ,5 2,15 3,23 2,28 5
8	16 0 0 0 0 1 ,14 5
9	14 0 0 0 0 1 ,20 5
10	15 0 0 2 0 0 ,8 3,21 3
11	11 1 0 0 0 1 ,0 5,30 1
12	11 0 0 1 1 0 ,10 4,24 3
13	10 1 0 1 0 1 ,8 5,11 1,21 3
14	12 0 0 1 0 0 ,12 3
15	12 1 1 0 0 1 ,14 2,17 5,35 1
16	15 0 0 1 1 1 ,0 5,1 4,25 3
17	15 1 0 0 1 0 ,6 4,15 1
18	17 0 0 1 0 1 ,0 3,28 5
20	13 0 0 2 0 0 ,16 3,34 3
23	17 0 0 0 2 0 ,4 4,28 4
24	20 1 0 0 0 0 ,8 1
25	5 1 2 1 1 0 ,3 2,19 4,21 2,26 1,30 3
27	24 0 0 0 1 0 ,25 4
28	24 0 0 0 1 0 ,10 4
29	24 0 0 0 1 0 ,25 4
30	24 0 0 1 0 0 ,10 3
32	12 0 0 1 0 0 ,35 3
33	15 0 0 0 1 1 ,6 5,15 4
36	11 0 0 1 0 0 ,5 3
37	22 0 0 0 0 1 ,6 5
38	24 0 0 0 0 1 ,25 5
39	9 1 0 1 0 0 ,5 3,19 1
40	6 1 0 0 1 0 ,13 4,20 1
41	8 3 1 0 0 0 ,12 1,15 1,26 2,31 1
42	12 0 0 0 0 1 ,2 5
43	11 0 0 0 1 2 ,9 5,14 4,17 5
45	23 0 0 1 0 0 ,4 3
46	16 0 1 0 1 1 ,25 5,26 2,34 4
47	6 0 1 0 0 0 ,32 2
48	2 0 2 0 0 1 ,7 2,17 5,34 2
49	19 1 0 0 1 0 ,0 1,6 4
51	9 0 0 1 0 2 ,10 5,29 5,35 3
52	8 0 1 0 0 0 ,27 2
53	10 0 0 1 0 1 ,4 5,11 3
54	9 1 0 1 0 1 ,4 5,16 3,29 1
55	12 0 1 0 0 0 ,2 2
57	15 0 0 1 0 0 ,21 3
58	8 0 0 0 0 1 ,27 5
59	13 1 0 0 1 0 ,14 4,16 1
60	6 1 0 0 2 0 ,18 4,23 4,30 1
61	14 0 1 0 0 0 ,20 2
62	16 0 1 0 0 0 ,26 2
63	11 1 0 0 1 1 ,5 1,26 4,34 5
64	11 0 1 1 0 1 ,9 3,12 5,34 2
65	15 0 1 0 0 1 ,15 2,26 5
66	11 1 0 0 0 0 ,30 1
67	15 0 1 0 0 0 ,21 2
69	14 1 0 0 0 1 ,0 5,20 1
72	15 0 0 0 1 0 ,1 4
74	2 0 1 1 0 1 ,1 5,6 3,36 2
75	7 1 1 1 0 0 ,11 2,18 3,31 1
76	11 0 1 1 0 0 ,5 2,25 3
77	4 1 0 0 2 0 ,16 4,22 4,31 1
78	6 1 0 0 0 0 ,32 1
79	10 0 1 0 1 0 ,11 4,21 2
80	15 0 0 0 2 0 ,15 4,34 4
81	9 1 0 0 0 0 ,19 1
83	6 0 0 1 0 1 ,4 5,32 3
84	9 0 1 1 0 0 ,19 3,29 2
85	5 1 0 1 0 0 ,3 3,12 1
86	8 1 1 0 0 0 ,4 1,31 2
87	12 0 1 1 0 0 ,12 2,20 3
88	8 1 3 0 0 0 ,8 1,17 2,24 2,31 2
89	11 0 1 0 0 1 ,16 2,24 5
90	16 1 0 0 0 0 ,14 1
91	12 0 1 0 0 1 ,1 2,2 5
92	9 1 0 0 0 0 ,29 1
93	8 1 0 0 0 1 ,8 5,31 1
94	1 1 0 0 0 0 ,33 1
95	12 1 0 0 0 0 ,35 1
98	6 0 1 1 0 0 ,10 3,13 2
