0	9 0 2 1 0 0 ,2 3,15 2,17 2
1	6 1 1 1 1 0 ,7 4,16 2,18 1,19 3
4	2 2 1 0 0 0 ,3 1,4 1,6 2
7	16 0 1 1 0 0 ,11 3,15 2
8	12 0 1 0 0 0 ,12 2
10	17 0 0 1 0 0 ,23 3
13	11 0 0 0 0 1 ,18 5
14	17 0 0 0 0 1 ,21 5
15	17 0 0 0 0 1 ,23 5
16	18 1 0 0 0 0 ,10 1
17	9 1 1 0 0 0 ,2 1,12 2
18	12 0 0 0 0 1 ,19 5
19	20 0 0 1 0 0 ,27 3
20	12 0 1 1 0 0 ,12 2,21 3
24	12 0 0 1 0 0 ,12 3
25	12 0 1 0 1 0 ,25 4,27 2
27	9 0 0 0 0 1 ,0 5
29	9 1 0 0 0 0 ,8 1
31	15 1 0 0 0 0 ,3 1
34	20 0 0 0 0 1 ,27 5
36	17 0 1 0 0 0 ,23 2
37	9 0 0 0 0 1 ,14 5
38	17 0 0 1 0 0 ,21 3
39	13 0 1 0 0 0 ,20 2
40	11 1 0 0 0 0 ,16 1
41	5 1 0 0 0 1 ,1 5,6 1
44	5 0 0 0 0 1 ,13 5
46	9 0 0 2 2 1 ,2 3,11 5,17 3,25 4,27 4
47	7 1 0 0 0 1 ,21 5,26 1
48	5 0 0 0 1 0 ,22 4
49	7 1 0 0 0 1 ,15 5,26 1
51	16 1 0 0 0 0 ,15 1
52	6 0 1 0 0 0 ,7 2
53	5 0 0 0 2 0 ,9 4,16 4
54	1 1 1 0 0 1 ,2 2,5 1,10 5
56	9 1 0 0 1 1 ,3 1,14 4,24 5
57	15 0 0 0 0 1 ,3 5
59	18 0 0 0 0 1 ,10 5
60	18 1 0 0 0 0 ,10 1
61	15 0 2 0 0 0 ,3 2,11 2
62	11 1 0 0 0 0 ,16 1
63	5 2 0 0 0 0 ,9 1,23 1
66	9 0 0 0 1 1 ,0 4,17 5
67	9 0 0 1 1 0 ,6 4,12 3
68	7 1 0 0 0 1 ,21 1,26 5
70	16 0 0 1 0 0 ,15 3
73	5 1 0 0 0 0 ,22 1
74	9 0 0 2 0 1 ,8 5,15 3,20 3
75	18 0 1 0 0 0 ,10 2
76	11 0 0 1 0 0 ,16 3
77	12 2 0 0 0 0 ,19 1,27 1
78	19 0 0 0 0 1 ,11 5
80	12 0 0 0 1 0 ,24 4
82	9 0 0 1 0 0 ,8 3
83	13 0 0 0 1 0 ,20 4
84	9 0 1 1 0 0 ,6 2,23 3
85	11 0 0 0 1 1 ,11 4,18 5
89	20 0 0 0 0 1 ,27 5
90	15 0 0 0 0 1 ,3 5
92	18 0 0 0 1 0 ,10 4
94	12 0 0 1 1 0 ,24 3,25 4
97	13 1 0 0 0 0 ,20 1
98	2 1 0 0 0 0 ,4 1
99	12 0 0 3 0 0 ,19 3,20 3,23 3
