0	10 2 0 0 0 0 ,8 1,10 1
2	13 0 1 1 0 1 ,0 5,3 2,25 3
3	2 1 1 0 0 0 ,16 2,24 1
5	15 0 0 1 0 0 ,20 3
6	8 0 0 0 0 1 ,12 5
9	7 0 2 0 1 0 ,1 2,11 4,28 2
11	7 0 1 1 0 1 ,6 5,15 3,23 2
14	17 0 0 1 1 0 ,0 3,27 4
15	10 0 1 0 2 0 ,3 4,10 2,20 4
16	8 0 0 1 0 0 ,12 3
17	13 0 0 1 0 0 ,23 3
18	14 1 0 0 0 1 ,9 1,15 5
20	7 0 1 0 0 0 ,6 2
21	1 1 0 0 0 0 ,7 1
22	5 0 0 0 0 1 ,4 5
23	5 0 0 1 0 1 ,3 3,13 5
24	11 0 0 1 1 0 ,20 3,22 4
27	5 1 0 1 0 0 ,18 3,26 1
28	6 0 0 1 0 0 ,30 3
29	8 0 1 0 0 0 ,19 2
31	2 0 1 0 0 0 ,14 2
32	13 1 0 0 2 0 ,3 4,20 4,25 1
33	18 0 1 0 0 1 ,5 2,21 5
34	13 1 1 0 0 0 ,8 1,25 2
35	19 0 0 0 1 0 ,25 4
36	9 0 1 1 0 1 ,0 2,1 3,22 5
38	19 0 0 0 0 1 ,25 5
39	23 0 0 1 0 0 ,21 3
40	13 1 1 0 0 1 ,8 2,21 5,31 1
41	13 0 0 1 0 0 ,23 3
42	8 0 0 2 0 0 ,27 3,28 3
43	9 0 0 0 1 1 ,1 4,32 5
44	17 0 0 0 0 1 ,9 5
45	14 1 0 0 0 1 ,15 1,32 5
47	17 0 0 1 0 1 ,5 3,27 5
48	10 1 0 0 0 0 ,17 1
49	13 0 1 0 0 1 ,23 2,27 5
52	8 0 0 1 0 0 ,28 3
53	17 0 0 1 0 0 ,9 3
54	2 0 1 0 0 0 ,2 2
56	18 0 0 0 0 1 ,31 5
57	10 1 0 0 2 0 ,9 4,22 1,26 4
59	8 0 1 1 0 2 ,8 5,17 5,19 3,31 2
61	6 0 1 0 0 0 ,30 2
63	23 0 0 0 0 1 ,21 5
64	5 0 1 1 0 1 ,9 3,15 5,18 2
66	7 0 1 1 0 0 ,16 2,31 3
67	23 0 1 0 0 0 ,21 2
68	10 0 1 0 0 0 ,10 2
69	18 0 1 0 0 0 ,5 2
72	2 1 0 1 0 0 ,11 3,24 1
73	10 0 0 0 1 1 ,5 5,10 4
75	11 1 0 0 1 0 ,0 4,22 1
76	10 0 0 0 1 1 ,26 5,31 4
78	23 0 0 1 0 0 ,21 3
79	13 0 0 1 0 0 ,8 3
80	18 1 0 0 0 0 ,5 1
81	10 0 0 1 1 0 ,17 4,23 3
86	21 0 0 0 1 0 ,0 4
88	8 2 0 2 0 0 ,0 3,8 1,19 3,20 1
90	17 1 0 1 1 0 ,9 1,25 4,31 3
92	2 0 1 0 0 1 ,29 2,32 5
94	18 0 0 0 0 1 ,5 5
95	7 0 0 1 0 0 ,16 3
99	6 2 0 0 0 0 ,10 1,30 1
