0	8 0 1 0 2 1 ,5 4,12 4,19 5,22 2
1	8 0 0 2 0 0 ,7 3,17 3
2	8 2 1 0 0 0 ,1 2,12 1,22 1
3	3 1 0 0 0 0 ,9 1
4	17 0 0 1 0 0 ,8 3
5	12 0 0 1 0 0 ,1 3
7	19 0 1 0 0 0 ,27 2
8	11 0 0 0 0 1 ,13 5
9	12 0 0 0 0 1 ,23 5
10	7 0 0 0 1 1 ,2 4,29 5
11	6 0 0 1 0 1 ,2 5,18 3
12	3 2 0 0 0 0 ,9 1,15 1
15	6 0 1 3 0 0 ,10 3,12 3,21 3,30 2
16	6 0 0 0 1 0 ,30 4
18	10 0 1 0 1 0 ,5 4,6 2
19	16 0 0 0 2 0 ,2 4,19 4
20	15 0 0 1 1 0 ,14 3,19 4
21	9 0 1 0 1 1 ,10 4,15 5,23 2
23	6 1 0 1 0 0 ,0 3,6 1
26	6 1 3 0 0 0 ,13 2,16 2,17 1,35 2
27	12 0 0 0 1 0 ,23 4
28	8 1 1 2 0 0 ,10 3,15 1,32 2,35 3
29	19 0 0 0 0 1 ,27 5
31	4 0 0 0 1 0 ,28 4
32	11 0 0 1 1 0 ,3 3,27 4
33	9 0 1 0 0 0 ,21 2
34	12 0 1 1 0 0 ,22 3,31 2
36	7 1 0 1 0 0 ,19 1,24 3
38	8 0 0 0 1 1 ,7 5,25 4
39	12 0 1 0 0 1 ,8 5,31 2
40	3 1 0 0 0 0 ,9 1
42	12 1 0 0 0 0 ,1 1
43	7 1 1 0 1 1 ,14 5,19 1,24 2,35 4
46	10 0 1 0 0 0 ,6 2
48	12 1 0 0 0 0 ,1 1
49	6 0 0 1 0 1 ,0 3,8 5
51	4 0 1 2 1 0 ,10 3,13 4,24 2,26 3
52	11 1 0 0 0 0 ,3 1
53	20 0 0 0 1 0 ,5 4
54	12 1 0 1 0 0 ,23 1,27 3
55	9 0 1 0 0 1 ,2 5,15 2
58	20 0 1 0 0 0 ,10 2
59	10 1 0 0 0 0 ,6 1
60	1 1 1 1 0 0 ,18 3,21 2,33 1
61	5 0 0 0 0 1 ,20 5
62	12 1 0 0 0 0 ,1 1
64	7 0 0 1 1 0 ,14 4,34 3
66	17 0 1 0 0 0 ,8 2
67	6 1 0 1 1 2 ,3 1,16 3,17 5,31 5,34 4
68	20 0 1 0 0 0 ,5 2
69	4 1 0 0 0 0 ,26 1
70	1 1 0 0 0 0 ,4 1
71	15 1 0 1 1 0 ,14 3,27 4,35 1
74	11 1 1 0 0 0 ,3 1,8 2
77	9 1 0 0 0 0 ,21 1
78	8 0 0 0 1 0 ,32 4
81	20 1 0 0 0 0 ,5 1
83	4 1 0 1 2 0 ,1 4,11 4,19 1,35 3
84	19 0 0 0 0 1 ,17 5
85	7 0 1 0 0 1 ,25 5,29 2
86	11 0 0 0 0 1 ,3 5
87	14 0 0 1 0 0 ,22 3
88	10 0 0 0 1 0 ,6 4
90	19 0 0 0 0 1 ,17 5
92	6 2 0 0 0 0 ,16 1,21 1
94	19 1 0 0 0 1 ,10 5,27 1
95	20 0 0 0 0 1 ,5 5
96	19 1 0 0 0 0 ,2 1
97	8 0 1 0 0 0 ,32 2
99	12 0 0 2 0 1 ,22 5,31 3,35 3
