0	4 0 1 0 0 0 ,5 2
2	19 0 0 0 1 0 ,29 4
5	12 0 1 0 0 0 ,10 2
7	19 1 0 0 0 1 ,6 5,28 1
8	9 0 1 0 0 0 ,4 2
9	1 1 0 1 0 0 ,17 1,24 3
10	4 1 1 0 1 0 ,10 2,11 4,13 1
11	20 0 1 0 0 0 ,6 2
13	17 1 0 0 0 1 ,18 5,32 1
17	9 0 0 0 0 2 ,19 5,30 5
18	9 0 0 0 1 0 ,12 4
19	19 0 0 1 0 0 ,32 3
20	9 1 0 0 0 0 ,19 1
22	8 2 0 1 0 0 ,0 3,7 1,20 1
24	6 0 1 0 0 0 ,15 2
26	13 0 1 0 1 0 ,3 4,29 2
29	7 0 1 1 1 1 ,6 4,9 5,16 3,22 2
30	13 0 1 1 1 1 ,6 3,13 5,20 2,28 4
32	14 0 1 0 1 0 ,16 4,29 2
34	4 2 0 0 0 0 ,30 1,31 1
35	13 0 0 0 2 0 ,3 4,32 4
37	6 1 1 0 1 1 ,3 2,13 1,15 4,18 5
38	17 1 0 0 0 0 ,18 1
39	9 0 1 0 0 0 ,4 2
41	13 1 0 0 0 0 ,0 1
42	9 1 0 0 0 0 ,12 1
43	6 1 0 0 0 0 ,27 1
44	19 0 0 1 0 0 ,13 3
45	3 0 1 1 0 1 ,14 3,22 5,23 2
46	4 0 0 1 1 0 ,0 3,2 4
47	17 1 0 0 0 2 ,18 1,23 5,32 5
48	9 0 1 0 1 0 ,8 2,12 4
49	4 0 2 0 0 0 ,5 2,20 2
50	19 0 0 0 0 1 ,28 5
51	9 0 0 1 0 0 ,4 3
52	13 0 0 0 2 0 ,9 4,20 4
54	14 1 0 0 0 1 ,9 1,29 5
55	13 0 1 0 0 1 ,8 5,20 2
58	18 0 0 0 1 1 ,8 5,28 4
59	1 1 0 0 0 0 ,21 1
62	11 0 1 0 0 0 ,25 2
63	9 0 0 1 0 1 ,19 3,25 5
66	14 0 1 0 0 0 ,16 2
67	9 1 1 0 0 0 ,4 2,16 1
68	20 0 1 0 0 0 ,6 2
69	4 0 0 0 2 1 ,1 4,10 4,29 5
70	11 0 1 0 1 0 ,23 2,30 4
75	4 0 1 0 2 0 ,6 4,25 4,31 2
76	19 0 0 0 0 1 ,13 5
77	13 0 0 1 0 0 ,3 3
79	19 0 0 0 1 0 ,13 4
80	1 1 0 0 0 1 ,26 1,27 5
81	12 1 0 0 1 0 ,10 4,16 1
83	14 0 0 1 0 0 ,9 3
84	11 1 0 0 0 1 ,0 5,30 1
85	14 1 0 1 0 1 ,9 1,18 5,28 3
86	13 2 1 0 0 0 ,8 1,20 2,32 1
87	18 1 0 0 1 0 ,8 4,29 1
90	20 0 0 0 1 0 ,23 4
91	8 0 0 1 0 1 ,7 5,23 3
93	4 1 1 1 0 1 ,16 3,28 2,31 1,32 5
95	13 1 0 0 0 0 ,0 1
96	20 0 0 0 1 0 ,23 4
97	8 1 1 0 0 0 ,7 2,8 1
