1	11 0 0 1 1 1 ,7 4,12 3,18 5
2	21 0 1 0 0 0 ,7 2
3	21 1 0 0 0 0 ,7 1
6	10 0 1 1 2 0 ,5 2,9 3,11 4,13 4
7	15 1 1 0 0 0 ,5 2,9 1
10	17 1 0 0 0 0 ,5 1
12	10 1 0 1 0 0 ,4 3,17 1
14	15 0 0 0 1 0 ,9 4
15	10 1 0 0 0 0 ,16 1
20	4 0 0 0 2 0 ,9 4,15 4
22	11 0 0 0 1 0 ,10 4
24	5 0 0 2 0 0 ,8 3,18 3
30	18 0 0 1 0 0 ,18 3
31	12 0 1 0 0 0 ,14 2
33	14 0 0 0 0 1 ,17 5
36	17 0 0 0 1 0 ,5 4
39	18 0 0 0 0 1 ,18 5
40	11 0 0 1 0 0 ,12 3
43	10 1 1 0 0 0 ,4 2,12 1
45	11 0 1 0 1 0 ,10 4,18 2
48	10 0 1 1 0 0 ,13 2,16 3
52	20 0 0 0 0 1 ,11 5
54	12 1 0 0 0 0 ,14 1
56	11 0 0 0 1 0 ,12 4
66	20 0 0 0 2 0 ,7 4,11 4
70	4 1 0 0 0 0 ,2 1
71	4 1 0 0 0 0 ,6 1
74	14 0 0 0 1 0 ,17 4
76	10 0 0 0 0 1 ,4 5
77	4 0 0 1 0 0 ,2 3
78	4 0 0 0 1 0 ,1 4
82	5 0 1 0 1 1 ,5 5,8 2,11 4
83	21 0 0 0 0 1 ,7 5
84	12 0 0 0 1 0 ,14 4
85	10 0 0 3 0 1 ,3 5,5 3,11 3,16 3
86	2 0 1 0 0 1 ,0 2,7 5
88	10 0 0 0 1 0 ,13 4
90	14 0 0 0 1 0 ,17 4
93	11 0 0 0 1 0 ,3 4
95	11 0 0 1 0 0 ,10 3
96	11 0 1 0 0 1 ,3 2,14 5
97	15 0 0 1 0 0 ,9 3
98	4 0 0 2 0 0 ,6 3,16 3
