0	10 1 0 0 1 0 ,2 4,21 1
7	11 0 0 0 1 0 ,22 4
8	13 0 0 1 0 1 ,7 5,8 3
11	3 2 0 1 1 0 ,3 1,4 4,9 1,14 3
13	15 1 0 0 0 0 ,1 1
14	15 0 0 0 0 2 ,1 5,12 5
15	7 0 0 1 0 0 ,5 3
17	20 0 0 1 0 0 ,10 3
18	13 0 0 1 0 0 ,2 3
19	1 1 1 1 0 1 ,0 3,8 2,11 1,18 5
21	11 0 0 0 0 1 ,17 5
22	13 0 0 0 0 1 ,2 5
23	11 0 2 0 0 0 ,10 2,22 2
25	11 0 1 1 0 0 ,12 2,15 3
27	14 0 0 1 0 0 ,18 3
29	14 0 0 0 0 1 ,3 5
33	9 0 0 1 0 1 ,7 3,19 5
34	11 0 0 1 0 0 ,22 3
35	10 0 0 0 1 1 ,8 4,20 5
37	9 0 0 1 0 0 ,4 3
38	20 0 0 0 0 1 ,10 5
39	10 0 1 2 0 0 ,1 2,12 3,21 3
41	11 0 0 0 1 0 ,15 4
42	22 0 0 0 0 1 ,12 5
45	2 0 1 0 1 0 ,16 2,18 4
46	20 0 1 0 0 0 ,10 2
49	15 0 0 1 0 0 ,6 3
50	11 1 0 0 0 0 ,17 1
52	9 0 1 1 0 0 ,3 3,4 2
56	11 0 0 0 1 0 ,15 4
57	9 1 0 1 1 0 ,6 4,19 1,21 3
64	20 0 0 0 0 1 ,10 5
66	7 0 0 0 1 0 ,5 4
67	14 0 0 1 0 0 ,3 3
69	15 1 0 0 0 0 ,6 1
70	15 0 1 0 0 0 ,1 2
72	20 0 0 1 0 0 ,10 3
74	4 2 1 0 0 0 ,0 1,3 2,18 1
75	5 0 0 0 1 0 ,9 4
76	14 1 0 0 0 0 ,18 1
77	15 0 1 0 0 0 ,6 2
78	11 0 1 1 0 0 ,8 3,22 2
79	15 0 0 0 2 0 ,6 4,12 4
80	9 0 0 1 0 1 ,1 5,19 3
81	10 0 0 2 0 0 ,12 3,21 3
85	1 1 0 0 0 1 ,13 1,20 5
96	11 0 0 1 0 0 ,17 3
97	13 2 0 0 0 0 ,2 1,6 1
98	11 0 1 0 0 2 ,7 5,8 5,17 2
