0	6 0 1 0 0 1 ,5 5,14 2
1	9 0 0 1 0 0 ,15 3
3	4 0 1 1 0 0 ,3 3,21 2
5	8 0 1 0 0 0 ,16 2
6	8 0 0 0 0 1 ,16 5
8	12 0 0 0 1 0 ,13 4
10	14 0 0 0 0 1 ,12 5
12	15 0 0 0 0 1 ,6 5
14	5 0 0 1 0 1 ,15 5,18 3
19	22 0 0 1 0 0 ,11 3
21	10 1 0 0 1 1 ,6 5,7 1,10 4
22	10 0 0 1 0 1 ,2 5,7 3
25	8 1 0 0 1 0 ,0 4,2 1
28	6 0 0 0 1 1 ,11 5,14 4
29	14 0 0 0 0 1 ,4 5
30	7 1 1 1 0 0 ,1 2,6 1,11 3
32	12 1 0 0 0 0 ,13 1
34	22 0 0 0 0 1 ,11 5
35	10 0 0 0 2 1 ,5 5,7 4,13 4
36	14 0 1 1 0 0 ,4 3,5 2
38	14 0 0 1 1 0 ,2 4,12 3
40	10 1 0 0 0 0 ,7 1
43	13 1 0 1 0 0 ,6 1,22 3
44	21 0 0 0 1 0 ,3 4
45	14 0 0 1 1 1 ,3 5,4 4,12 3
47	8 0 0 0 1 0 ,19 4
48	4 2 0 1 1 0 ,0 3,19 4,21 1,22 1
55	2 0 1 0 0 0 ,8 2
57	21 1 0 0 0 0 ,3 1
58	14 0 0 1 0 0 ,12 3
61	8 0 1 0 0 0 ,20 2
62	5 0 1 1 0 0 ,13 3,18 2
64	22 1 0 0 0 0 ,11 1
66	14 1 0 0 0 1 ,4 1,11 5
67	8 1 0 0 0 0 ,0 1
68	21 0 0 1 0 0 ,3 3
71	15 0 1 0 0 0 ,6 2
72	10 1 0 0 0 0 ,7 1
73	7 1 0 0 0 1 ,1 5,4 1
74	4 2 0 0 0 0 ,16 1,21 1
75	1 2 0 0 0 0 ,9 1,17 1
77	14 0 1 0 0 0 ,5 2
78	8 0 1 0 1 1 ,2 4,3 5,17 2
82	15 1 0 0 0 1 ,2 5,6 1
84	13 0 0 1 0 0 ,22 3
88	8 0 0 0 1 0 ,20 4
89	8 0 0 0 0 1 ,17 5
91	9 1 1 0 0 0 ,2 2,15 1
92	8 0 1 0 0 1 ,20 2,22 5
93	10 0 0 0 0 1 ,10 5
94	13 1 0 0 0 0 ,22 1
96	10 1 0 0 0 0 ,10 1
