0	7 0 0 1 0 0 ,12 3
1	14 0 1 0 0 1 ,19 2,23 5
5	7 0 2 1 0 0 ,2 3,12 2,27 2
6	14 1 0 1 0 0 ,8 1,25 3
7	9 1 1 0 0 1 ,18 1,23 2,27 5
8	20 0 0 1 0 0 ,5 3
9	15 0 0 2 1 0 ,1 3,5 3,23 4
10	9 0 0 0 1 0 ,6 4
12	9 0 0 0 0 1 ,6 5
13	6 1 0 1 0 0 ,3 1,20 3
14	7 1 0 0 1 0 ,12 1,28 4
15	10 0 0 0 0 1 ,2 5
16	18 0 0 0 0 1 ,15 5
17	17 0 0 1 0 1 ,10 3,26 5
19	9 1 0 0 0 0 ,18 1
22	15 1 0 0 0 1 ,1 1,15 5
23	2 0 1 1 0 0 ,0 2,11 3
24	1 2 0 0 0 0 ,19 1,22 1
25	5 0 1 0 0 0 ,9 2
26	5 1 1 1 1 0 ,1 3,3 2,8 4,9 1
27	5 0 1 0 1 0 ,9 2,26 4
28	6 1 0 0 0 0 ,3 1
32	19 0 1 0 0 0 ,8 2
35	3 0 0 2 0 0 ,15 3,17 3
36	9 0 0 0 0 1 ,18 5
37	15 0 0 0 1 0 ,1 4
39	10 1 0 0 0 0 ,28 1
41	8 0 0 0 1 1 ,5 5,13 4
42	18 0 0 1 0 0 ,20 3
44	20 0 1 0 0 0 ,5 2
46	18 0 0 0 1 0 ,20 4
47	19 0 0 0 0 1 ,8 5
48	6 0 2 0 0 0 ,3 2,19 2
50	17 1 0 0 0 0 ,10 1
51	20 0 1 0 0 0 ,5 2
56	8 0 0 1 0 0 ,13 3
57	9 0 1 0 0 0 ,14 2
60	14 0 0 1 1 1 ,10 5,15 3,25 4
62	9 0 2 0 0 0 ,4 2,18 2
64	23 0 0 0 0 1 ,23 5
65	9 0 1 0 0 0 ,4 2
68	27 0 0 0 0 1 ,26 5
69	10 0 1 0 0 1 ,1 2,24 5
70	17 0 1 0 0 1 ,10 5,15 2
72	27 0 0 0 0 1 ,26 5
73	18 0 1 0 0 1 ,20 2,23 5
74	9 0 0 0 0 1 ,4 5
77	14 0 0 1 0 1 ,19 5,25 3
78	9 0 0 0 1 0 ,14 4
79	4 0 1 1 1 1 ,14 3,16 4,24 2,28 5
80	3 2 0 1 0 1 ,13 1,21 3,26 5,27 1
83	17 0 0 1 0 0 ,10 3
85	15 0 1 0 0 0 ,1 2
86	14 0 0 0 1 0 ,19 4
87	20 0 0 0 0 1 ,5 5
88	10 0 0 1 0 1 ,20 5,24 3
89	19 0 0 0 0 1 ,8 5
90	18 1 0 0 0 0 ,20 1
92	7 1 0 0 0 0 ,12 1
93	23 0 1 0 0 0 ,23 2
95	10 0 2 1 0 0 ,2 2,26 3,27 2
97	4 0 0 0 2 0 ,7 4,25 4
98	19 0 1 0 0 0 ,8 2
