0	17 0 0 0 1 0 ,18 4
2	2 0 1 1 0 1 ,9 3,19 5,25 2
3	15 0 1 0 1 0 ,6 4,29 2
5	14 0 0 1 0 1 ,15 3,26 5
6	5 0 1 0 0 2 ,10 2,14 5,24 5
7	8 0 1 0 0 0 ,21 2
8	17 0 1 0 0 0 ,18 2
10	13 1 0 0 0 0 ,14 1
11	9 1 0 0 0 1 ,5 5,11 1
12	1 2 0 0 0 1 ,7 5,17 1,23 1
14	3 0 0 1 0 0 ,13 3
15	13 0 0 0 2 1 ,5 4,14 4,15 5
17	15 1 0 0 0 0 ,29 1
18	7 2 0 1 0 0 ,5 1,6 3,23 1
20	12 0 0 0 1 0 ,22 4
21	14 1 0 0 0 0 ,15 1
22	12 1 0 0 0 1 ,2 1,4 5
23	7 0 0 0 0 1 ,23 5
25	17 0 1 0 0 0 ,2 2
26	9 0 0 0 1 0 ,11 4
28	9 1 0 0 1 0 ,9 1,24 4
29	22 0 0 1 0 0 ,26 3
31	14 0 0 0 0 2 ,2 5,9 5
32	14 0 0 0 1 1 ,1 4,27 5
33	12 0 1 0 0 0 ,19 2
34	4 0 1 0 1 0 ,7 4,8 2
35	12 0 0 1 0 0 ,22 3
36	1 2 0 1 0 0 ,0 3,8 1,28 1
37	17 1 0 0 0 0 ,2 1
39	9 0 1 0 1 0 ,11 2,26 4
40	8 1 0 1 1 0 ,3 1,12 4,18 3
41	9 1 0 0 0 1 ,0 1,6 5
42	12 0 2 0 0 0 ,4 2,29 2
43	5 1 1 0 0 0 ,10 2,15 1
45	16 0 0 1 0 0 ,7 3
46	20 0 0 0 1 0 ,31 4
49	17 0 0 0 1 0 ,18 4
50	20 0 0 0 0 1 ,31 5
51	14 0 1 0 1 0 ,15 2,18 4
55	4 0 2 0 0 0 ,20 2,21 2
56	4 0 1 0 0 1 ,20 2,29 5
57	1 1 0 0 0 1 ,1 5,32 1
60	12 0 1 0 0 1 ,19 5,27 2
62	9 0 0 0 0 1 ,0 5
63	8 0 2 0 0 0 ,5 2,12 2
64	8 1 0 0 2 0 ,21 4,27 1,30 4
66	16 0 0 0 1 0 ,6 4
67	14 0 0 0 0 1 ,1 5
68	10 1 0 0 1 0 ,3 1,7 4
69	14 0 1 0 0 0 ,15 2
72	22 0 0 0 0 1 ,26 5
73	12 0 0 1 0 0 ,22 3
74	7 0 0 0 0 1 ,16 5
75	17 0 0 0 1 1 ,2 4,26 5
77	13 0 0 1 0 0 ,14 3
78	8 0 1 0 0 0 ,12 2
79	5 1 0 1 0 0 ,4 3,10 1
80	4 1 1 0 1 0 ,4 2,8 1,31 4
81	8 0 0 0 1 0 ,30 4
82	20 0 0 0 1 0 ,31 4
84	14 0 0 1 0 0 ,9 3
88	10 0 0 0 1 2 ,3 5,27 4,29 5
90	17 0 0 0 1 0 ,2 4
93	19 0 0 0 1 0 ,5 4
95	9 0 1 0 0 0 ,11 2
96	17 0 0 1 0 1 ,5 3,27 5
97	12 0 1 0 0 0 ,22 2
98	20 0 0 1 0 0 ,31 3
99	7 0 2 1 0 0 ,3 3,9 2,16 2
