0	16 0 1 0 1 0 ,16 4,22 2
2	8 0 0 0 0 1 ,28 5
3	4 1 2 1 0 0 ,4 2,6 1,15 3,29 2
5	8 2 0 0 2 0 ,7 1,10 4,24 4,28 1
8	5 0 1 0 0 1 ,17 5,25 2
10	6 0 0 0 0 1 ,0 5
12	16 0 1 0 0 0 ,21 2
14	10 0 0 0 1 1 ,24 5,25 4
15	18 0 0 0 1 0 ,6 4
16	11 1 1 0 0 0 ,7 2,15 1
18	14 0 0 0 0 1 ,8 5
20	11 0 0 0 1 1 ,6 4,19 5
21	2 0 2 0 0 0 ,11 2,14 2
22	24 0 0 0 1 0 ,16 4
24	16 0 1 0 0 1 ,16 5,21 2
26	1 1 0 0 0 0 ,20 1
27	16 0 0 0 0 1 ,22 5
30	18 0 0 1 0 0 ,6 3
32	16 0 0 1 0 0 ,21 3
33	15 1 0 0 0 0 ,29 1
34	4 0 1 1 0 0 ,4 2,15 3
35	5 0 0 1 0 0 ,18 3
36	11 1 0 0 0 0 ,10 1
37	22 0 0 0 0 1 ,13 5
38	10 0 0 0 1 0 ,25 4
39	8 0 0 1 0 0 ,5 3
41	11 0 1 0 1 0 ,6 2,7 4
42	11 1 0 0 1 0 ,1 1,7 4
44	13 0 1 0 0 0 ,24 2
45	16 0 0 0 1 0 ,22 4
47	4 0 0 0 1 1 ,1 5,3 4
48	11 0 1 0 1 0 ,19 2,22 4
49	11 0 1 0 0 0 ,10 2
50	8 0 0 1 0 0 ,5 3
51	15 0 1 1 0 0 ,16 2,29 3
52	18 0 0 0 1 0 ,6 4
54	22 0 0 1 0 0 ,13 3
55	2 0 1 1 0 0 ,2 2,15 3
56	14 0 1 0 1 0 ,1 2,8 4
61	22 0 0 0 1 0 ,13 4
62	11 1 0 0 0 1 ,26 1,29 5
66	4 1 1 0 1 0 ,18 2,22 1,23 4
68	14 1 0 0 0 0 ,1 1
69	22 0 0 0 0 1 ,13 5
70	4 1 0 0 1 0 ,15 1,27 4
71	11 0 0 0 1 0 ,26 4
72	13 0 2 0 0 0 ,21 2,24 2
73	11 0 1 0 0 0 ,19 2
74	14 1 0 1 0 0 ,1 3,13 1
75	15 0 0 0 1 0 ,29 4
76	11 0 1 0 1 0 ,16 4,19 2
79	7 0 0 0 1 2 ,14 5,21 4,26 5
82	6 1 0 0 0 0 ,0 1
83	11 0 0 0 1 0 ,10 4
84	3 0 0 1 0 0 ,9 3
85	2 0 1 0 0 0 ,12 2
86	16 0 0 1 0 0 ,21 3
87	11 1 0 0 0 1 ,16 5,26 1
89	14 0 1 0 1 0 ,1 2,13 4
90	8 0 1 0 0 0 ,5 2
94	8 0 1 0 0 0 ,28 2
99	14 0 0 0 0 1 ,8 5
