1	7 1 0 1 0 0 ,0 3,23 1
2	11 0 1 0 1 0 ,2 4,25 2
3	14 0 0 0 0 1 ,22 5
5	12 0 0 0 0 1 ,24 5
6	9 1 0 0 1 0 ,12 4,20 1
10	16 0 0 0 1 0 ,16 4
11	11 0 0 1 0 0 ,25 3
12	11 0 0 1 0 0 ,25 3
13	4 0 0 0 1 2 ,15 4,21 5,22 5
18	13 1 1 0 0 0 ,2 2,22 1
20	10 1 0 0 0 0 ,14 1
21	5 0 1 0 0 0 ,6 2
23	14 0 0 0 1 0 ,23 4
25	10 0 0 0 0 1 ,9 5
26	14 0 1 0 0 0 ,23 2
28	14 0 0 1 0 0 ,22 3
30	10 0 0 0 0 2 ,1 5,16 5
31	4 0 1 2 0 2 ,1 3,9 5,18 2,19 3,21 5
32	17 0 0 0 0 1 ,12 5
33	12 0 0 0 1 0 ,11 4
34	6 1 0 0 0 2 ,5 5,12 5,17 1
35	5 0 0 1 0 0 ,6 3
37	12 1 0 1 0 0 ,2 1,11 3
40	10 0 0 0 1 0 ,14 4
42	2 0 1 0 0 1 ,8 2,20 5
45	11 0 0 1 0 0 ,25 3
46	17 1 0 0 0 0 ,12 1
47	9 0 0 1 0 1 ,20 3,23 5
52	12 0 0 1 0 1 ,4 3,19 5
53	9 1 1 0 0 0 ,5 1,12 2
56	6 0 1 0 0 0 ,10 2
61	1 1 0 0 0 0 ,7 1
62	2 0 1 0 0 0 ,13 2
64	13 0 0 0 0 1 ,2 5
66	12 0 0 1 0 0 ,24 3
67	12 0 0 0 1 0 ,11 4
69	12 0 0 1 0 0 ,4 3
71	10 0 0 1 0 1 ,14 5,24 3
72	12 0 0 0 1 0 ,19 4
75	12 1 0 0 0 0 ,24 1
76	4 1 1 0 0 1 ,10 1,17 5,18 2
77	16 0 0 0 0 1 ,16 5
80	12 1 0 0 0 0 ,11 1
81	9 0 0 1 0 0 ,5 3
85	7 1 0 0 1 0 ,0 4,2 1
86	3 1 0 1 0 0 ,3 3,21 1
91	10 0 1 0 0 0 ,1 2
92	6 0 0 1 0 0 ,10 3
93	12 0 1 0 1 0 ,4 4,16 2
96	12 0 1 0 0 0 ,4 2
98	14 0 1 0 0 0 ,23 2
