1	4 1 0 1 1 0 ,1 3,20 4,23 1
2	18 0 1 0 0 0 ,5 2
4	17 1 0 0 0 0 ,11 1
6	4 1 0 0 0 0 ,16 1
8	12 1 0 1 0 0 ,1 3,14 1
10	2 1 1 1 0 0 ,10 2,22 3,26 1
11	15 0 0 0 1 0 ,15 4
13	18 0 0 2 0 0 ,3 3,5 3
16	8 0 1 3 0 0 ,0 3,12 3,13 3,15 2
17	12 0 0 0 1 0 ,7 4
19	6 1 0 0 0 0 ,21 1
21	22 0 0 0 0 1 ,3 5
23	15 0 1 0 0 0 ,17 2
26	12 1 0 0 0 0 ,14 1
27	9 0 1 0 0 0 ,0 2
28	15 0 1 0 0 0 ,15 2
31	13 0 0 1 1 0 ,15 4,22 3
32	1 1 0 0 0 0 ,4 1
33	9 0 0 0 2 1 ,9 4,17 5,22 4
34	8 0 1 0 0 0 ,10 2
36	12 0 0 1 0 1 ,12 5,19 3
37	9 0 0 0 1 0 ,9 4
38	19 0 0 1 1 0 ,3 3,19 4
39	12 0 0 1 0 0 ,7 3
41	12 0 0 1 0 0 ,2 3
44	10 0 0 0 0 2 ,19 5,24 5
47	8 0 1 0 0 1 ,2 5,13 2
48	15 1 1 1 0 0 ,3 2,8 3,17 1
49	15 1 0 0 0 0 ,17 1
50	5 0 0 0 0 1 ,18 5
51	17 0 0 2 0 0 ,5 3,8 3
52	12 0 2 0 0 1 ,5 5,12 2,25 2
53	13 0 0 0 1 0 ,25 4
54	9 1 1 1 1 1 ,0 4,3 5,15 2,17 1,25 3
55	13 0 1 1 1 0 ,11 4,22 3,25 2
56	13 0 0 0 1 0 ,1 4
57	13 0 1 0 1 0 ,5 4,25 2
58	8 2 0 0 1 0 ,3 4,13 1,15 1
61	4 0 0 1 0 0 ,23 3
62	17 0 0 0 0 1 ,11 5
63	12 0 1 0 0 0 ,12 2
65	12 0 0 0 0 1 ,14 5
66	10 0 2 0 0 0 ,8 2,24 2
68	8 1 0 0 0 1 ,10 1,17 5
69	8 0 1 0 0 0 ,13 2
70	12 0 0 1 1 0 ,7 4,19 3
72	7 1 0 0 0 1 ,6 1,8 5
74	6 0 1 0 0 0 ,21 2
76	7 0 1 0 0 0 ,6 2
77	17 1 0 0 1 0 ,8 4,19 1
78	12 0 0 0 1 0 ,2 4
79	8 0 0 1 0 0 ,10 3
80	9 1 0 0 0 0 ,9 1
81	13 1 0 0 0 0 ,1 1
82	18 1 0 0 0 0 ,5 1
83	4 0 0 2 0 0 ,16 3,24 3
84	6 0 0 1 0 0 ,21 3
87	2 1 0 1 0 0 ,11 3,26 1
88	17 0 0 0 1 0 ,11 4
89	9 0 0 0 0 1 ,20 5
92	13 0 1 0 0 0 ,1 2
95	7 0 0 0 1 0 ,6 4
96	12 0 0 1 0 1 ,14 5,19 3
98	12 1 0 0 0 0 ,7 1
