0	5 0 0 0 0 2 ,7 5,13 5
1	3 1 0 2 1 0 ,4 1,14 3,18 3,24 4
6	8 0 0 1 0 0 ,15 3
9	23 0 0 0 0 2 ,18 5,23 5
11	8 0 0 2 0 0 ,16 3,19 3
12	12 0 0 0 1 1 ,4 5,20 4
13	12 0 0 1 0 1 ,10 3,12 5
16	8 0 0 0 1 1 ,12 5,27 4
17	9 0 0 2 1 0 ,2 3,24 4,26 3
18	9 0 0 0 0 1 ,19 5
20	19 0 0 0 1 0 ,17 4
21	8 0 1 1 0 1 ,2 2,16 3,17 5
24	14 1 0 0 0 0 ,20 1
25	10 1 1 0 0 0 ,1 2,13 1
27	10 1 0 0 0 1 ,2 5,13 1
28	23 1 0 0 0 0 ,12 1
30	26 0 0 0 0 1 ,25 5
33	10 0 1 2 0 0 ,1 3,20 2,23 3
35	8 1 0 0 0 0 ,15 1
36	8 1 1 0 0 0 ,10 2,16 1
38	12 0 1 0 1 0 ,2 2,8 4
39	8 0 0 1 0 0 ,6 3
40	10 0 1 0 0 1 ,13 2,18 5
41	23 0 1 0 0 0 ,23 2
43	7 1 0 0 1 1 ,5 5,18 1,22 4
45	26 0 0 0 0 1 ,25 5
46	8 1 0 0 0 0 ,16 1
47	12 0 1 0 0 0 ,4 2
52	10 1 0 0 0 0 ,13 1
53	6 0 0 0 2 0 ,11 4,22 4
54	26 0 0 0 0 1 ,25 5
55	9 1 0 0 0 0 ,24 1
56	9 0 0 0 1 1 ,23 4,26 5
57	7 1 0 0 0 1 ,5 1,25 5
59	8 0 0 0 1 0 ,15 4
61	23 0 1 0 0 0 ,12 2
62	8 2 0 0 1 0 ,2 1,17 1,27 4
63	10 0 0 0 0 1 ,1 5
64	9 0 0 0 1 0 ,3 4
66	8 0 0 1 1 1 ,3 4,6 5,20 3
67	4 1 1 0 2 0 ,0 2,4 4,10 1,23 4
69	19 0 0 0 0 1 ,17 5
70	14 0 0 0 1 0 ,20 4
72	1 2 0 0 0 0 ,19 1,21 1
74	9 1 0 0 1 0 ,10 4,26 1
76	15 0 1 0 0 0 ,22 2
78	7 1 0 0 0 0 ,5 1
79	2 0 1 0 0 0 ,9 2
82	9 1 0 0 0 1 ,3 1,25 5
84	15 1 0 0 0 1 ,12 5,22 1
89	4 0 1 0 0 0 ,0 2
90	23 0 0 0 0 1 ,18 5
92	12 0 1 0 0 1 ,10 2,23 5
93	12 0 0 0 2 0 ,8 4,18 4
94	12 0 0 0 1 0 ,8 4
95	19 0 0 0 1 0 ,17 4
97	6 1 1 0 0 1 ,11 2,12 5,25 1
98	15 0 0 0 1 0 ,22 4
