0	18 0 0 0 0 1 ,10 5
2	11 0 0 1 0 0 ,12 3
3	21 0 1 0 0 0 ,17 2
4	14 0 0 0 0 1 ,15 5
8	6 1 0 0 0 0 ,4 1
9	9 0 1 1 1 0 ,1 4,12 2,18 3
10	15 0 1 0 0 0 ,19 2
11	20 0 1 0 0 0 ,16 2
13	20 0 0 0 0 1 ,16 5
15	14 0 2 0 0 0 ,15 2,19 2
18	5 1 0 0 1 0 ,14 1,19 4
20	13 0 1 0 0 0 ,18 2
24	9 0 0 1 0 0 ,1 3
25	15 0 0 0 0 1 ,11 5
29	18 0 0 1 0 0 ,10 3
32	15 0 1 0 0 0 ,11 2
33	15 0 0 0 0 1 ,11 5
34	6 0 0 1 0 0 ,4 3
36	15 0 0 1 0 0 ,11 3
37	18 1 0 0 0 0 ,10 1
38	11 0 1 1 0 0 ,5 2,12 3
40	17 0 0 0 1 0 ,3 4
41	13 0 1 1 0 0 ,0 2,18 3
43	18 0 0 1 0 1 ,10 5,17 3
48	5 0 1 1 0 0 ,14 3,16 2
49	13 0 1 1 0 0 ,0 2,2 3
50	5 1 0 0 1 0 ,14 1,16 4
53	13 0 0 1 1 0 ,2 3,17 4
54	5 0 0 1 0 0 ,6 3
57	13 0 0 0 2 0 ,17 4,18 4
58	13 0 1 1 0 0 ,2 2,17 3
59	9 0 1 0 1 0 ,0 2,8 4
60	6 0 1 0 1 0 ,3 4,4 2
61	5 0 0 0 0 2 ,5 5,13 5
62	13 1 0 0 0 0 ,18 1
67	13 0 2 0 0 1 ,0 2,3 5,19 2
70	9 1 0 0 1 0 ,1 1,19 4
71	8 0 0 1 0 1 ,9 5,16 3
72	18 0 0 1 0 0 ,10 3
73	5 0 1 0 0 0 ,6 2
74	15 1 0 0 0 0 ,19 1
75	14 0 1 0 0 0 ,15 2
76	13 0 0 1 0 0 ,5 3
82	20 0 0 0 1 1 ,16 4,17 5
83	9 0 0 0 0 1 ,8 5
85	13 1 1 0 0 0 ,0 2,15 1
87	17 0 0 0 1 0 ,3 4
88	14 0 0 0 1 0 ,15 4
90	3 0 0 2 0 0 ,0 3,7 3
91	18 1 0 0 0 0 ,10 1
93	8 0 0 1 0 0 ,9 3
97	9 1 0 1 0 1 ,1 1,2 5,12 3
98	13 0 0 1 0 0 ,5 3
