0	7 1 0 0 1 0 ,0 1,13 4
1	5 0 1 0 0 0 ,19 2
2	8 0 1 0 0 0 ,1 2
3	15 0 1 0 0 0 ,11 2
4	17 0 0 0 0 1 ,4 5
5	7 1 0 0 0 4 ,0 1,3 5,7 5,11 5,14 5
6	15 0 0 1 0 0 ,18 3
7	15 2 1 0 0 0 ,4 1,11 1,18 2
8	8 0 0 0 0 1 ,15 5
11	14 0 0 1 0 0 ,3 3
14	5 0 1 0 0 1 ,5 5,19 2
19	8 0 0 1 0 0 ,20 3
22	15 0 1 0 0 0 ,11 2
23	22 0 0 0 0 1 ,7 5
24	6 0 1 1 0 0 ,2 2,9 3
26	15 0 1 0 0 0 ,18 2
28	7 0 0 0 0 1 ,0 5
29	11 1 0 0 0 0 ,13 1
30	8 0 0 1 2 0 ,4 4,14 4,15 3
32	4 0 0 1 1 0 ,7 3,16 4
33	15 0 1 0 0 0 ,11 2
34	4 0 0 0 1 0 ,17 4
40	15 1 0 0 0 0 ,18 1
42	13 0 0 1 0 0 ,2 3
43	8 0 0 0 1 1 ,5 4,20 5
44	14 1 0 0 0 0 ,3 1
48	19 0 0 0 1 0 ,5 4
50	9 0 0 0 1 1 ,4 4,21 5
55	13 0 0 1 0 0 ,2 3
56	13 0 0 0 1 0 ,10 4
57	13 1 0 0 0 1 ,2 5,3 1
59	15 0 0 0 1 0 ,18 4
61	6 1 0 1 0 0 ,5 1,9 3
64	5 0 0 0 0 2 ,7 5,12 5
68	13 0 0 0 1 0 ,10 4
69	2 0 1 1 0 0 ,6 2,21 3
71	5 0 0 0 0 1 ,8 5
74	15 0 0 1 0 0 ,11 3
75	14 0 0 0 1 0 ,3 4
78	13 0 0 0 1 0 ,10 4
79	13 1 0 0 0 0 ,10 1
80	22 0 0 0 1 0 ,7 4
82	9 1 1 0 0 0 ,5 2,21 1
84	11 1 0 1 0 0 ,13 1,18 3
85	17 0 0 1 0 0 ,4 3
92	8 0 1 1 0 0 ,1 2,5 3
95	5 1 0 0 0 0 ,19 1
96	11 0 0 0 0 1 ,13 5
99	8 0 0 0 1 0 ,1 4
