1	8 0 0 3 0 1 ,13 3,20 3,27 3,31 5
2	7 0 1 1 0 1 ,10 5,16 2,25 3
4	11 0 0 0 1 0 ,18 4
5	19 0 0 0 0 1 ,5 5
6	8 0 1 1 0 0 ,13 3,27 2
9	17 0 0 0 1 1 ,1 4,25 5
10	18 0 0 1 0 0 ,22 3
11	6 0 1 0 0 2 ,8 5,15 2,29 5
12	10 0 1 0 1 1 ,30 5,32 2,33 4
13	4 0 1 0 0 1 ,14 5,21 2
14	3 0 2 0 0 1 ,4 5,7 2,24 2
15	20 0 0 0 1 0 ,31 4
17	8 1 0 0 0 0 ,23 1
18	20 1 0 0 0 0 ,31 1
20	10 0 0 1 0 0 ,28 3
21	13 0 0 2 1 1 ,2 3,19 5,25 3,26 4
22	11 1 0 0 0 0 ,18 1
23	11 2 0 1 0 0 ,4 1,11 3,30 1
24	8 0 0 1 1 0 ,23 3,25 4
25	17 0 1 0 1 0 ,1 4,5 2
26	11 1 0 0 0 0 ,11 1
27	17 0 1 0 0 0 ,1 2
29	18 1 0 0 0 0 ,13 1
30	3 2 1 0 0 0 ,3 1,7 2,17 1
31	19 0 0 0 0 1 ,20 5
33	6 0 1 0 1 0 ,15 2,23 4
34	7 0 0 0 1 0 ,16 4
36	3 1 0 0 0 0 ,3 1
37	14 1 0 0 0 1 ,0 5,19 1
38	2 1 0 0 0 0 ,6 1
39	17 0 0 1 0 0 ,33 3
40	18 0 0 0 0 1 ,22 5
41	7 1 0 0 0 0 ,16 1
42	11 0 0 1 0 2 ,2 3,7 5,17 5
46	17 0 1 1 0 1 ,2 3,22 5,33 2
47	3 1 1 0 0 1 ,3 1,5 5,13 2
48	14 1 0 0 1 0 ,8 1,13 4
50	11 1 2 2 0 0 ,11 2,22 2,25 3,31 3,33 1
51	18 0 0 1 0 0 ,10 3
52	16 0 1 0 0 0 ,0 2
53	14 0 0 1 0 0 ,19 3
54	10 0 2 1 0 1 ,2 5,19 3,32 2,33 2
55	18 1 0 0 0 1 ,20 5,22 1
57	14 1 0 0 1 0 ,7 1,8 4
58	7 0 1 0 2 0 ,12 2,26 4,30 4
61	3 1 0 0 1 0 ,1 4,24 1
62	18 0 0 0 1 0 ,10 4
63	1 1 0 0 0 0 ,9 1
64	19 1 0 0 0 0 ,20 1
65	8 0 0 3 0 0 ,5 3,26 3,27 3
67	10 1 1 0 0 1 ,5 1,14 2,28 5
68	2 1 0 1 0 0 ,5 3,6 1
70	10 0 1 0 1 0 ,20 4,28 2
71	6 0 1 0 0 0 ,15 2
72	10 0 0 1 0 1 ,0 5,32 3
75	10 0 1 1 0 0 ,19 2,32 3
76	20 0 0 0 1 0 ,31 4
77	18 0 0 1 0 0 ,10 3
79	14 0 0 0 1 0 ,8 4
80	11 1 0 0 0 0 ,18 1
81	7 0 0 0 3 1 ,2 4,7 4,12 5,14 4
82	16 1 0 0 0 1 ,0 1,25 5
84	17 0 1 1 0 0 ,1 2,10 3
85	9 0 1 0 1 0 ,17 2,29 4
86	13 0 1 0 0 0 ,30 2
87	11 0 0 0 0 1 ,18 5
88	17 1 1 1 0 0 ,1 1,2 2,31 3
90	12 2 0 0 0 0 ,4 1,30 1
91	11 1 0 0 0 1 ,11 5,20 1
92	18 0 1 0 0 0 ,22 2
93	11 0 0 1 0 0 ,17 3
94	16 0 0 1 0 0 ,0 3
95	17 0 0 0 0 1 ,33 5
96	4 0 1 0 0 0 ,21 2
97	13 0 1 0 0 1 ,13 5,26 2
98	12 0 0 0 0 1 ,4 5
