0	13 0 0 0 1 0 ,14 4
1	17 0 0 1 0 0 ,1 3
2	7 1 1 0 0 1 ,1 1,12 5,13 2
6	18 0 0 1 0 0 ,25 3
8	4 0 1 1 0 1 ,2 3,3 5,15 2
10	13 0 0 0 1 0 ,14 4
13	22 0 0 0 1 0 ,19 4
15	13 0 2 0 0 0 ,3 2,8 2
16	13 0 0 0 0 1 ,14 5
17	10 0 1 0 0 1 ,6 5,8 2
19	13 0 0 1 1 0 ,8 3,17 4
20	5 0 0 0 1 1 ,10 5,24 4
21	9 2 1 0 0 0 ,7 1,11 1,12 2
22	18 0 1 0 1 1 ,16 5,19 2,25 4
25	9 0 0 2 0 0 ,8 3,23 3
26	9 0 1 0 2 0 ,7 2,16 4,25 4
27	10 0 1 0 0 0 ,6 2
28	7 0 0 1 0 0 ,20 3
32	18 0 1 0 0 0 ,25 2
36	13 1 0 0 0 0 ,21 1
37	7 0 0 0 1 0 ,20 4
39	12 0 0 0 0 1 ,12 5
40	14 1 0 0 0 0 ,17 1
42	3 0 1 0 0 0 ,0 2
44	14 0 1 0 0 0 ,17 2
46	13 0 1 0 0 0 ,8 2
47	17 0 0 1 0 0 ,1 3
49	7 0 0 0 1 1 ,13 5,19 4
50	13 0 1 0 0 0 ,21 2
52	5 0 1 0 0 0 ,18 2
53	9 0 0 0 2 0 ,2 4,7 4
54	13 0 0 0 0 1 ,21 5
55	23 0 0 0 0 1 ,3 5
57	9 1 0 0 0 0 ,7 1
58	7 0 1 2 0 0 ,2 3,5 3,11 2
59	9 0 1 0 0 0 ,23 2
61	10 1 1 0 0 0 ,6 2,21 1
62	14 1 1 0 0 0 ,16 2,17 1
63	18 0 0 0 0 1 ,25 5
64	4 0 0 0 1 0 ,22 4
65	7 1 0 0 0 2 ,4 5,7 1,19 5
67	22 0 1 0 0 0 ,19 2
68	3 1 2 0 0 0 ,0 1,3 2,10 2
70	10 1 0 0 0 0 ,6 1
74	5 0 0 1 0 0 ,18 3
75	11 1 0 0 0 0 ,11 1
76	21 0 0 0 1 0 ,16 4
77	4 0 1 0 1 0 ,15 2,16 4
79	11 0 0 1 0 0 ,11 3
80	6 1 0 0 0 0 ,9 1
81	22 0 0 0 0 1 ,19 5
82	14 0 0 0 0 1 ,17 5
83	6 0 0 0 0 1 ,9 5
86	7 0 0 0 2 1 ,1 5,3 4,5 4
87	5 1 1 0 0 0 ,4 2,24 1
89	13 0 0 0 1 0 ,21 4
92	9 1 0 0 2 0 ,1 4,8 1,23 4
93	11 0 0 0 1 0 ,11 4
94	11 2 0 0 0 0 ,1 1,2 1
97	14 1 0 0 0 0 ,17 1
98	21 0 1 0 0 0 ,16 2
99	23 0 0 0 0 1 ,3 5
