1	18 0 0 0 1 0 ,2 4
2	7 1 0 1 0 0 ,6 1,14 3
3	18 0 1 0 0 0 ,24 2
4	9 0 0 1 0 2 ,13 5,16 3,32 5
5	12 0 2 1 1 0 ,2 2,11 4,27 2,33 3
6	7 0 0 1 0 0 ,6 3
7	8 0 1 0 0 0 ,7 2
8	8 0 0 1 0 2 ,4 3,29 5,32 5
9	16 0 0 0 1 1 ,9 5,12 4
11	15 0 0 0 0 1 ,16 5
12	8 0 0 1 0 0 ,17 3
13	5 1 0 0 0 0 ,20 1
14	8 0 0 0 1 2 ,4 5,19 5,23 4
15	9 1 0 0 0 0 ,15 1
17	12 0 0 1 1 0 ,27 4,33 3
19	9 0 0 2 0 0 ,3 3,15 3
23	15 0 1 0 1 1 ,9 2,23 4,24 5
26	7 2 0 1 1 1 ,9 1,16 1,19 5,23 4,28 3
27	9 2 0 0 0 0 ,12 1,15 1
29	12 0 1 0 0 0 ,29 2
30	10 1 2 0 0 0 ,8 2,9 1,14 2
31	8 1 0 0 0 0 ,17 1
32	7 0 0 0 2 0 ,8 4,28 4
33	8 0 0 1 0 1 ,7 3,21 5
34	11 0 0 1 0 0 ,18 3
35	18 0 0 0 0 1 ,2 5
36	5 1 0 0 0 0 ,20 1
37	12 0 1 0 0 0 ,33 2
38	18 0 0 1 0 0 ,2 3
39	8 1 0 0 0 0 ,10 1
42	20 0 0 0 0 1 ,32 5
43	23 0 1 0 0 0 ,19 2
45	18 0 0 0 0 1 ,24 5
46	7 0 0 1 0 1 ,26 5,30 3
47	14 0 0 0 1 0 ,3 4
48	5 0 0 0 0 2 ,5 5,8 5
50	5 0 0 3 0 0 ,17 3,19 3,20 3
51	22 0 0 0 0 1 ,8 5
53	5 0 1 0 0 1 ,16 2,22 5
56	16 0 0 1 0 0 ,11 3
57	8 0 0 1 0 0 ,7 3
58	7 0 1 0 1 0 ,15 2,30 4
60	3 0 0 1 0 0 ,1 3
61	7 1 0 0 0 0 ,26 1
62	16 0 0 0 0 1 ,11 5
64	8 0 0 0 0 1 ,10 5
66	8 1 1 0 2 0 ,2 4,9 2,17 1,33 4
68	8 0 1 0 1 0 ,10 2,18 4
69	9 0 0 0 1 0 ,13 4
70	7 0 1 2 0 0 ,6 2,11 3,23 3
71	23 0 0 1 0 0 ,19 3
72	1 1 1 0 0 0 ,25 2,35 1
73	7 1 0 0 0 0 ,26 1
75	16 1 0 0 0 0 ,11 1
76	5 1 0 1 0 2 ,9 5,21 3,29 1,31 5
77	20 0 1 0 0 0 ,32 2
78	16 0 1 0 0 0 ,12 2
79	1 1 0 1 1 0 ,0 4,24 3,34 1
80	18 0 0 1 0 0 ,24 3
83	19 0 0 0 1 0 ,27 4
84	10 1 0 0 0 1 ,12 5,14 1
85	22 0 0 0 1 0 ,8 4
86	11 1 0 0 0 2 ,18 1,19 5,27 5
88	12 0 0 0 1 0 ,29 4
89	8 0 0 0 2 0 ,0 4,14 4
90	20 0 0 1 0 0 ,32 3
92	15 0 0 0 1 0 ,16 4
94	7 1 0 0 0 0 ,6 1
96	14 0 0 1 0 1 ,3 5,27 3
97	9 1 2 0 0 0 ,8 2,15 2,27 1
98	14 0 1 0 1 0 ,3 2,12 4
99	4 0 1 1 0 0 ,18 3,25 2
