0	9 0 0 1 1 1 ,0 3,15 5,17 4
1	8 1 0 0 0 0 ,22 1
2	8 0 1 0 0 1 ,15 5,24 2
7	9 0 0 1 0 0 ,34 3
8	17 0 0 0 0 1 ,35 5
9	11 0 1 1 0 0 ,19 2,30 3
10	22 0 0 0 0 1 ,32 5
11	12 0 0 1 0 0 ,4 3
12	8 1 0 0 0 0 ,22 1
13	5 2 0 0 0 0 ,1 1,19 1
16	9 0 2 1 0 0 ,11 3,25 2,32 2
18	17 0 1 0 0 0 ,35 2
20	15 0 0 1 0 0 ,16 3
23	13 1 1 0 0 0 ,3 1,11 2
24	12 1 0 0 0 1 ,4 5,35 1
25	8 1 1 1 0 0 ,7 1,21 3,22 2
26	17 0 0 0 0 1 ,33 5
27	3 0 0 1 0 1 ,7 5,26 3
28	9 1 0 0 0 0 ,0 1
29	9 0 0 0 1 1 ,16 4,34 5
30	15 1 0 0 0 0 ,16 1
31	14 0 0 0 0 1 ,17 5
32	9 1 0 1 1 0 ,28 3,33 4,34 1
34	22 0 0 1 0 0 ,32 3
35	15 0 0 1 0 2 ,5 3,28 5,32 5
36	5 0 0 2 0 1 ,5 3,8 5,15 3
37	16 0 0 1 0 0 ,20 3
38	4 0 0 2 0 0 ,13 3,35 3
39	17 0 0 0 0 1 ,35 5
40	2 0 2 0 0 0 ,3 2,9 2
42	9 0 1 1 0 0 ,0 3,12 2
43	15 0 2 0 0 0 ,11 2,23 2
44	13 0 0 1 1 0 ,5 3,21 4
45	4 1 0 0 1 0 ,13 1,25 4
46	15 0 1 0 0 0 ,16 2
47	8 0 2 1 0 0 ,2 2,20 2,31 3
48	23 0 0 0 1 0 ,15 4
49	8 1 0 0 0 1 ,2 1,6 5
51	13 0 2 0 0 0 ,20 2,21 2
52	17 0 0 1 1 1 ,15 5,23 3,33 4
53	13 0 1 0 0 0 ,3 2
54	8 1 0 0 2 0 ,3 1,24 4,28 4
55	12 1 0 3 0 0 ,16 3,19 3,23 3,31 1
56	1 1 1 1 0 0 ,10 3,27 1,31 2
57	11 0 1 0 0 0 ,30 2
58	15 0 1 0 2 0 ,7 4,19 4,32 2
59	16 0 1 0 0 0 ,20 2
60	8 0 0 1 0 0 ,6 3
61	11 1 0 0 0 0 ,30 1
62	17 1 0 0 0 0 ,35 1
63	11 0 0 0 0 1 ,12 5
64	16 0 1 0 0 0 ,20 2
66	12 0 0 0 1 0 ,31 4
67	15 0 1 0 0 0 ,7 2
68	8 0 0 0 1 0 ,2 4
69	13 0 0 1 0 0 ,3 3
71	12 0 1 0 0 0 ,31 2
72	17 0 0 0 1 0 ,33 4
73	4 1 0 0 1 1 ,5 5,10 1,23 4
74	5 0 0 1 0 2 ,18 5,20 5,25 3
77	13 0 0 0 1 0 ,3 4
78	11 0 1 0 0 0 ,30 2
79	8 0 1 0 1 0 ,23 4,24 2
81	15 0 2 0 0 0 ,16 2,23 2
82	8 0 0 0 1 0 ,22 4
83	5 1 0 2 0 0 ,1 3,15 1,30 3
84	5 1 0 0 0 0 ,1 1
86	15 0 0 1 0 0 ,28 3
87	9 0 1 0 0 0 ,0 2
89	2 0 1 0 1 0 ,5 4,14 2
90	11 0 1 0 0 1 ,11 5,12 2
91	15 1 0 0 0 1 ,5 1,19 5
93	2 1 1 2 0 0 ,2 1,7 3,11 3,29 2
96	13 0 0 0 1 0 ,21 4
97	11 0 1 0 1 2 ,4 4,12 2,17 5,32 5
