0	4 0 1 0 0 0 ,16 2
1	5 0 1 1 0 0 ,6 2,22 3
2	3 0 0 1 1 0 ,0 3,9 4
4	10 0 0 1 1 1 ,3 5,8 3,21 4
5	13 0 0 0 0 1 ,20 5
6	10 0 0 1 0 1 ,21 3,24 5
8	14 0 1 0 0 0 ,4 2
9	19 0 0 0 0 1 ,8 5
12	14 0 1 0 0 0 ,4 2
14	4 0 0 1 1 1 ,8 5,18 4,19 3
15	7 1 1 1 0 0 ,4 3,5 2,19 1
17	11 0 0 0 1 0 ,12 4
18	22 0 0 0 1 0 ,25 4
19	8 0 0 1 0 1 ,10 3,25 5
20	11 1 0 0 0 0 ,1 1
23	12 0 2 0 0 0 ,3 2,9 2
25	10 1 0 0 0 1 ,3 1,17 5
28	10 0 0 1 2 0 ,4 4,13 4,15 3
29	19 0 0 1 0 0 ,8 3
34	15 0 1 0 0 0 ,15 2
35	9 0 1 0 0 0 ,5 2
36	6 1 0 0 0 1 ,11 1,25 5
37	13 0 0 0 0 1 ,20 5
38	4 0 0 0 1 0 ,2 4
39	10 0 0 1 0 0 ,6 3
40	13 1 0 0 0 0 ,7 1
41	5 0 1 0 0 0 ,22 2
48	10 0 0 0 1 1 ,17 4,25 5
50	6 0 1 0 0 0 ,23 2
52	6 1 0 0 0 0 ,23 1
53	11 0 0 1 0 0 ,12 3
54	13 0 0 0 1 0 ,7 4
57	14 0 0 1 0 0 ,4 3
58	11 0 1 0 0 0 ,1 2
63	6 0 0 1 1 0 ,11 4,23 3
64	10 1 0 0 0 0 ,21 1
65	8 1 1 0 0 0 ,10 2,15 1
66	13 1 0 0 0 0 ,7 1
67	13 0 0 1 0 0 ,7 3
68	10 0 0 1 0 0 ,13 3
69	9 1 0 0 0 0 ,5 1
71	9 0 1 1 0 0 ,5 2,13 3
73	4 1 0 1 2 0 ,14 4,15 4,17 1,20 3
75	11 1 0 0 0 0 ,1 1
76	15 0 0 0 1 0 ,9 4
77	12 0 1 0 1 0 ,3 4,24 2
80	8 0 1 1 0 0 ,8 2,10 3
81	11 0 0 0 0 1 ,1 5
82	15 1 0 0 1 0 ,8 1,15 4
83	9 0 2 0 0 0 ,5 2,21 2
85	11 1 0 0 1 0 ,12 4,25 1
87	4 1 1 0 0 0 ,16 2,24 1
88	6 1 0 0 0 0 ,11 1
90	11 0 1 0 0 0 ,1 2
91	15 0 0 0 0 1 ,9 5
92	7 0 1 1 0 0 ,19 3,24 2
94	10 0 0 1 0 1 ,6 5,24 3
95	22 0 1 0 0 0 ,25 2
96	15 1 0 0 0 0 ,15 1
99	13 0 0 0 1 0 ,7 4
