0	14 0 1 1 0 0 ,6 2,7 3
1	11 0 0 0 1 0 ,8 4
2	11 1 0 0 1 0 ,14 1,20 4
3	17 0 0 0 0 1 ,19 5
4	3 0 0 1 0 0 ,16 3
7	16 1 0 0 0 0 ,3 1
8	3 0 0 1 0 0 ,21 3
10	12 0 0 0 0 1 ,5 5
11	4 1 0 0 0 0 ,2 1
13	3 0 2 0 0 0 ,1 2,2 2
14	10 0 0 0 0 2 ,7 5,9 5
17	10 0 0 0 0 1 ,12 5
18	3 1 0 0 1 0 ,4 1,19 4
19	16 1 0 0 0 0 ,13 1
20	3 0 1 1 0 0 ,5 2,10 3
25	17 0 0 1 0 0 ,7 3
31	3 0 0 2 0 1 ,3 5,6 3,17 3
32	8 0 1 0 0 0 ,11 2
34	8 0 0 0 1 2 ,11 5,14 4,20 5
37	12 0 0 1 0 0 ,15 3
38	8 0 0 1 1 0 ,0 4,20 3
41	17 0 0 0 0 1 ,20 5
46	8 1 0 1 0 0 ,0 1,14 3
47	16 0 1 0 0 0 ,3 2
48	12 0 0 0 0 1 ,5 5
49	8 0 1 0 0 1 ,0 2,9 5
51	7 0 0 1 0 0 ,18 3
52	17 0 0 1 0 0 ,7 3
53	16 0 0 0 1 0 ,13 4
55	14 0 0 1 0 0 ,6 3
56	10 0 0 1 0 0 ,12 3
58	11 1 0 0 0 0 ,8 1
61	17 1 0 0 0 0 ,7 1
64	11 1 0 0 0 0 ,8 1
66	10 0 1 0 0 1 ,3 5,12 2
68	8 1 0 0 0 0 ,0 1
73	12 0 0 0 1 0 ,15 4
76	16 0 0 1 0 0 ,13 3
78	11 0 0 0 1 1 ,8 5,19 4
79	16 1 0 0 0 0 ,13 1
80	16 0 1 0 0 0 ,13 2
82	12 1 1 0 0 0 ,7 2,15 1
83	16 0 0 0 0 1 ,13 5
85	12 0 1 0 1 0 ,15 2,19 4
86	11 0 1 1 0 0 ,6 2,14 3
89	3 1 0 0 0 0 ,1 1
90	7 1 0 0 0 0 ,18 1
91	8 1 0 0 1 0 ,6 4,11 1
92	3 0 1 0 0 0 ,4 2
93	12 0 1 1 0 0 ,3 3,15 2
98	4 1 0 1 0 0 ,2 1,18 3
