0	4 1 0 0 0 0 ,8 1
1	12 0 0 0 2 0 ,12 4,25 4
3	16 0 0 1 0 0 ,17 3
4	16 0 0 0 0 1 ,17 5
5	6 0 1 0 0 1 ,16 5,19 2
6	1 1 0 0 2 1 ,4 1,7 4,22 5,23 4
7	9 1 0 0 0 0 ,24 1
8	16 0 0 1 0 0 ,0 3
9	6 0 1 0 1 0 ,0 2,2 4
11	16 0 0 1 0 1 ,26 5,28 3
13	17 1 0 0 0 0 ,7 1
14	12 1 0 0 0 1 ,12 1,25 5
15	14 0 1 0 0 0 ,27 2
17	10 1 1 1 0 0 ,3 3,5 1,27 2
18	3 0 1 0 0 0 ,29 2
21	15 0 0 0 0 1 ,3 5
22	17 1 0 0 0 0 ,7 1
28	12 0 1 0 0 0 ,12 2
29	2 0 1 0 0 0 ,9 2
30	17 0 0 0 1 0 ,7 4
32	10 0 0 2 0 1 ,5 3,27 3,28 5
34	12 0 1 0 0 1 ,10 2,17 5
35	10 1 0 1 0 0 ,5 1,19 3
37	8 0 1 0 0 0 ,20 2
38	6 1 0 0 0 0 ,16 1
39	9 0 1 1 0 0 ,7 2,24 3
43	17 0 0 1 0 0 ,19 3
45	6 0 0 0 1 0 ,11 4
46	6 1 0 0 0 0 ,11 1
47	12 0 0 0 1 0 ,10 4
48	14 0 0 0 1 1 ,1 4,3 5
49	8 0 0 1 0 0 ,20 3
50	17 0 0 0 0 1 ,7 5
51	10 0 0 0 0 2 ,0 5,5 5
52	13 0 1 0 0 0 ,25 2
53	14 0 0 0 1 0 ,15 4
55	13 0 0 0 0 1 ,14 5
56	9 0 0 0 0 1 ,24 5
62	15 1 0 0 0 0 ,3 1
63	16 0 0 0 1 0 ,26 4
64	14 1 0 1 0 0 ,27 1,28 3
68	12 1 0 2 0 0 ,1 1,10 3,19 3
70	14 0 0 0 0 1 ,27 5
71	14 1 0 0 0 0 ,27 1
72	8 0 0 0 0 1 ,21 5
73	8 0 0 0 2 0 ,14 4,23 4
74	4 0 0 0 1 0 ,13 4
75	8 0 0 1 0 0 ,20 3
76	8 0 0 1 0 1 ,18 5,21 3
77	14 0 0 0 1 0 ,1 4
78	3 1 0 0 0 0 ,29 1
79	13 1 0 1 0 0 ,14 3,26 1
81	17 0 0 0 1 0 ,28 4
82	3 1 0 0 0 0 ,6 1
83	16 0 0 0 0 1 ,18 5
86	12 1 0 1 0 1 ,3 1,10 3,15 5
87	14 0 0 0 0 1 ,1 5
88	7 2 0 2 0 0 ,0 3,19 3,22 1,26 1
89	16 0 0 2 0 0 ,17 3,19 3
90	3 1 1 0 0 0 ,6 2,14 1
91	6 2 0 0 0 1 ,11 1,12 5,18 1
92	16 0 0 0 0 2 ,18 5,26 5
94	6 1 1 0 0 0 ,0 1,2 2
95	13 0 1 0 0 1 ,15 5,25 2
96	7 1 1 0 0 0 ,22 1,28 2
97	4 0 1 1 0 0 ,0 2,8 3
