0	13 0 0 1 1 0 ,5 4,8 3
1	12 0 0 1 0 0 ,11 3
4	15 0 0 1 0 0 ,0 3
5	9 2 0 0 0 0 ,10 1,21 1
7	19 0 0 0 0 1 ,3 5
8	3 0 0 2 0 0 ,5 3,14 3
9	9 0 1 0 0 0 ,12 2
10	19 0 0 1 0 0 ,18 3
11	16 0 1 1 0 0 ,5 2,23 3
12	17 0 0 0 1 0 ,24 4
15	12 0 0 2 0 0 ,2 3,11 3
16	3 0 1 1 0 0 ,0 2,25 3
18	9 0 1 0 0 0 ,12 2
19	13 0 0 0 1 0 ,8 4
20	14 0 0 0 0 1 ,22 5
24	13 1 0 0 0 0 ,2 1
25	13 0 0 0 0 1 ,15 5
27	3 0 0 1 0 1 ,13 5,20 3
28	12 1 0 0 0 0 ,11 1
30	15 0 2 0 0 0 ,13 2,24 2
32	13 0 0 0 1 1 ,6 5,18 4
33	14 0 0 1 0 0 ,22 3
35	11 1 0 0 0 0 ,21 1
37	9 1 1 0 0 0 ,3 2,26 1
38	6 1 0 1 0 0 ,9 1,18 3
39	13 0 1 0 1 0 ,15 2,24 4
40	4 0 0 1 1 1 ,7 4,13 5,24 3
41	13 0 0 0 1 0 ,6 4
43	12 0 0 1 0 0 ,4 3
44	14 1 1 0 0 0 ,13 1,22 2
45	13 0 1 0 0 0 ,15 2
48	12 1 0 0 0 0 ,11 1
49	5 0 0 0 1 1 ,9 5,19 4
51	12 1 0 0 0 0 ,11 1
52	9 0 1 1 0 1 ,0 2,10 3,23 5
53	13 0 0 0 1 0 ,2 4
54	19 0 0 0 1 0 ,5 4
55	13 1 1 0 1 0 ,0 2,3 1,8 4
56	2 0 1 0 0 0 ,1 2
57	16 0 0 1 0 0 ,23 3
59	13 1 0 1 0 0 ,0 1,15 3
62	9 1 0 0 0 0 ,10 1
63	17 0 0 0 1 0 ,24 4
64	12 0 0 0 1 0 ,4 4
67	14 0 0 1 1 0 ,3 3,22 4
68	11 0 0 1 0 0 ,21 3
69	9 1 1 0 0 1 ,12 5,15 1,23 2
70	9 1 0 0 0 0 ,10 1
71	12 0 1 0 0 0 ,4 2
73	13 1 0 0 0 0 ,6 1
76	9 0 0 0 0 1 ,26 5
78	12 0 0 1 0 1 ,3 5,11 3
79	13 0 0 1 0 0 ,6 3
80	3 0 0 1 0 0 ,16 3
81	5 1 2 0 1 0 ,4 2,5 2,18 4,19 1
82	13 0 1 0 0 1 ,2 5,13 2
84	19 0 0 0 1 0 ,5 4
85	9 0 0 1 0 0 ,10 3
86	9 0 0 1 0 0 ,26 3
87	11 1 0 0 0 0 ,21 1
88	5 0 0 0 0 3 ,0 5,17 5,18 5
89	11 1 1 0 0 0 ,8 2,21 1
93	11 0 0 0 1 0 ,21 4
94	16 0 0 1 0 0 ,23 3
96	12 1 0 0 0 0 ,4 1
97	19 0 0 1 0 0 ,3 3
