0	10 1 1 0 0 0 ,10 2,28 1
1	11 0 1 1 1 0 ,1 2,5 4,6 3
2	17 1 0 0 0 0 ,19 1
3	12 0 0 0 0 1 ,2 5
5	8 1 0 2 0 1 ,17 5,25 3,30 1,32 3
6	11 0 0 0 1 0 ,22 4
10	14 0 1 0 0 0 ,11 2
12	9 0 0 0 0 1 ,14 5
14	4 0 1 2 0 0 ,8 2,12 3,32 3
15	10 0 0 1 0 0 ,20 3
16	25 0 0 0 1 0 ,7 4
18	17 0 0 0 1 0 ,25 4
19	4 0 1 0 0 1 ,19 5,27 2
20	8 0 0 2 1 0 ,0 4,9 3,11 3
21	8 1 0 1 0 0 ,4 1,22 3
22	15 1 0 0 1 0 ,9 4,21 1
24	14 0 0 0 1 1 ,11 4,19 5
25	14 1 0 0 0 0 ,5 1
26	16 0 0 1 0 1 ,7 3,30 5
27	8 1 0 0 0 0 ,0 1
28	17 0 0 0 1 0 ,25 4
29	14 0 0 0 0 1 ,5 5
30	8 1 0 0 0 0 ,4 1
31	11 0 0 1 0 0 ,28 3
32	15 0 1 0 0 0 ,21 2
34	25 0 0 0 1 0 ,7 4
35	11 0 0 2 0 0 ,6 3,28 3
36	19 0 0 0 0 1 ,6 5
37	14 0 0 0 1 0 ,5 4
38	12 0 1 0 0 1 ,3 5,19 2
39	10 1 0 1 1 0 ,10 4,17 3,20 1
40	4 1 0 0 0 0 ,8 1
44	11 1 0 0 0 0 ,28 1
45	7 0 0 0 1 0 ,16 4
46	16 0 0 0 0 1 ,30 5
47	15 0 0 1 0 0 ,21 3
49	10 0 1 0 1 0 ,1 4,10 2
50	10 0 1 0 0 1 ,1 5,10 2
51	9 1 0 0 0 0 ,18 1
52	8 0 0 1 0 0 ,0 3
53	8 1 0 0 0 0 ,4 1
54	12 0 1 0 0 0 ,2 2
55	11 0 0 1 0 0 ,28 3
56	10 0 0 1 0 1 ,6 5,15 3
60	12 0 1 1 0 0 ,2 3,25 2
61	15 1 0 1 0 0 ,9 1,21 3
62	4 0 1 0 0 1 ,7 5,27 2
63	19 0 1 0 0 0 ,6 2
66	3 0 0 1 0 1 ,11 5,29 3
67	9 0 0 0 1 1 ,7 5,13 4
68	8 0 1 0 1 0 ,22 4,32 2
69	1 2 0 1 1 0 ,6 1,18 3,19 4,26 1
71	9 1 0 1 2 0 ,7 4,9 3,14 1,20 4
73	7 1 0 1 0 1 ,3 3,4 5,16 1
74	9 0 0 1 0 1 ,18 5,21 3
75	21 0 0 0 0 1 ,17 5
76	3 0 0 1 0 1 ,23 3,30 5
77	12 1 0 0 0 0 ,2 1
78	21 0 0 0 0 1 ,17 5
79	9 0 0 0 0 1 ,13 5
80	12 1 0 0 0 0 ,3 1
82	21 0 0 1 0 0 ,17 3
83	4 2 0 0 0 0 ,8 1,9 1
86	4 0 2 1 0 0 ,3 3,20 2,31 2
88	9 0 0 1 0 0 ,14 3
89	15 0 0 1 0 0 ,21 3
90	10 1 0 0 1 0 ,2 1,15 4
91	17 0 0 0 0 1 ,9 5
93	4 0 2 0 0 0 ,16 2,31 2
94	4 0 0 1 0 0 ,24 3
95	4 1 0 0 0 0 ,24 1
97	17 0 0 0 1 0 ,25 4
98	10 0 0 1 0 0 ,15 3
99	4 1 0 0 0 0 ,12 1
