1	13 0 0 1 0 0 ,5 3
3	17 1 0 0 0 0 ,13 1
5	12 1 0 1 0 1 ,9 5,10 3,19 1
7	13 0 0 0 0 2 ,4 5,5 5
9	17 1 0 0 1 0 ,13 4,20 1
10	1 2 0 0 0 0 ,14 1,22 1
12	3 1 0 1 0 0 ,20 3,23 1
13	2 0 1 0 0 0 ,0 2
15	11 1 0 0 1 1 ,19 1,20 5,21 4
16	4 2 1 0 0 0 ,4 1,6 1,21 2
17	17 0 0 0 0 1 ,13 5
18	15 0 1 0 0 0 ,4 2
23	1 1 0 0 0 1 ,1 5,26 1
27	11 1 0 0 0 1 ,2 5,21 1
28	4 0 0 0 1 0 ,3 4
30	8 0 1 0 0 0 ,1 2
31	11 0 0 0 1 0 ,21 4
33	5 0 0 0 2 0 ,19 4,29 4
34	3 1 0 1 0 0 ,8 3,28 1
35	13 0 0 0 1 0 ,2 4
37	9 0 0 0 0 1 ,24 5
39	3 0 0 1 0 0 ,18 3
40	13 1 0 0 0 0 ,17 1
42	19 0 0 0 0 1 ,9 5
44	9 0 0 0 2 0 ,15 4,24 4
45	13 1 0 0 0 0 ,10 1
46	4 0 0 1 0 0 ,6 3
47	8 0 0 0 0 1 ,27 5
50	2 0 1 0 0 0 ,25 2
53	4 0 1 0 0 0 ,16 2
54	15 0 0 0 0 1 ,4 5
56	15 0 1 0 0 0 ,4 2
57	13 0 0 0 0 1 ,5 5
58	13 0 0 0 1 0 ,17 4
60	11 0 0 1 0 0 ,15 3
61	4 1 0 0 0 0 ,11 1
62	3 0 1 0 0 0 ,14 2
63	13 0 0 0 1 0 ,17 4
66	3 1 0 0 0 0 ,28 1
67	17 0 1 0 0 0 ,13 2
69	2 0 1 0 0 0 ,7 2
70	13 0 0 1 0 0 ,17 3
71	19 0 0 0 0 1 ,9 5
75	8 1 0 0 0 0 ,1 1
76	12 0 0 0 1 0 ,19 4
77	13 0 0 1 1 0 ,10 4,13 3
80	3 0 2 0 0 0 ,13 2,23 2
81	13 1 0 0 0 0 ,2 1
84	12 0 1 0 0 0 ,19 2
85	17 0 0 1 0 0 ,20 3
87	13 0 0 1 0 1 ,2 3,20 5
88	3 0 0 2 0 0 ,12 3,27 3
90	4 1 0 1 1 0 ,9 4,11 3,17 1
91	3 1 0 0 1 0 ,15 4,28 1
93	5 1 0 0 0 0 ,29 1
94	4 0 1 0 0 0 ,16 2
96	13 0 0 0 0 1 ,10 5
