2	21 0 0 0 0 1 ,17 5
4	7 1 0 0 0 0 ,15 1
5	10 0 0 0 1 0 ,12 4
8	5 0 1 0 0 0 ,6 2
9	20 0 0 1 0 0 ,22 3
10	15 0 0 0 1 0 ,11 4
11	8 0 0 1 0 0 ,5 3
13	5 0 3 1 0 1 ,6 2,11 3,17 2,18 5,21 2
14	1 1 0 0 0 0 ,1 1
15	6 0 1 0 1 0 ,14 2,22 4
17	15 0 1 0 0 0 ,11 2
18	8 1 1 0 0 0 ,0 1,21 2
19	13 1 0 0 0 0 ,16 1
20	10 1 0 0 0 0 ,12 1
21	10 1 0 0 0 0 ,12 1
22	5 0 0 0 0 1 ,20 5
23	7 0 0 2 0 0 ,3 3,22 3
25	13 0 0 0 0 1 ,16 5
27	13 0 1 0 0 0 ,8 2
29	10 1 0 0 0 0 ,4 1
34	13 0 0 1 0 0 ,8 3
35	21 0 0 0 0 1 ,17 5
36	15 0 0 1 0 0 ,11 3
37	16 0 1 1 0 0 ,9 3,10 2
38	3 0 1 0 0 0 ,2 2
39	10 0 1 0 0 0 ,21 2
40	8 0 0 0 0 1 ,5 5
41	6 1 0 0 0 0 ,14 1
43	7 0 0 0 0 1 ,23 5
45	20 0 0 0 0 1 ,22 5
46	13 0 2 0 0 0 ,13 2,16 2
47	8 0 0 0 1 0 ,19 4
50	13 0 0 1 0 0 ,8 3
53	10 0 0 1 0 0 ,21 3
54	7 0 1 0 0 0 ,23 2
56	16 0 1 0 0 0 ,10 2
57	6 0 0 1 0 0 ,14 3
59	14 0 1 0 0 0 ,13 2
61	16 0 0 0 0 1 ,10 5
64	3 1 0 0 0 0 ,2 1
65	15 0 1 0 0 0 ,11 2
66	7 0 0 0 0 2 ,15 5,24 5
67	8 1 0 0 0 1 ,0 5,21 1
68	13 0 0 1 0 0 ,16 3
69	7 0 1 0 2 0 ,7 2,17 4,22 4
70	5 0 0 0 0 2 ,8 5,25 5
71	10 1 0 0 1 0 ,12 4,22 1
73	10 0 0 0 0 1 ,4 5
74	14 0 0 0 1 0 ,13 4
76	13 0 1 0 0 0 ,16 2
78	18 0 0 0 0 1 ,9 5
79	7 1 0 0 0 2 ,7 5,15 1,17 5
80	18 0 0 0 1 0 ,9 4
81	16 0 1 0 0 1 ,9 2,10 5
82	10 1 0 0 1 0 ,11 1,18 4
83	14 1 0 0 0 0 ,13 1
86	5 1 0 0 0 1 ,6 1,13 5
88	18 0 0 0 1 0 ,9 4
90	8 1 0 0 1 0 ,19 4,24 1
91	7 0 1 0 1 0 ,3 4,10 2
94	10 1 0 0 1 0 ,4 4,18 1
98	8 0 1 0 1 0 ,0 2,24 4
