0	8 0 1 0 0 0 ,27 2
1	14 0 0 1 0 0 ,26 3
3	7 0 1 0 0 0 ,31 2
5	18 0 0 0 1 0 ,19 4
8	8 0 1 0 0 1 ,22 5,30 2
9	10 1 0 0 1 0 ,6 1,10 4
11	8 1 1 1 2 1 ,0 2,3 4,12 3,20 5,27 4,32 1
12	14 0 1 0 1 0 ,17 4,28 2
14	10 0 0 1 0 1 ,11 3,18 5
15	11 0 1 0 0 1 ,7 2,20 5
17	7 0 1 2 0 0 ,3 3,9 2,21 3
18	18 0 0 0 1 0 ,30 4
19	7 0 0 1 0 0 ,31 3
20	10 1 0 0 0 0 ,6 1
22	15 0 1 0 1 0 ,0 2,21 4
23	7 1 0 0 1 1 ,9 1,13 4,21 5
24	9 0 0 1 1 0 ,2 4,17 3
25	18 0 0 0 1 0 ,30 4
27	18 0 0 1 0 0 ,19 3
29	12 0 0 1 0 0 ,15 3
35	14 1 0 0 0 0 ,28 1
36	15 0 1 0 0 1 ,0 2,19 5
37	12 0 0 1 0 0 ,8 3
38	9 0 0 1 1 0 ,25 3,32 4
39	14 0 0 1 0 0 ,26 3
41	10 1 0 1 0 0 ,6 1,29 3
42	11 0 0 1 1 0 ,8 4,10 3
46	18 0 1 0 1 0 ,12 4,19 2
47	9 0 0 0 0 1 ,2 5
48	8 1 0 0 2 0 ,24 4,27 1,28 4
50	9 2 0 0 1 0 ,4 1,21 1,30 4
52	7 0 1 1 1 0 ,0 4,10 3,31 2
53	3 0 0 1 2 0 ,1 3,4 4,29 4
57	18 0 1 0 0 0 ,30 2
59	10 0 0 1 2 0 ,17 3,23 4,29 4
60	20 0 0 0 0 1 ,17 5
61	5 1 1 0 0 1 ,12 5,28 2,33 1
62	3 2 0 1 0 0 ,10 1,14 3,19 1
63	10 1 0 0 0 2 ,7 5,15 5,24 1
64	11 1 0 0 0 0 ,7 1
67	10 1 0 0 0 0 ,18 1
68	12 0 1 0 0 0 ,15 2
71	9 0 0 1 0 0 ,25 3
72	1 1 0 0 0 0 ,5 1
73	15 0 1 0 1 0 ,0 2,21 4
74	18 0 0 0 0 1 ,12 5
75	14 0 0 0 1 0 ,26 4
76	18 1 0 0 0 0 ,12 1
78	8 0 1 2 0 1 ,19 3,22 3,24 5,30 2
80	5 1 1 0 1 0 ,3 2,23 1,33 4
81	17 0 1 0 0 0 ,29 2
82	10 0 2 0 0 0 ,6 2,17 2
83	14 0 0 0 0 1 ,13 5
84	17 1 0 1 0 0 ,21 1,32 3
85	7 0 0 1 2 0 ,9 4,11 4,17 3
87	13 0 0 1 0 0 ,20 3
88	14 0 0 0 0 1 ,13 5
89	12 0 0 0 0 1 ,8 5
90	14 0 1 0 0 0 ,28 2
91	11 0 1 0 0 1 ,3 2,32 5
92	8 1 0 1 0 0 ,0 3,27 1
93	12 0 0 0 0 1 ,11 5
94	10 1 0 1 0 0 ,7 3,23 1
95	3 0 1 2 0 0 ,15 2,16 3,25 3
96	10 0 0 1 1 1 ,6 5,18 3,32 4
97	10 0 0 0 2 0 ,23 4,26 4
98	14 0 0 1 0 0 ,28 3
99	9 1 0 0 2 0 ,4 4,18 1,29 4
