0	9 0 1 0 0 0 ,26 2
1	15 0 0 0 2 1 ,1 5,10 4,19 4
2	3 0 1 0 0 0 ,15 2
3	14 1 0 0 0 0 ,32 1
6	17 0 0 1 0 0 ,23 3
7	5 1 0 1 0 0 ,26 1,29 3
9	8 2 0 0 0 0 ,0 1,3 1
10	7 0 0 0 1 0 ,9 4
15	15 0 0 0 0 2 ,2 5,10 5
18	23 0 1 0 0 0 ,17 2
20	10 0 1 1 0 1 ,23 2,25 3,34 5
21	15 1 0 0 1 0 ,19 1,28 4
22	2 0 1 0 1 0 ,4 4,30 2
23	10 0 1 0 2 0 ,17 4,22 2,28 4
24	9 0 1 0 1 0 ,21 2,26 4
25	15 0 0 0 1 0 ,12 4
26	23 0 0 0 1 0 ,17 4
28	11 0 2 0 0 0 ,0 2,24 2
30	10 2 2 1 0 0 ,0 3,5 1,10 1,16 2,21 2
31	11 0 0 1 0 0 ,16 3
32	10 0 0 1 1 0 ,0 3,7 4
33	10 1 0 0 0 0 ,5 1
34	15 1 0 0 0 0 ,12 1
35	11 1 0 0 0 1 ,2 5,16 1
36	9 0 0 0 0 1 ,14 5
37	18 0 0 1 0 0 ,28 3
38	16 1 1 0 0 0 ,1 1,11 2
39	8 0 1 0 1 0 ,3 2,34 4
40	11 0 0 0 1 1 ,11 5,27 4
41	18 0 0 0 1 0 ,28 4
42	7 1 1 0 0 1 ,9 2,16 5,23 1
44	15 0 0 0 0 1 ,2 5
46	10 1 0 1 0 0 ,22 3,28 1
47	15 1 0 0 0 0 ,12 1
48	11 1 0 0 0 0 ,21 1
49	12 1 0 0 0 0 ,4 1
51	5 0 1 0 0 1 ,6 5,29 2
52	20 0 0 0 1 0 ,6 4
53	17 2 0 0 0 0 ,6 1,23 1
55	18 0 0 0 0 1 ,0 5
56	11 0 1 0 1 0 ,1 4,24 2
57	11 1 0 0 0 0 ,27 1
58	1 1 0 0 0 0 ,33 1
61	7 1 1 1 0 0 ,3 2,9 1,25 3
62	14 1 0 0 1 0 ,19 1,32 4
64	11 1 0 0 0 1 ,21 1,23 5
65	10 0 0 0 1 1 ,6 5,22 4
66	16 0 1 0 0 0 ,34 2
68	11 0 0 1 1 0 ,4 4,24 3
69	16 1 0 0 1 0 ,6 4,34 1
70	9 1 0 2 1 0 ,4 3,14 1,19 4,24 3
71	14 0 0 0 0 1 ,32 5
72	11 1 0 0 1 0 ,6 1,27 4
73	2 1 1 0 0 0 ,1 1,31 2
74	17 0 0 0 0 1 ,11 5
76	6 0 0 0 1 0 ,18 4
77	11 1 1 0 0 1 ,1 5,24 1,32 2
79	1 2 0 0 0 1 ,15 1,20 1,23 5
83	5 0 2 0 0 1 ,7 2,13 5,27 2
84	9 1 0 2 0 0 ,14 3,19 3,21 1
85	10 1 0 0 1 0 ,5 1,17 4
86	10 0 0 0 1 0 ,7 4
87	8 1 0 1 1 1 ,3 3,10 5,12 1,25 4
88	23 0 0 0 0 1 ,17 5
89	11 0 2 0 1 1 ,11 5,21 4,28 2,32 2
90	15 0 0 1 1 0 ,0 4,12 3
91	10 0 0 1 1 0 ,5 3,17 4
92	10 0 0 0 1 0 ,5 4
93	15 0 1 0 0 0 ,19 2
94	15 0 0 0 0 1 ,12 5
96	10 1 0 0 0 0 ,22 1
97	16 0 0 0 1 1 ,10 5,34 4
98	1 1 1 0 0 0 ,8 1,18 2
99	9 0 1 0 0 0 ,26 2
