0	0,1,2,3,4,5,6,7,8,9,10,11,12,13,14,15,16,17,18,19,20,21,
1	0,1,2,3,4,5,6,7,8,9,10,11,12,13,14,15,16,17,18,19,20,21,
2	0,1,2,3,4,5,6,7,8,9,10,11,12,13,14,15,16,17,18,19,20,21,
3	0,1,2,3,4,5,6,7,8,9,10,11,12,13,14,15,16,17,18,19,20,21,
4	0,1,2,3,4,5,6,7,8,9,10,11,12,13,14,15,16,17,18,19,20,21,
5	0,1,2,3,4,5,6,7,8,9,10,11,12,13,14,15,16,17,18,19,20,21,
6	1,2,3,4,5,6,7,8,9,11,12,14,15,17,18,19,21,
7	0,1,3,4,5,6,7,8,9,10,12,14,17,21,
8	2,6,7,9,12,13,16,17,18,19,21,
9	3,8,10,11,14,18,19,21,
10	1,3,8,13,
11	5,7,12,14,19,21,
13	3,15,
14	3,8,14,19,21,
15	18,
16	0,
19	5,11,19,
21	19,
22	19,
23	19,
25	12,
26	4,
32	3,
47	19,
50	14,
70	5,
111	0,
122	3,
140	13,
159	3,
278	4,
353	0,
419	0,
426	11,
455	13,
466	15,
493	4,
562	17,
567	4,
572	18,
577	9,
592	21,
