1	7 1 1 0 0 0 ,10 1,18 2
6	8 1 0 0 0 0 ,9 1
8	13 0 0 0 1 1 ,6 4,20 5
9	7 0 1 0 0 0 ,10 2
11	9 0 0 0 1 0 ,8 4
17	14 0 0 0 0 1 ,0 5
18	9 1 0 0 0 1 ,16 1,19 5
19	12 1 0 0 0 1 ,3 1,18 5
20	7 0 0 2 0 0 ,3 3,23 3
22	13 0 0 0 0 1 ,11 5
23	10 0 0 0 1 0 ,4 4
24	8 0 1 0 0 0 ,9 2
26	6 0 0 0 0 1 ,7 5
27	8 0 1 0 0 0 ,22 2
28	10 0 0 0 1 0 ,14 4
31	8 1 0 0 0 1 ,13 5,15 1
32	18 0 0 0 1 0 ,12 4
38	16 0 0 0 0 1 ,16 5
39	16 0 0 1 0 0 ,3 3
40	10 0 0 0 0 1 ,14 5
41	9 0 0 0 1 1 ,1 5,15 4
42	16 0 1 0 0 0 ,16 2
43	18 1 0 0 0 0 ,12 1
46	18 0 1 0 0 0 ,12 2
48	13 0 0 1 0 2 ,0 5,1 5,11 3
49	11 0 2 1 0 0 ,0 2,2 2,16 3
50	11 0 0 0 0 1 ,2 5
51	6 1 0 0 1 0 ,16 1,21 4
52	10 1 0 0 0 0 ,14 1
53	18 0 1 0 0 0 ,1 2
54	8 1 0 0 0 0 ,22 1
55	16 0 0 1 0 0 ,3 3
58	10 0 0 0 1 2 ,3 5,4 4,18 5
59	7 0 0 1 0 0 ,23 3
61	13 0 0 0 1 0 ,20 4
62	10 0 0 0 1 1 ,5 5,16 4
63	9 0 1 0 0 0 ,8 2
64	6 1 1 0 0 0 ,4 2,7 1
66	16 1 0 0 0 0 ,3 1
67	10 0 1 0 0 1 ,5 5,11 2
69	18 1 0 0 0 0 ,1 1
70	5 0 0 0 0 1 ,17 5
71	18 0 0 0 0 1 ,1 5
73	8 1 0 0 0 0 ,22 1
74	9 0 0 0 1 0 ,19 4
76	7 0 0 0 1 0 ,10 4
77	7 1 0 0 0 0 ,23 1
78	14 0 1 0 0 0 ,0 2
83	9 0 0 2 2 0 ,6 4,11 3,15 3,20 4
84	18 0 0 0 1 1 ,6 4,12 5
86	6 0 1 0 0 0 ,21 2
87	9 0 0 1 0 0 ,8 3
88	8 0 0 0 0 1 ,9 5
90	9 1 0 0 0 0 ,15 1
91	20 0 0 1 0 0 ,6 3
92	20 0 0 0 0 1 ,6 5
94	18 0 0 1 0 0 ,12 3
97	8 0 0 0 1 0 ,22 4
98	8 0 0 1 0 0 ,13 3
99	11 0 0 1 1 0 ,2 4,12 3
