2	7 1 0 1 0 0 ,14 3,15 1
3	7 0 0 0 0 1 ,3 5
7	20 0 0 0 1 0 ,17 4
9	2 1 1 0 0 0 ,1 1,10 2
10	17 0 0 0 0 1 ,12 5
13	14 0 0 1 0 0 ,5 3
14	15 0 1 0 0 0 ,16 2
15	8 0 1 0 0 0 ,1 2
17	14 0 0 0 1 0 ,5 4
19	14 1 0 0 0 1 ,5 5,19 1
22	19 0 0 1 0 0 ,4 3
24	7 1 0 0 0 0 ,11 1
25	17 1 0 0 0 0 ,12 1
26	10 0 1 0 0 0 ,15 2
28	17 0 1 0 0 0 ,12 2
30	7 1 0 0 0 0 ,13 1
32	10 0 1 1 1 0 ,15 2,16 3,17 4
33	15 0 0 0 0 1 ,16 5
34	15 0 0 0 0 1 ,16 5
36	19 0 0 0 1 0 ,4 4
37	10 0 0 0 0 1 ,8 5
39	10 0 2 1 0 0 ,4 2,8 2,19 3
40	5 0 1 0 1 0 ,7 2,13 4
41	4 0 0 0 2 0 ,6 4,20 4
42	17 0 0 0 0 1 ,12 5
46	17 0 0 1 0 0 ,12 3
47	20 0 0 0 0 1 ,17 5
50	19 0 0 0 1 0 ,4 4
57	8 0 1 0 0 0 ,1 2
58	20 0 0 0 1 0 ,17 4
60	10 1 0 0 1 0 ,5 1,21 4
62	19 0 1 0 0 1 ,4 2,19 5
63	7 0 1 0 0 0 ,0 2
65	5 1 0 1 0 0 ,5 1,7 3
68	20 1 0 0 0 0 ,17 1
69	7 1 0 0 1 0 ,11 4,20 1
70	7 0 0 0 1 0 ,14 4
74	7 0 1 0 0 0 ,3 2
75	10 1 0 0 0 0 ,21 1
76	7 0 1 0 0 0 ,11 2
78	7 0 0 0 0 1 ,0 5
79	7 1 0 0 0 0 ,13 1
83	10 0 0 1 0 0 ,8 3
84	3 0 1 1 0 0 ,18 3,20 2
85	3 0 0 2 0 0 ,2 3,21 3
87	10 0 1 0 0 0 ,21 2
88	7 1 0 1 0 0 ,1 3,13 1
89	19 0 0 0 1 0 ,19 4
90	19 0 1 0 0 0 ,19 2
91	2 0 1 1 1 0 ,9 2,19 4,20 3
92	10 0 0 0 0 1 ,15 5
93	17 1 0 0 0 0 ,12 1
94	19 0 0 0 1 0 ,4 4
98	20 0 1 0 0 0 ,17 2
