0	9 0 2 0 0 0 ,7 2,26 2
4	10 1 0 1 0 0 ,6 3,27 1
5	1 1 0 1 0 0 ,16 1,35 3
7	13 1 0 0 0 0 ,25 1
8	7 0 1 0 0 1 ,24 2,32 5
9	9 1 0 0 0 0 ,2 1
10	11 0 3 1 0 0 ,11 2,15 2,20 2,35 3
11	13 0 0 1 0 0 ,34 3
12	10 1 0 0 1 0 ,1 1,13 4
13	7 1 0 1 2 1 ,6 4,7 3,12 4,28 5,38 1
15	12 0 0 0 1 0 ,11 4
16	11 2 0 0 0 0 ,20 1,33 1
17	8 0 2 1 0 0 ,22 2,29 2,38 3
18	12 0 0 0 0 1 ,11 5
19	8 1 0 1 0 0 ,19 3,22 1
21	12 0 0 0 0 1 ,15 5
24	12 0 0 0 0 2 ,13 5,36 5
26	9 0 0 1 0 0 ,2 3
27	14 1 1 1 0 0 ,0 2,36 3,38 1
28	16 0 0 0 1 0 ,28 4
29	5 0 0 0 0 1 ,9 5
30	9 0 0 1 1 0 ,26 4,29 3
31	7 0 1 0 1 0 ,22 4,24 2
33	14 0 1 0 0 1 ,0 5,38 2
35	5 3 0 2 1 0 ,6 3,22 1,23 1,27 3,32 1,35 4
38	11 0 1 1 1 0 ,3 2,30 4,36 3
39	9 0 0 1 0 0 ,4 3
41	2 1 1 0 0 0 ,8 1,28 2
42	11 0 1 0 0 0 ,3 2
43	9 1 0 0 1 0 ,25 4,26 1
45	9 0 0 0 1 2 ,0 4,4 5,34 5
48	9 1 0 0 0 0 ,4 1
49	13 0 1 0 0 0 ,25 2
50	17 0 0 0 1 0 ,35 4
51	18 0 0 0 1 0 ,21 4
52	14 1 0 0 0 0 ,6 1
53	2 0 1 0 0 0 ,17 2
54	7 1 0 0 0 0 ,24 1
55	10 0 1 0 0 0 ,27 2
56	9 0 2 1 0 0 ,0 3,7 2,10 2
57	8 0 0 1 0 1 ,7 5,31 3
58	9 1 0 0 1 0 ,15 4,29 1
59	13 1 0 0 0 0 ,34 1
60	12 1 0 1 0 0 ,11 1,36 3
61	15 0 1 0 0 0 ,7 2
62	5 1 0 1 0 0 ,3 3,23 1
63	10 0 2 0 0 0 ,1 2,6 2
64	19 0 1 0 0 0 ,36 2
65	10 0 0 1 1 0 ,1 3,21 4
67	7 0 1 0 0 0 ,5 2
68	5 1 0 0 0 1 ,32 1,37 5
69	5 1 1 0 1 0 ,2 1,3 4,23 2
71	4 0 0 0 2 0 ,18 4,38 4
72	7 1 1 0 0 0 ,24 2,26 1
73	7 0 0 2 0 0 ,5 3,10 3
74	9 0 0 0 1 0 ,10 4
75	10 1 1 0 3 0 ,15 1,20 4,21 4,27 4,30 2
76	12 2 0 1 0 1 ,7 1,19 3,28 1,30 5
77	13 0 0 0 1 0 ,34 4
78	7 1 0 1 1 0 ,12 1,19 4,33 3
79	4 1 0 0 0 0 ,14 1
80	16 1 0 0 1 0 ,21 4,30 1
81	13 1 1 0 0 0 ,6 1,25 2
82	9 0 2 0 0 1 ,2 2,32 2,38 5
83	17 0 0 2 0 0 ,35 3,36 3
84	13 0 1 0 1 0 ,25 2,30 4
85	9 1 0 0 0 0 ,26 1
87	2 1 0 0 0 0 ,8 1
89	16 0 0 0 1 0 ,28 4
91	7 0 2 0 0 0 ,2 2,5 2
92	10 0 1 1 1 0 ,1 4,13 3,19 2
93	11 0 1 0 0 0 ,32 2
94	5 1 2 0 1 1 ,20 4,21 2,23 1,25 2,31 5
95	7 0 1 0 0 0 ,12 2
96	12 0 0 1 0 0 ,33 3
97	4 0 0 1 0 1 ,14 3,33 5
99	9 0 0 1 0 0 ,29 3
