1	17 0 0 0 1 0 ,19 4
4	12 0 0 0 1 0 ,27 4
7	17 0 1 0 1 0 ,11 4,26 2
8	10 0 1 0 0 1 ,10 5,17 2
9	11 0 0 1 0 1 ,6 5,7 3
10	16 0 0 0 0 1 ,8 5
11	15 0 0 1 0 1 ,5 5,7 3
12	8 1 0 0 0 0 ,12 1
14	18 0 0 0 0 1 ,5 5
16	8 0 0 1 0 0 ,12 3
20	16 0 1 0 0 1 ,0 2,16 5
21	4 0 0 0 1 0 ,9 4
22	8 1 0 0 1 1 ,0 4,3 5,12 1
25	22 0 1 0 0 0 ,3 2
26	22 1 0 0 0 0 ,3 1
27	6 0 0 0 1 0 ,18 4
28	13 1 0 0 0 0 ,1 1
30	15 0 0 1 0 0 ,7 3
31	17 0 0 0 0 1 ,19 5
32	4 1 0 0 1 2 ,10 5,12 1,15 4,27 5
35	7 1 2 0 0 0 ,8 2,11 2,24 1
36	17 0 0 0 0 2 ,19 5,26 5
37	5 0 0 0 0 1 ,23 5
38	1 1 0 0 0 1 ,6 5,13 1
39	1 1 0 0 0 1 ,11 5,25 1
40	15 0 1 0 0 0 ,7 2
44	13 1 0 0 0 0 ,1 1
49	13 0 1 0 0 0 ,1 2
50	12 0 0 1 1 0 ,3 4,21 3
51	16 0 0 1 1 1 ,8 3,16 5,26 4
53	16 1 0 0 0 0 ,8 1
55	4 0 1 0 0 0 ,20 2
58	12 1 0 1 1 0 ,1 3,21 4,26 1
59	7 0 1 0 1 0 ,4 2,16 4
60	12 0 0 0 0 1 ,21 5
61	7 1 2 0 1 0 ,2 4,4 2,11 1,24 2
64	11 0 0 0 1 0 ,17 4
65	3 1 1 0 0 1 ,3 5,17 1,22 2
66	18 0 0 0 0 1 ,5 5
67	8 1 0 0 0 0 ,12 1
68	15 0 1 0 0 0 ,7 2
69	16 1 0 1 0 0 ,8 3,16 1
70	11 0 1 0 1 0 ,5 2,17 4
71	11 1 0 0 1 0 ,0 4,6 1
75	16 0 1 0 0 0 ,8 2
76	20 0 0 1 0 0 ,0 3
78	20 0 1 0 0 0 ,0 2
80	7 0 1 0 0 0 ,4 2
81	8 1 0 0 0 0 ,12 1
82	4 0 0 0 1 0 ,14 4
83	17 0 0 0 1 0 ,26 4
84	7 1 0 0 0 0 ,4 1
85	16 1 0 0 0 0 ,16 1
86	4 0 1 0 0 0 ,20 2
87	8 0 0 1 1 0 ,2 4,27 3
88	18 1 0 0 0 0 ,5 1
89	17 1 0 0 0 2 ,3 5,11 5,26 1
92	7 1 0 0 0 0 ,24 1
93	15 0 1 0 0 1 ,0 5,7 2
94	13 0 0 0 0 1 ,1 5
95	3 1 0 1 0 0 ,22 1,24 3
96	13 1 0 0 0 0 ,1 1
99	6 0 1 1 0 0 ,18 2,19 3
