0	7 0 0 0 0 1 ,15 5
7	18 0 0 0 1 0 ,0 4
8	18 0 0 1 0 0 ,0 3
9	10 0 1 0 0 0 ,3 2
11	17 0 0 1 0 0 ,8 3
12	13 0 0 0 1 1 ,11 5,13 4
13	11 0 1 1 1 0 ,4 3,5 4,17 2
15	5 1 0 0 0 0 ,16 1
16	18 0 0 1 0 1 ,0 3,14 5
20	5 1 0 0 0 0 ,7 1
21	11 0 1 0 1 0 ,5 4,17 2
23	7 0 1 1 0 0 ,2 3,18 2
26	15 0 0 0 0 1 ,5 5
27	10 0 0 1 0 0 ,3 3
28	17 0 1 0 0 0 ,8 2
32	13 0 1 0 0 0 ,18 2
35	17 0 0 0 0 1 ,8 5
36	13 0 0 0 0 1 ,18 5
37	13 0 0 1 0 1 ,0 3,13 5
39	13 0 0 0 1 0 ,18 4
40	18 0 0 0 0 1 ,0 5
41	5 0 1 1 0 0 ,8 2,16 3
42	13 1 0 0 1 0 ,4 1,13 4
45	1 1 0 0 0 0 ,9 1
48	12 0 0 0 0 2 ,14 5,19 5
49	10 0 1 1 1 0 ,1 4,3 3,4 2
51	3 0 0 1 0 1 ,10 5,12 3
52	20 1 0 0 0 0 ,14 1
53	10 0 1 1 1 0 ,3 2,8 4,17 3
54	12 0 0 0 1 0 ,19 4
56	20 1 0 0 0 0 ,14 1
57	7 0 0 0 1 0 ,6 4
60	20 0 0 0 1 0 ,14 4
62	23 0 0 0 0 1 ,11 5
63	7 0 1 0 0 0 ,15 2
65	18 0 0 0 0 1 ,1 5
66	5 2 0 1 0 0 ,2 1,6 1,7 3
70	23 0 0 0 0 1 ,11 5
71	18 0 0 0 2 0 ,1 4,14 4
74	23 0 0 0 1 0 ,11 4
75	18 0 0 0 0 1 ,1 5
76	13 0 0 1 0 0 ,4 3
77	7 1 0 0 1 0 ,2 1,11 4
78	15 1 0 0 0 0 ,5 1
80	12 0 0 1 0 0 ,19 3
82	17 1 0 0 0 0 ,8 1
83	5 1 0 0 0 0 ,16 1
84	7 0 1 0 0 0 ,2 2
87	13 0 0 0 1 0 ,4 4
90	15 1 0 0 0 0 ,5 1
91	7 0 1 0 0 0 ,6 2
94	5 1 0 0 0 0 ,7 1
97	11 0 0 0 1 0 ,17 4
