2	18 0 0 0 1 0 ,16 4
3	16 0 1 0 0 0 ,7 2
5	3 1 0 0 0 0 ,17 1
7	21 0 0 0 1 0 ,5 4
8	17 0 0 0 2 0 ,0 4,8 4
10	21 0 0 0 1 0 ,5 4
11	11 0 1 0 0 1 ,5 5,6 2
12	17 0 0 1 0 0 ,8 3
13	18 0 0 0 0 1 ,16 5
14	2 1 0 0 0 1 ,8 5,12 1
16	11 1 0 0 0 0 ,6 1
17	18 0 0 1 0 0 ,16 3
19	17 1 0 0 0 0 ,8 1
23	8 0 0 0 0 1 ,14 5
25	15 0 0 1 0 0 ,2 3
26	12 0 0 0 1 0 ,10 4
30	24 0 0 0 0 1 ,3 5
33	17 0 1 0 0 1 ,3 5,8 2
35	20 0 0 1 0 0 ,0 3
37	20 0 0 0 0 1 ,0 5
39	3 0 0 1 1 0 ,11 4,15 3
40	18 0 0 1 0 0 ,16 3
42	11 0 0 1 1 0 ,4 4,6 3
46	15 0 0 1 0 1 ,2 3,7 5
48	20 0 0 0 0 1 ,0 5
51	21 0 0 1 0 0 ,5 3
52	8 0 1 0 0 0 ,14 2
55	3 0 1 1 0 0 ,4 3,17 2
57	14 0 1 0 0 1 ,0 2,11 5
59	16 0 0 0 1 0 ,4 4
62	12 0 0 0 1 0 ,10 4
63	18 0 1 0 0 0 ,16 2
66	24 0 0 0 1 0 ,3 4
68	12 2 0 0 1 0 ,0 1,5 1,10 4
70	16 0 0 0 0 1 ,7 5
71	16 0 0 0 0 1 ,4 5
72	24 0 0 0 0 1 ,3 5
74	6 0 1 0 0 0 ,18 2
75	3 0 0 1 0 0 ,9 3
76	24 0 0 0 0 1 ,3 5
78	11 0 0 0 0 2 ,6 5,11 5
80	1 1 0 0 0 0 ,1 1
81	16 0 0 0 1 0 ,7 4
82	18 1 0 0 0 0 ,16 1
83	8 1 0 0 0 0 ,14 1
86	17 0 1 0 1 0 ,5 4,8 2
89	15 0 0 0 0 1 ,2 5
94	1 1 0 0 0 0 ,13 1
95	2 1 0 1 0 0 ,2 3,12 1
97	6 0 0 0 1 0 ,18 4
99	15 1 0 0 0 0 ,2 1
