1	16 0 0 0 1 0 ,19 4
2	16 1 0 0 0 0 ,24 1
3	8 0 0 0 1 0 ,13 4
4	20 1 0 0 0 1 ,1 5,23 1
5	19 0 0 0 0 1 ,20 5
6	14 0 1 0 0 1 ,14 2,17 5
7	10 1 0 0 0 0 ,5 1
9	16 1 0 0 0 0 ,6 1
11	16 0 0 1 0 1 ,6 5,27 3
12	9 0 0 1 0 0 ,2 3
13	13 0 0 0 1 0 ,7 4
14	16 1 0 0 0 1 ,1 5,6 1
15	14 1 0 0 0 0 ,14 1
18	12 0 2 1 0 0 ,17 2,24 2,25 3
21	15 2 0 0 0 0 ,6 1,8 1
23	5 0 0 1 1 0 ,15 3,23 4
25	16 0 0 1 1 0 ,1 4,18 3
26	20 0 0 0 1 0 ,23 4
27	6 2 1 0 0 0 ,17 2,25 1,26 1
29	16 0 0 0 1 0 ,18 4
31	10 0 1 0 0 0 ,21 2
32	8 0 1 0 0 1 ,3 2,10 5
33	10 0 0 0 0 1 ,10 5
34	14 1 0 1 0 0 ,14 1,17 3
35	9 1 0 0 2 0 ,2 1,7 4,21 4
36	20 0 1 0 0 0 ,27 2
38	14 0 0 1 0 1 ,1 5,11 3
39	8 0 0 0 0 1 ,3 5
40	14 0 0 0 0 1 ,11 5
41	15 1 0 1 0 0 ,8 1,17 3
42	14 0 0 0 1 1 ,14 4,24 5
44	4 0 0 0 2 1 ,20 5,22 4,25 4
46	8 1 0 0 0 0 ,3 1
48	4 1 0 0 0 0 ,9 1
49	8 1 0 1 2 0 ,0 4,7 3,8 4,13 1
50	19 0 0 0 1 0 ,20 4
51	5 0 0 1 0 1 ,4 5,17 3
52	15 0 0 0 0 2 ,0 5,19 5
53	10 0 1 1 0 0 ,6 3,21 2
54	14 0 2 0 0 0 ,1 2,11 2
57	20 0 0 0 1 0 ,27 4
60	6 1 0 0 0 0 ,26 1
62	15 0 1 0 1 0 ,0 2,8 4
63	9 0 0 0 0 2 ,2 5,5 5
64	16 0 0 1 0 0 ,24 3
65	16 0 0 1 0 0 ,19 3
66	16 1 0 0 1 0 ,19 1,23 4
67	20 0 0 1 0 1 ,1 3,23 5
68	6 0 0 1 0 1 ,12 5,18 3
71	12 0 0 1 1 0 ,11 3,25 4
72	16 0 0 2 0 0 ,18 3,20 3
73	10 0 0 0 1 0 ,5 4
75	10 0 1 0 0 0 ,21 2
76	15 0 1 0 0 0 ,8 2
77	4 1 0 1 0 0 ,9 3,24 1
78	13 0 1 0 0 0 ,7 2
79	19 1 0 0 0 0 ,20 1
82	16 0 0 0 1 1 ,6 5,24 4
83	20 0 0 1 0 0 ,27 3
84	5 1 1 0 0 1 ,11 1,15 2,27 5
86	15 0 0 1 0 0 ,8 3
89	14 0 0 0 1 0 ,14 4
92	8 0 0 2 1 0 ,0 4,13 3,19 3
93	19 1 0 0 0 0 ,20 1
96	5 0 1 0 0 1 ,14 2,16 5
97	6 1 1 0 1 0 ,12 1,23 2,26 4
98	16 0 0 1 0 0 ,18 3
99	20 0 0 1 0 0 ,27 3
