2	7 0 1 1 1 0 ,2 3,4 2,21 4
4	6 0 1 1 1 0 ,15 2,24 3,26 4
6	19 0 1 0 0 0 ,0 2
7	15 1 1 0 0 0 ,15 1,20 2
8	12 0 0 0 1 0 ,18 4
12	19 0 1 0 0 1 ,0 5,21 2
13	20 0 0 0 1 0 ,14 4
14	11 0 0 0 0 1 ,26 5
15	5 2 1 0 0 0 ,11 1,17 1,25 2
16	6 0 0 0 2 0 ,9 4,15 4
18	21 0 0 0 1 0 ,13 4
19	16 0 0 0 1 0 ,20 4
20	11 0 0 1 0 0 ,10 3
22	9 1 0 0 0 0 ,16 1
26	5 1 0 0 1 1 ,8 4,18 1,21 5
27	13 1 0 0 0 0 ,4 1
28	11 0 0 0 0 1 ,10 5
30	21 0 0 0 1 0 ,13 4
32	19 0 1 0 0 0 ,0 2
34	4 0 1 1 1 0 ,3 4,21 2,22 3
35	4 1 0 0 0 1 ,17 5,22 1
36	19 0 0 0 0 1 ,21 5
38	20 0 0 0 0 1 ,14 5
39	8 0 0 0 1 0 ,6 4
41	19 0 0 0 0 1 ,0 5
45	6 0 1 0 0 0 ,9 2
48	9 0 1 0 0 1 ,16 2,25 5
49	9 1 1 0 0 0 ,14 2,16 1
50	19 0 0 0 0 1 ,25 5
51	7 0 1 1 1 0 ,1 2,6 4,12 3
52	11 0 1 0 0 0 ,26 2
53	9 0 0 1 0 0 ,16 3
55	15 0 0 0 0 1 ,15 5
57	6 1 0 0 0 0 ,24 1
63	15 0 0 1 0 0 ,15 3
64	7 0 0 1 0 1 ,1 3,13 5
66	1 1 1 0 1 0 ,1 2,19 1,23 4
69	6 1 0 0 0 0 ,24 1
70	21 0 0 0 1 0 ,13 4
71	13 0 0 1 0 0 ,4 3
73	16 0 0 1 1 1 ,13 4,14 3,20 5
74	5 1 0 1 0 0 ,23 1,25 3
77	12 0 0 1 0 0 ,18 3
79	7 1 0 0 0 0 ,17 1
80	7 0 0 0 2 0 ,2 4,4 4
81	3 0 0 1 0 0 ,5 3
82	5 1 1 0 1 0 ,8 1,12 4,16 2
83	11 0 0 1 0 0 ,10 3
84	5 0 1 1 0 1 ,3 5,11 2,20 3
85	13 0 0 1 1 0 ,4 3,14 4
86	19 1 0 0 0 0 ,21 1
87	6 1 0 0 0 1 ,0 5,24 1
89	4 0 0 1 0 0 ,7 3
91	10 1 0 0 0 0 ,3 1
93	4 1 2 0 0 0 ,7 1,11 2,14 2
94	16 0 1 0 0 0 ,20 2
97	8 1 0 0 1 0 ,12 1,18 4
98	19 0 0 0 1 0 ,25 4
