0	12 1 0 0 0 0 ,19 1
2	18 0 0 1 0 0 ,11 3
4	11 1 1 0 0 0 ,14 2,17 1
5	3 0 1 0 0 1 ,8 2,9 5
6	11 1 0 0 1 0 ,9 1,17 4
8	18 0 1 0 0 0 ,17 2
12	12 1 0 0 1 0 ,5 4,13 1
13	2 0 1 1 0 1 ,5 5,18 2,21 3
14	8 0 0 0 1 0 ,12 4
16	11 0 0 0 1 1 ,4 5,14 4
21	2 0 1 0 0 0 ,7 2
22	13 0 0 1 0 0 ,3 3
23	3 1 0 2 0 0 ,8 1,10 3,17 3
27	9 0 0 0 1 0 ,2 4
28	18 0 1 0 0 0 ,11 2
29	13 0 0 0 0 1 ,3 5
31	12 1 0 1 1 0 ,0 4,19 3,20 1
33	2 0 2 0 0 0 ,6 2,13 2
36	17 0 1 0 0 0 ,13 2
38	5 0 1 0 0 0 ,10 2
39	17 0 0 0 0 1 ,13 5
41	12 0 0 0 1 0 ,19 4
44	13 1 0 0 0 1 ,0 5,4 1
47	21 0 0 1 0 0 ,0 3
49	17 0 0 0 0 1 ,13 5
50	12 0 1 0 0 0 ,20 2
52	9 0 1 1 0 0 ,2 2,15 3
53	12 0 0 1 0 0 ,19 3
56	8 0 1 0 1 0 ,0 2,1 4
58	12 0 0 1 0 0 ,20 3
59	11 0 0 0 0 1 ,15 5
60	9 0 1 0 0 1 ,0 5,2 2
61	11 0 0 0 0 1 ,9 5
63	8 0 1 0 1 0 ,12 4,15 2
67	18 0 0 1 0 0 ,17 3
71	13 0 0 0 0 1 ,4 5
72	2 0 1 0 0 0 ,16 2
73	18 0 0 1 0 0 ,11 3
76	12 1 0 0 0 0 ,19 1
79	21 0 1 0 0 0 ,0 2
82	13 0 0 0 0 1 ,3 5
83	11 1 0 0 0 1 ,14 5,15 1
85	9 1 0 0 0 0 ,2 1
86	12 0 0 1 0 2 ,11 5,17 5,20 3
88	12 0 1 1 0 0 ,4 2,20 3
94	17 0 1 1 0 0 ,11 3,13 2
97	18 0 1 0 0 0 ,11 2
99	8 0 0 1 1 0 ,1 4,5 3
