0	17 0 1 0 0 0 ,16 2
1	7 1 0 0 1 0 ,24 4,28 1
2	9 1 0 0 0 0 ,21 1
6	6 1 0 0 0 0 ,35 1
8	2 0 1 0 0 0 ,8 2
9	9 0 0 0 0 1 ,33 5
10	5 1 0 0 1 0 ,3 1,22 4
11	22 0 0 0 0 1 ,23 5
13	6 1 0 0 0 0 ,31 1
14	5 0 0 1 0 0 ,20 3
16	14 0 0 0 1 0 ,2 4
19	10 0 0 0 0 1 ,26 5
20	9 0 1 0 0 0 ,9 2
22	2 0 1 0 0 0 ,11 2
23	6 0 0 2 0 0 ,24 3,35 3
24	6 0 0 0 0 1 ,31 5
26	22 0 0 0 1 0 ,23 4
27	22 0 0 0 2 0 ,19 4,23 4
29	22 1 0 0 0 0 ,19 1
32	9 0 0 1 0 0 ,21 3
34	2 0 1 0 0 1 ,2 5,15 2
35	18 0 0 0 0 1 ,27 5
37	10 0 0 1 0 1 ,7 3,28 5
39	14 0 0 1 0 2 ,2 3,16 5,19 5
40	6 2 0 0 0 0 ,3 1,18 1
41	10 0 1 0 1 0 ,1 2,17 4
42	8 1 0 0 1 0 ,0 4,21 1
43	14 0 0 0 1 1 ,1 5,23 4
45	8 2 0 0 0 0 ,0 1,7 1
46	8 0 0 1 1 0 ,4 4,34 3
48	6 0 1 0 1 0 ,13 2,19 4
49	5 1 0 0 0 1 ,22 1,34 5
50	17 0 0 0 1 0 ,16 4
51	10 1 0 1 0 0 ,26 3,32 1
52	18 0 0 1 0 0 ,4 3
54	6 0 1 1 1 0 ,27 3,33 4,35 2
56	18 1 0 0 0 0 ,4 1
57	18 0 0 0 0 1 ,4 5
58	12 1 0 0 1 1 ,5 5,25 1,32 4
59	18 0 0 0 0 1 ,4 5
60	6 0 0 1 0 0 ,6 3
62	6 0 0 2 0 0 ,1 3,6 3
63	6 0 1 1 1 0 ,2 2,3 4,5 3
65	2 0 2 0 0 1 ,10 2,27 2,32 5
66	11 1 0 0 0 1 ,18 1,23 5
68	3 2 0 1 1 0 ,7 4,14 3,26 1,29 1
70	8 1 0 2 0 0 ,12 3,26 1,27 3
72	9 0 0 1 2 0 ,17 3,21 4,32 4
74	11 0 0 0 1 0 ,18 4
75	10 1 0 0 1 0 ,25 1,28 4
76	2 2 0 0 0 2 ,18 5,27 5,30 1,32 1
78	2 1 0 0 0 0 ,30 1
80	6 0 0 0 2 0 ,9 4,13 4
81	8 0 0 1 1 1 ,0 3,1 4,25 5
82	9 0 0 1 1 0 ,9 3,25 4
83	8 0 0 0 0 2 ,7 5,12 5
84	17 0 0 0 1 0 ,16 4
88	5 0 1 0 0 0 ,20 2
89	16 1 0 0 0 0 ,32 1
90	22 0 0 1 0 0 ,19 3
92	10 1 0 1 0 0 ,17 3,25 1
93	17 0 0 0 1 0 ,5 4
94	6 0 0 0 0 1 ,29 5
95	17 0 0 0 0 1 ,5 5
97	17 0 1 0 0 0 ,16 2
98	22 0 0 0 0 1 ,19 5
