0	15 0 1 0 0 0 ,27 2
2	16 0 1 0 0 1 ,17 2,31 5
3	5 1 0 0 1 0 ,4 1,11 4
4	5 0 0 0 0 1 ,10 5
5	16 0 0 0 0 2 ,7 5,26 5
7	16 0 1 0 0 0 ,18 2
8	11 1 0 0 0 0 ,23 1
9	15 0 0 0 0 1 ,27 5
10	11 0 1 0 1 0 ,14 2,23 4
11	15 0 0 2 1 0 ,1 4,24 3,26 3
12	9 0 0 0 0 1 ,2 5
13	16 0 0 0 1 0 ,14 4
14	14 0 0 1 0 0 ,20 3
15	6 0 0 0 1 1 ,1 5,5 4
16	18 0 0 0 0 1 ,31 5
19	10 0 1 0 0 1 ,12 5,25 2
20	16 0 1 0 0 0 ,17 2
21	14 1 1 0 0 0 ,4 1,24 2
22	2 0 1 0 0 0 ,3 2
23	6 0 0 1 0 0 ,15 3
24	16 1 0 0 0 0 ,7 1
25	3 0 0 2 0 0 ,4 3,29 3
26	14 0 0 1 0 0 ,4 3
27	5 0 0 1 1 1 ,6 4,16 3,31 5
29	16 0 1 0 0 0 ,18 2
30	12 0 1 0 0 0 ,8 2
31	14 0 0 0 1 0 ,4 4
32	8 0 1 1 0 0 ,6 2,30 3
34	5 1 1 0 0 0 ,16 2,26 1
35	14 0 0 0 0 1 ,20 5
36	15 1 1 0 0 0 ,1 1,27 2
37	16 0 0 0 1 0 ,26 4
38	8 0 2 0 0 0 ,4 2,6 2
39	11 0 1 0 0 0 ,23 2
40	6 0 1 1 0 1 ,8 5,15 3,31 2
41	16 0 0 1 0 0 ,7 3
43	16 0 1 0 0 0 ,18 2
44	12 0 0 0 0 1 ,0 5
45	18 1 0 0 0 0 ,31 1
47	12 0 1 0 1 0 ,8 2,12 4
49	14 1 0 0 0 0 ,20 1
50	12 0 0 1 0 1 ,8 3,18 5
51	14 0 0 1 0 0 ,20 3
52	8 0 0 2 0 0 ,12 3,22 3
53	12 0 0 0 0 1 ,0 5
54	9 0 1 0 1 0 ,2 4,30 2
56	14 0 1 0 0 0 ,20 2
57	11 1 0 0 0 1 ,13 1,18 5
58	16 0 0 0 0 1 ,7 5
59	8 1 0 0 1 0 ,9 4,24 1
60	11 1 0 0 0 0 ,23 1
65	11 0 0 0 0 1 ,13 5
66	16 0 0 0 0 1 ,17 5
67	15 0 1 0 0 0 ,27 2
69	16 1 0 0 0 0 ,14 1
70	16 0 0 0 0 1 ,17 5
71	6 0 1 0 0 0 ,5 2
72	8 0 1 0 0 1 ,0 2,22 5
73	10 0 0 1 0 0 ,25 3
74	8 0 0 1 1 0 ,9 3,28 4
76	16 0 0 1 0 0 ,26 3
79	16 0 1 0 0 0 ,7 2
81	15 0 0 0 0 2 ,1 5,24 5
82	20 0 0 0 1 0 ,12 4
83	20 0 0 0 1 1 ,1 5,12 4
84	10 0 0 0 0 1 ,28 5
85	16 0 0 0 1 0 ,30 4
87	5 1 0 0 1 1 ,21 5,28 1,30 4
88	5 1 0 0 0 0 ,11 1
91	3 0 0 1 0 0 ,19 3
92	16 0 1 0 0 0 ,30 2
93	16 0 0 0 0 1 ,14 5
95	11 0 0 0 1 1 ,13 5,24 4
96	10 0 0 0 0 1 ,25 5
97	16 0 0 0 1 0 ,14 4
98	16 0 1 0 0 0 ,17 2
99	8 2 0 1 1 0 ,9 1,23 3,27 4,30 1
