0	14 1 0 0 0 0 ,22 1
1	11 0 0 1 0 0 ,15 3
3	10 0 0 1 0 1 ,14 5,31 3
4	17 0 1 0 0 0 ,5 2
5	6 1 1 0 0 0 ,21 1,24 2
6	6 0 0 0 0 2 ,16 5,29 5
7	14 0 0 1 0 1 ,22 3,23 5
8	7 0 0 1 0 0 ,11 3
9	14 0 1 0 0 0 ,2 2
11	4 1 0 0 1 1 ,8 5,20 4,25 1
12	21 0 0 0 1 0 ,23 4
13	26 0 0 0 1 0 ,30 4
14	15 0 1 0 0 0 ,27 2
15	6 0 1 1 0 0 ,2 2,21 3
16	26 0 0 0 1 0 ,30 4
18	7 1 0 2 0 0 ,8 1,9 3,20 3
20	11 1 0 1 1 0 ,12 1,23 4,27 3
22	10 0 1 0 0 1 ,9 2,14 5
24	18 0 0 0 0 1 ,32 5
25	26 0 0 0 0 1 ,30 5
26	9 1 0 0 0 0 ,0 1
27	6 0 0 0 1 0 ,33 4
28	6 0 1 0 1 1 ,2 4,23 5,33 2
29	17 0 1 1 0 1 ,1 5,5 2,32 3
30	11 1 0 0 0 0 ,12 1
31	15 0 1 0 0 0 ,27 2
32	10 0 0 0 1 1 ,1 4,24 5
35	5 0 2 0 0 0 ,6 2,8 2
37	7 1 1 0 0 0 ,11 2,15 1
39	5 0 0 0 0 1 ,4 5
40	5 1 0 2 0 1 ,1 5,6 3,9 1,31 3
41	11 0 1 1 0 0 ,12 2,30 3
42	6 0 2 0 0 0 ,16 2,21 2
44	4 1 1 0 0 1 ,26 2,30 5,31 1
45	21 0 0 0 1 0 ,8 4
46	10 1 0 0 0 0 ,24 1
47	4 0 0 1 0 0 ,25 3
48	15 0 0 1 0 0 ,16 3
50	13 0 0 1 1 0 ,13 3,22 4
54	11 0 1 0 0 0 ,15 2
55	10 1 0 1 0 0 ,3 3,27 1
56	14 1 0 0 0 0 ,2 1
57	22 0 0 1 0 0 ,1 3
59	2 0 1 0 1 1 ,15 4,16 5,19 2
60	4 0 3 1 0 0 ,12 2,17 3,22 2,26 2
62	10 1 0 1 0 2 ,13 3,24 1,30 5,32 5
63	5 0 0 1 0 1 ,3 3,10 5
64	21 0 0 0 0 1 ,8 5
66	13 1 0 0 1 0 ,5 1,13 4
67	13 1 0 1 0 0 ,5 3,13 1
68	9 1 1 1 0 2 ,1 5,7 2,9 3,24 1,32 5
70	11 0 1 0 1 1 ,13 2,17 5,28 4
72	11 0 0 2 1 0 ,5 4,17 3,31 3
73	6 1 0 0 0 0 ,29 1
74	15 0 0 0 1 0 ,17 4
75	11 0 0 1 0 0 ,28 3
77	9 0 1 0 0 0 ,7 2
78	10 0 0 0 1 0 ,3 4
80	11 1 0 0 1 0 ,9 4,12 1
81	17 0 0 0 0 1 ,5 5
82	14 1 1 0 1 0 ,9 1,22 4,27 2
83	11 1 0 0 0 0 ,15 1
84	2 0 1 0 0 0 ,18 2
86	7 0 2 0 0 0 ,11 2,23 2
87	9 0 0 0 2 1 ,7 4,12 4,27 5
88	21 0 0 0 1 0 ,8 4
89	9 0 0 1 0 0 ,0 3
92	21 1 0 0 0 0 ,23 1
95	11 1 0 0 0 0 ,31 1
98	9 1 0 0 1 1 ,2 5,7 1,28 4
99	9 0 0 0 0 1 ,0 5
