2	17 0 1 0 0 0 ,19 2
3	6 0 1 0 0 0 ,30 2
5	9 2 0 0 0 0 ,9 1,14 1
6	4 0 1 0 0 0 ,7 2
8	9 0 1 0 0 0 ,16 2
9	7 0 0 0 1 0 ,12 4
11	7 1 0 0 0 0 ,12 1
12	5 0 1 0 0 2 ,6 5,8 2,23 5
15	11 0 0 0 1 0 ,4 4
18	9 0 1 0 0 0 ,16 2
19	9 0 1 1 0 0 ,20 3,21 2
20	9 0 0 0 0 1 ,15 5
21	3 0 0 2 0 0 ,10 3,20 3
24	1 2 0 0 0 0 ,13 1,28 1
27	18 1 0 0 0 0 ,20 1
28	9 1 1 0 0 0 ,19 1,21 2
29	10 0 1 0 0 1 ,25 5,29 2
30	10 0 0 1 0 1 ,13 5,20 3
31	9 0 0 1 0 0 ,15 3
32	4 0 1 0 0 0 ,7 2
33	8 0 0 1 0 1 ,6 3,27 5
40	7 1 1 0 0 0 ,12 2,15 1
41	6 0 0 0 2 0 ,0 4,4 4
47	4 0 1 0 0 0 ,18 2
48	8 0 0 1 0 0 ,27 3
49	4 1 1 1 0 0 ,2 2,19 1,23 3
50	6 0 1 0 0 0 ,22 2
51	16 1 0 0 0 0 ,23 1
52	19 0 0 0 1 0 ,6 4
56	10 0 0 1 0 0 ,25 3
57	4 0 1 1 0 0 ,18 2,20 3
61	19 0 0 0 1 0 ,6 4
63	5 1 0 1 1 0 ,11 1,29 3,30 4
66	9 1 0 0 0 0 ,9 1
67	17 0 0 0 0 1 ,19 5
68	10 0 0 0 0 1 ,29 5
69	4 1 0 0 0 0 ,17 1
71	17 0 0 0 1 0 ,19 4
72	6 0 1 0 1 0 ,0 2,19 4
73	5 0 0 0 0 2 ,23 5,26 5
75	18 0 0 0 0 1 ,20 5
77	9 0 0 0 2 0 ,9 4,14 4
78	9 1 0 0 0 0 ,16 1
79	4 0 1 0 0 0 ,2 2
80	4 0 0 1 0 0 ,17 3
81	10 0 1 0 0 0 ,25 2
83	9 0 1 0 1 0 ,16 4,23 2
84	2 0 1 1 0 2 ,3 5,4 3,5 2,21 5
86	12 0 1 0 0 0 ,14 2
87	5 0 1 0 0 1 ,14 2,24 5
91	5 0 0 1 0 0 ,8 3
92	2 0 2 0 0 0 ,1 2,11 2
93	6 0 0 1 2 0 ,3 4,6 3,22 4
94	5 0 1 2 0 0 ,9 3,11 2,14 3
96	10 0 0 0 1 0 ,13 4
