0	8 1 0 2 0 1 ,10 3,14 3,24 5,26 1
1	13 1 0 1 0 0 ,3 3,33 1
2	4 0 0 0 1 0 ,2 4
3	17 1 0 0 0 0 ,24 1
4	6 0 0 0 0 1 ,6 5
5	17 0 0 0 1 0 ,10 4
6	13 1 0 0 1 0 ,15 4,33 1
7	12 0 0 1 0 1 ,20 3,30 5
8	15 0 0 0 0 1 ,15 5
9	12 0 1 2 0 1 ,0 5,19 3,21 2,30 3
10	14 0 0 1 0 0 ,22 3
11	5 0 0 3 0 0 ,10 3,19 3,25 3
12	7 1 2 0 0 0 ,3 2,7 1,31 2
17	14 0 1 0 0 0 ,3 2
18	13 0 0 0 2 1 ,8 5,20 4,33 4
20	14 1 0 0 0 0 ,32 1
23	7 1 1 1 0 0 ,3 3,9 2,12 1
24	15 0 0 0 1 0 ,13 4
26	15 0 0 0 0 1 ,13 5
28	15 0 1 1 0 0 ,9 3,15 2
30	18 0 0 0 0 1 ,9 5
31	14 0 1 0 0 0 ,3 2
35	12 0 3 0 0 0 ,21 2,24 2,29 2
36	7 0 0 0 2 1 ,5 5,15 4,27 4
37	16 0 0 0 0 1 ,19 5
38	18 0 0 0 1 0 ,9 4
39	7 1 0 0 0 0 ,31 1
40	3 1 0 0 0 0 ,11 1
41	9 0 0 0 1 0 ,5 4
42	7 0 0 1 0 0 ,12 3
44	7 1 0 0 0 0 ,27 1
45	19 0 1 0 0 0 ,20 2
48	13 0 0 0 1 0 ,8 4
49	15 0 0 0 0 1 ,13 5
50	2 0 2 0 1 0 ,21 4,23 2,27 2
51	1 1 1 0 0 0 ,18 1,22 2
52	17 0 0 0 0 1 ,24 5
53	17 0 1 0 0 0 ,10 2
54	2 1 0 0 1 0 ,17 1,32 4
56	18 0 0 0 1 0 ,9 4
60	2 1 1 0 0 0 ,4 2,13 1
63	7 0 0 2 0 0 ,28 3,31 3
66	15 0 0 1 0 0 ,29 3
67	12 0 0 0 2 0 ,19 4,30 4
68	7 1 2 0 2 1 ,1 4,7 2,14 5,26 2,31 1,33 4
71	20 0 0 0 1 0 ,0 4
73	6 1 1 0 0 0 ,6 1,10 2
75	15 1 0 0 1 0 ,1 4,29 1
77	7 0 0 1 0 1 ,12 3,28 5
78	20 0 0 0 0 1 ,1 5
79	20 0 0 0 0 1 ,0 5
80	1 2 0 1 1 0 ,0 4,16 1,17 1,21 3
81	11 0 0 1 0 0 ,7 3
82	20 1 0 0 0 0 ,1 1
83	14 0 1 0 0 0 ,32 2
84	13 0 0 1 0 2 ,1 5,32 5,33 3
86	17 0 0 1 1 0 ,10 3,24 4
87	15 0 0 0 0 1 ,29 5
88	16 2 0 0 0 0 ,1 1,19 1
89	14 0 0 0 1 0 ,22 4
90	14 0 1 0 0 0 ,32 2
91	3 0 1 1 0 0 ,11 2,26 3
92	9 0 0 1 0 1 ,22 5,26 3
94	11 1 1 0 0 0 ,7 1,20 2
95	5 0 2 1 0 0 ,0 2,20 3,25 2
96	11 0 0 0 1 0 ,7 4
97	14 0 1 0 1 0 ,3 2,29 4
98	12 1 0 0 1 1 ,8 4,20 5,21 1
