4	11 0 2 0 0 0 ,14 2,18 2
7	13 0 1 1 0 1 ,9 2,11 5,13 3
8	17 0 1 0 0 0 ,3 2
9	9 0 0 1 0 0 ,15 3
12	15 0 1 0 0 0 ,7 2
14	13 1 0 0 0 0 ,13 1
15	12 0 0 0 1 0 ,16 4
18	3 0 0 1 0 0 ,1 3
19	15 1 0 0 0 0 ,7 1
21	13 0 0 1 0 0 ,13 3
23	16 0 0 0 1 0 ,9 4
26	13 1 1 0 0 0 ,13 2,14 1
31	7 0 0 1 0 1 ,0 3,6 5
33	9 0 0 2 1 0 ,6 3,7 4,16 3
34	7 0 0 1 0 0 ,17 3
35	17 1 0 0 0 0 ,3 1
37	16 0 0 0 1 0 ,9 4
38	7 0 0 1 0 0 ,8 3
39	12 1 0 0 0 0 ,16 1
42	13 1 0 0 0 0 ,13 1
44	9 0 0 0 0 1 ,15 5
47	7 0 1 0 0 0 ,0 2
48	17 0 1 0 0 0 ,3 2
52	9 2 0 0 0 0 ,4 1,6 1
57	1 1 0 0 0 0 ,5 1
58	7 0 1 0 0 0 ,0 2
60	9 0 0 0 0 2 ,3 5,4 5
61	9 0 0 1 0 0 ,4 3
62	16 1 0 0 0 0 ,9 1
66	12 0 0 0 1 0 ,16 4
67	14 0 0 0 0 2 ,3 5,11 5
68	14 0 0 1 0 0 ,11 3
72	2 1 0 0 0 0 ,2 1
74	14 0 0 0 0 1 ,14 5
75	3 0 0 2 0 0 ,10 3,13 3
77	7 0 0 0 1 0 ,17 4
78	9 1 0 0 0 0 ,15 1
80	7 0 0 0 1 0 ,8 4
83	11 0 0 0 1 0 ,18 4
84	1 2 0 0 0 0 ,12 1,14 1
85	14 1 0 0 0 0 ,11 1
86	14 0 0 0 0 1 ,14 5
87	15 0 0 1 0 0 ,7 3
91	16 0 0 0 0 1 ,9 5
92	11 0 0 0 0 1 ,18 5
93	2 1 0 0 0 0 ,2 1
94	17 0 1 0 0 0 ,3 2
96	15 0 0 0 0 1 ,7 5
