0	15 0 0 0 1 0 ,18 4
2	10 1 0 1 0 0 ,0 3,22 1
3	3 0 1 1 0 1 ,1 3,18 5,20 2
7	14 0 0 0 1 1 ,0 4,11 5
8	9 0 0 0 0 1 ,19 5
9	13 0 1 0 0 0 ,7 2
10	8 0 0 0 0 2 ,7 5,15 5
11	15 1 0 0 0 0 ,0 1
16	22 0 0 1 0 0 ,21 3
17	13 0 0 1 0 0 ,6 3
18	13 1 0 0 0 0 ,6 1
20	4 0 0 0 1 0 ,9 4
21	15 0 1 0 0 0 ,0 2
22	15 0 0 1 0 0 ,18 3
25	2 0 1 0 0 0 ,4 2
26	12 0 1 0 0 0 ,3 2
27	11 0 0 0 0 1 ,5 5
30	4 0 0 1 0 0 ,12 3
32	9 0 0 0 1 0 ,19 4
33	15 0 0 1 0 0 ,18 3
35	4 2 0 0 0 0 ,12 1,16 1
37	13 0 0 0 0 1 ,10 5
40	13 0 0 0 1 0 ,10 4
42	6 1 1 0 0 0 ,3 2,14 1
44	11 0 0 1 0 0 ,5 3
45	13 0 0 1 0 0 ,10 3
48	12 0 0 1 0 0 ,3 3
49	12 1 0 0 0 0 ,3 1
50	13 1 0 0 0 0 ,10 1
51	8 1 0 0 0 0 ,15 1
55	10 0 1 1 1 0 ,3 3,21 2,22 4
56	7 0 0 0 1 0 ,16 4
60	22 0 0 0 0 1 ,21 5
61	13 1 0 0 0 0 ,6 1
62	14 0 1 0 0 0 ,11 2
63	12 1 0 0 0 0 ,3 1
64	15 0 0 0 0 1 ,0 5
67	22 0 0 0 1 0 ,21 4
68	4 0 0 0 1 0 ,17 4
69	6 0 0 1 1 0 ,6 3,14 4
72	13 0 0 0 0 1 ,6 5
74	1 1 0 0 0 0 ,2 1
76	13 0 0 0 1 0 ,7 4
77	22 0 0 0 1 0 ,21 4
79	22 0 0 0 1 0 ,21 4
81	8 0 0 1 0 1 ,1 5,5 3
84	10 0 0 0 0 1 ,22 5
87	3 1 0 0 0 0 ,20 1
89	2 1 1 0 0 0 ,8 2,14 1
90	13 0 1 0 0 0 ,7 2
92	4 0 0 0 1 0 ,13 4
94	14 0 0 0 1 0 ,11 4
95	7 0 2 0 0 0 ,15 2,16 2
97	14 0 0 1 0 0 ,11 3
