1	5 0 0 0 0 1 ,24 5
2	11 1 0 0 0 0 ,22 1
3	4 0 1 0 0 0 ,4 2
5	5 0 0 0 0 1 ,8 5
7	4 1 0 0 0 1 ,3 5,6 1
10	4 1 0 0 0 0 ,6 1
14	5 1 0 0 0 0 ,17 1
15	2 0 1 0 1 0 ,7 2,25 4
16	12 0 1 0 0 0 ,9 2
17	15 1 0 0 0 0 ,0 1
18	10 0 0 1 0 0 ,23 3
20	3 1 1 0 0 0 ,16 2,18 1
22	11 0 1 0 0 0 ,3 2
23	9 0 0 0 1 0 ,21 4
24	12 0 0 0 1 0 ,9 4
25	11 1 0 1 0 0 ,9 3,22 1
28	10 0 0 0 0 1 ,15 5
31	10 0 0 0 1 0 ,15 4
32	11 0 2 0 0 0 ,12 2,22 2
34	2 0 1 0 0 0 ,14 2
38	11 0 0 0 1 0 ,11 4
40	9 0 0 1 0 0 ,21 3
41	11 0 1 0 0 0 ,3 2
42	9 0 1 0 0 0 ,18 2
44	3 0 0 1 0 0 ,2 3
48	5 0 0 1 0 0 ,17 3
54	9 0 1 0 0 0 ,21 2
56	3 1 0 0 0 0 ,20 1
58	1 1 0 1 0 1 ,10 1,11 5,19 3
61	15 0 0 0 1 0 ,0 4
64	10 1 0 0 0 0 ,23 1
66	5 1 0 0 0 1 ,5 5,17 1
68	11 1 0 0 0 0 ,22 1
69	4 1 1 0 0 0 ,4 2,9 1
73	15 0 0 0 0 1 ,0 5
75	13 0 0 0 0 1 ,12 5
77	7 0 0 0 2 0 ,19 4,23 4
78	6 0 1 0 0 0 ,25 2
79	9 0 0 0 1 0 ,18 4
81	11 0 1 0 1 0 ,12 4,22 2
83	9 0 1 0 0 0 ,18 2
86	3 1 2 0 0 0 ,6 2,15 1,20 2
87	11 0 0 0 1 0 ,22 4
89	11 0 1 0 0 0 ,3 2
90	4 1 0 1 0 0 ,13 3,23 1
94	11 0 1 0 0 0 ,11 2
95	4 0 0 0 1 0 ,1 4
96	4 2 1 0 0 0 ,9 2,13 1,23 1
97	3 1 1 0 0 0 ,12 2,16 1
98	15 0 0 0 0 1 ,0 5
