0	0 5 9 6 5 5 ,0 8,1 23,3 11,4 9,5 8,8 20,9 10,10 17,11 10,12 14,13 12,14 16,15 2,16 9,17 10,18 7,20 9,21 17,24 18,25 9,27 3
1	0 4 6 4 5 9 ,3 5,4 24,5 17,6 21,7 14,8 18,9 16,10 5,11 18,12 5,13 16,14 11,15 15,16 13,18 6,19 11,20 17,21 16,22 20,25 8,27 12
2	0 4 6 3 7 8 ,0 11,1 13,2 7,4 14,5 9,6 6,7 14,8 18,10 4,13 7,14 16,15 10,16 7,17 7,19 5,22 18,23 11,24 5,25 8,26 8,27 16
3	0 3 9 5 4 2 ,1 6,2 21,4 8,6 13,7 14,8 16,9 3,10 7,11 11,12 16,13 9,16 13,19 24,20 11,21 15,26 8
4	0 5 6 5 3 8 ,0 4,1 20,2 20,3 17,4 21,7 16,8 6,9 15,11 16,13 20,15 10,16 18,17 15,19 19,21 14,23 10,25 15,26 13,27 17
5	0 8 7 6 7 5 ,1 5,2 12,5 8,6 13,7 8,8 16,10 7,11 8,12 16,14 18,15 5,16 6,19 9,21 8,22 12,24 10
6	0 5 7 4 8 6 ,0 2,1 3,2 1,4 14,5 17,6 6,8 17,10 2,11 12,12 13,13 8,14 17,15 10,20 9,21 16,23 14,25 7,26 6,27 8
7	0 5 2 5 3 2 ,2 17,5 5,6 1,7 2,8 9,10 4,13 10,17 15,18 9,19 11,21 8,23 18
8	0 3 6 4 3 6 ,0 8,1 16,6 15,7 13,8 10,10 17,11 11,12 14,13 12,14 21,15 12,18 8,19 5,21 11,22 7,27 11
9	0 5 6 5 7 2 ,0 10,1 14,4 8,5 13,6 3,7 13,8 8,10 18,13 13,14 10,16 3,18 3,21 14,22 12,23 18,25 6,26 6
10	0 3 6 4 8 10 ,0 18,1 18,3 2,5 9,6 5,8 23,9 9,10 10,11 6,12 13,13 7,14 15,16 6,19 5,20 21,22 15,23 2,25 17
11	0 4 4 5 7 7 ,0 9,1 15,2 12,3 2,5 13,7 21,8 6,9 15,10 6,11 12,12 12,13 9,16 9,17 9,18 9,19 9,22 9,24 14,25 9
12	0 7 9 4 3 9 ,0 11,1 11,2 21,3 5,4 9,5 15,6 14,9 20,10 16,11 13,12 12,14 11,15 7,17 20,19 10,20 3,21 8,22 16,23 3,24 21,25 13,26 17
13	0 2 5 3 7 6 ,0 11,2 17,3 18,5 8,7 9,10 2,12 10,13 14,14 15,15 5,16 12,17 20,18 20,19 24,21 12,22 13,23 11,25 13,26 6
14	0 1 4 3 8 8 ,2 6,4 12,5 13,7 15,8 10,9 19,10 16,11 10,13 14,14 10,16 13,19 3,20 9,21 20,23 9,25 20,26 17
15	0 0 7 6 7 8 ,0 12,1 14,2 17,3 4,4 8,8 16,9 13,10 13,11 11,12 11,13 14,14 8,15 12,17 9,19 10,20 12,21 7,22 13,23 5,25 15
16	0 7 5 10 4 4 ,0 5,1 21,2 2,3 10,4 12,5 8,6 13,7 18,8 2,10 14,11 18,12 12,14 11,15 3,17 13,21 4,22 7,24 11,25 6,27 10
17	0 5 4 5 7 0 ,0 19,1 19,5 13,6 19,7 14,8 10,9 10,10 12,12 13,15 7,16 14,17 12,20 5,22 12,23 11,24 9,26 14
18	0 3 11 5 6 3 ,0 5,1 14,3 3,4 5,5 15,7 18,9 6,11 15,12 12,15 13,16 16,17 12,19 12,20 13,21 4,22 7,25 12,26 6,27 13
19	0 4 7 5 10 5 ,0 12,1 21,3 5,4 5,5 10,6 13,7 13,11 22,13 24,14 7,16 12,17 14,18 20,19 8,21 5,22 4,25 9
20	0 5 6 6 5 6 ,1 8,2 14,5 6,6 6,7 4,8 23,9 8,10 7,11 12,13 17,16 18,19 6,21 4,23 8,24 21,25 8
21	0 5 9 6 7 5 ,0 8,1 9,2 19,3 17,6 6,10 15,11 13,12 14,14 5,15 16,17 12,18 11,19 10,21 5,22 13,24 9
22	0 5 5 6 8 5 ,1 19,2 15,5 16,7 7,9 15,10 12,11 7,13 12,14 6,15 10,16 10,18 5,19 9,21 17,22 11,25 15
23	0 4 5 4 6 5 ,1 8,4 14,5 9,6 13,8 20,9 14,10 12,11 15,12 5,13 10,15 10,16 20,19 12,20 17,21 13,26 17,27 16
24	0 7 2 8 7 6 ,0 3,1 21,2 15,4 9,5 6,6 14,7 9,8 20,10 7,11 4,12 10,13 9,15 18,16 12,17 12,19 14,20 11,22 5,23 11,24 6,26 17,27 16
25	0 3 4 7 5 4 ,1 14,2 7,5 15,6 15,7 15,9 10,10 17,11 16,14 18,15 7,19 14,20 17,21 11,22 11,25 15,26 16,27 4
26	0 5 2 4 2 4 ,0 7,1 13,5 16,7 14,8 6,12 13,14 19,17 14,18 9,21 10,22 12,24 17,25 9
27	0 4 6 5 5 5 ,1 9,2 19,5 8,7 7,8 3,9 10,11 7,12 12,17 10,19 5,20 9,22 11,23 13,25 15,26 6
28	0 3 4 3 3 4 ,1 7,2 13,4 5,5 15,7 11,8 8,11 16,13 20,14 6,15 6,16 13,21 10,23 19,25 15
29	0 6 6 3 4 7 ,0 12,1 14,2 13,4 8,6 19,7 9,8 23,11 6,12 10,13 8,14 1,15 2,17 10,18 20,19 24,21 5,22 21,23 3,24 23,27 17
30	0 8 6 3 2 6 ,0 5,1 11,2 13,5 19,6 8,7 23,8 7,11 13,13 4,14 16,15 20,16 6,17 10,18 6,19 14,20 7,21 6,22 6,23 10
31	0 5 7 9 7 3 ,0 10,1 3,2 20,3 11,5 8,6 5,7 14,8 17,10 10,11 10,12 10,14 10,15 18,16 20,19 25,20 9,21 6,22 11,24 14,25 7,27 8
32	0 5 2 6 9 4 ,0 16,1 14,3 5,4 9,5 21,6 5,8 9,9 2,11 12,12 13,13 17,14 18,15 7,19 20,20 11,21 14,23 18,24 11,25 13
33	0 5 3 3 7 6 ,0 13,1 9,2 16,3 11,4 1,5 21,6 5,7 2,9 9,10 11,11 15,14 10,19 12,21 8,22 11,25 9
34	0 5 6 6 10 5 ,0 10,1 10,2 17,4 5,5 20,6 15,7 4,9 3,10 2,11 10,14 6,15 13,16 2,19 12,21 8,22 13,23 3,24 2,25 17,27 11
35	0 5 1 5 4 4 ,1 11,5 8,6 11,8 17,9 14,10 11,11 7,12 14,14 4,16 6,20 16,22 18,23 13,25 19,27 13
36	0 6 6 9 2 12 ,0 9,1 6,3 17,6 5,8 4,9 9,10 3,11 7,13 20,14 5,15 13,16 6,17 7,19 12,20 15,21 10,22 16,23 10,25 20
37	0 6 4 12 5 7 ,1 9,2 13,5 15,6 3,9 15,10 13,11 8,14 16,15 6,16 8,17 11,19 14,20 9,21 7,22 18,24 14,25 13,26 8,27 6
38	0 6 3 3 8 4 ,1 3,4 4,6 10,7 9,9 10,11 4,12 13,13 20,14 19,16 2,17 10,19 11,22 11,24 14,25 13,27 5
39	0 7 2 2 9 3 ,0 8,1 10,2 13,3 11,4 13,6 2,7 23,8 16,12 12,13 19,14 17,15 10,18 20,19 6,20 13,21 16,22 20,27 12
40	0 5 11 2 9 6 ,0 13,1 6,2 17,4 6,5 8,6 13,9 11,10 7,11 22,13 1,14 9,15 7,16 8,17 9,19 6,20 9,22 8,24 21,25 4,26 11
41	0 9 7 6 3 5 ,0 4,1 12,4 11,5 2,6 13,7 13,9 6,10 7,11 8,12 13,13 8,14 7,16 13,18 6,19 13,20 13,22 15,23 19,26 11,27 10
42	0 3 4 7 7 1 ,0 8,2 2,5 15,6 13,7 8,12 13,13 20,14 16,15 10,16 15,17 11,18 7,20 17,22 8,23 9,24 17
43	0 3 4 4 6 6 ,0 8,1 9,5 20,7 15,8 7,9 9,10 15,11 18,13 14,14 16,17 14,19 12,20 26,22 6,23 18,25 15,26 4
44	0 8 4 8 1 5 ,0 15,1 10,5 9,6 12,8 7,10 18,11 4,12 13,13 16,14 11,15 3,17 10,18 20,20 13,23 11,24 14,25 20,26 13
45	0 5 3 9 3 5 ,0 5,1 18,2 22,4 12,6 11,8 4,9 11,10 17,14 20,15 7,16 6,17 10,19 10,21 7,22 7,26 11,27 11
46	0 6 3 5 7 4 ,0 8,2 12,3 18,4 13,7 9,8 12,9 11,11 10,12 13,15 7,18 14,19 25,20 12,21 15,22 7,23 18,24 6,27 12
47	0 4 6 1 2 2 ,0 10,1 13,3 16,5 8,6 6,9 9,10 16,11 18,12 12,13 4,14 18,16 20,19 21,20 10,21 14
48	0 4 7 4 1 2 ,0 10,2 21,3 18,4 11,7 7,8 17,10 13,11 12,17 24,20 16,22 6,23 18,24 6
49	0 5 8 5 6 9 ,1 9,2 2,3 22,4 13,5 6,6 8,7 11,8 16,9 20,10 6,12 19,13 8,14 12,15 10,16 9,17 1,18 8,19 8,21 12,22 3,24 6,25 3,27 3
50	0 6 5 8 7 6 ,0 14,1 15,2 19,3 4,4 9,5 16,6 21,7 23,8 17,9 20,10 17,11 7,12 15,13 16,15 11,16 13,17 10,18 5,19 6,20 17,21 5,22 11,24 14,25 17
51	0 9 8 4 2 7 ,1 9,2 19,3 5,5 17,6 15,7 14,9 11,10 4,13 6,14 8,15 15,16 3,17 11,19 18,21 14,22 13,23 11,24 9,26 6,27 9
52	0 7 7 3 10 6 ,0 10,1 4,2 1,4 21,5 13,6 4,8 15,9 8,10 7,12 13,14 19,16 18,17 7,18 5,19 14,21 10,22 21,23 4,25 7,26 16
53	0 1 10 3 9 3 ,0 10,1 17,2 13,4 5,5 19,6 6,7 3,8 20,10 13,11 8,13 17,14 11,15 7,16 9,21 15,22 12,25 7
54	0 6 9 1 9 5 ,0 12,1 21,2 5,3 11,4 10,5 17,6 11,7 14,9 11,10 16,11 5,13 7,17 17,18 14,19 12,20 9,21 10,24 9,26 15
55	0 3 2 5 2 7 ,1 14,3 11,4 2,5 6,6 9,8 7,10 23,11 18,13 10,14 16,15 15,17 13,19 10,21 11
56	0 5 7 5 6 8 ,0 17,3 11,4 4,5 19,6 13,8 20,10 23,11 10,12 12,14 11,15 14,17 17,18 14,19 10,21 11,22 11,25 12,27 17
57	0 5 6 11 9 9 ,0 10,1 9,2 5,3 17,4 5,5 4,6 14,7 14,8 6,9 20,10 12,12 6,13 9,15 16,17 12,18 15,19 18,20 15,21 10,22 18,24 9,27 12
58	0 1 9 2 3 6 ,0 18,1 23,5 21,6 7,7 14,8 18,12 4,13 10,14 11,15 13,17 2,20 6,22 12,23 11,25 20,26 13
59	0 4 0 6 6 7 ,2 13,3 11,4 8,6 13,8 4,9 20,10 8,12 13,13 8,14 16,16 14,17 10,19 11,20 13,22 12,23 19,26 14,27 12
60	0 6 9 8 5 4 ,0 16,1 9,2 7,3 11,5 17,6 6,7 23,10 11,11 11,12 16,13 8,15 13,16 12,20 13,22 5,23 3,25 15,26 11
61	0 4 7 3 1 2 ,0 14,4 11,5 16,7 15,8 7,10 7,16 14,19 6,21 6,22 8,25 26,26 16
62	0 7 3 3 5 6 ,1 8,2 17,3 22,5 13,6 3,7 9,8 9,10 14,11 14,13 12,17 11,18 8,20 5,21 8,22 18,23 12
63	0 3 5 4 3 4 ,2 5,5 13,6 5,7 13,9 5,11 10,12 14,15 7,17 20,20 21,21 11,23 18,25 15
64	0 10 3 1 1 6 ,1 9,2 12,3 18,4 20,5 1,6 6,12 19,14 19,15 13,16 20,18 15,20 13,23 12,24 1,26 17,27 13
65	0 4 3 5 5 7 ,0 13,1 9,2 15,4 5,6 5,8 16,12 16,13 8,14 21,15 20,16 9,17 13,19 14,21 8,22 18,27 9
66	0 8 3 2 5 5 ,0 17,1 12,2 10,3 7,6 6,8 3,9 5,12 5,13 14,14 17,16 19,17 17,19 12,20 2,21 3,24 23,27 7
67	0 2 4 7 2 5 ,4 9,6 8,7 15,8 18,9 8,10 23,12 13,13 19,19 12,20 9,22 13,23 12,24 17,27 17
68	0 2 5 5 4 11 ,0 12,1 7,2 10,5 17,6 13,8 8,10 11,12 2,13 16,15 15,17 12,18 5,20 11,21 14,22 16,23 18,25 13,26 17,27 6
69	0 5 7 5 4 4 ,1 9,2 17,4 13,5 17,8 6,9 19,10 16,11 12,13 5,15 11,16 12,19 12,20 17,22 14,23 10,24 14,25 9
70	0 5 6 9 2 6 ,0 17,1 13,3 6,4 24,7 21,8 17,9 14,10 15,11 7,12 5,14 18,16 3,17 10,18 9,19 14,21 23,22 21,23 8,26 8
71	0 5 7 4 6 5 ,1 9,4 12,5 19,6 3,7 7,9 11,10 16,11 18,13 13,15 7,16 16,18 11,19 14,20 10,21 14,22 9,25 13,26 14,27 8
72	0 7 4 5 4 5 ,1 9,4 13,6 15,8 18,9 14,10 9,11 12,12 12,13 3,14 10,16 3,17 11,19 5,20 16,23 19,24 15,26 11
73	0 7 7 9 5 5 ,0 14,1 23,3 5,4 8,6 15,7 15,8 7,9 8,10 23,11 15,12 17,14 11,15 14,16 7,17 17,18 9,19 12,21 10,22 9,23 19,25 4
74	0 9 6 2 5 1 ,5 2,8 7,9 8,11 11,12 10,14 20,15 6,16 12,19 9,20 26,21 10,22 1,23 1,27 8
75	0 2 10 6 8 5 ,0 16,1 7,3 16,5 6,7 15,8 17,9 4,10 23,12 13,13 12,14 16,15 13,16 3,19 2,20 3,21 18,22 18,25 4,26 8
76	0 11 8 6 8 4 ,1 1,2 12,3 16,4 12,5 8,6 6,7 2,8 17,9 16,10 8,12 5,13 12,14 18,16 8,17 1,18 14,19 12,20 11,21 17,22 5,23 10,24 17,25 4,26 13
77	0 4 4 8 8 6 ,0 12,1 3,2 22,5 6,6 17,7 2,8 20,9 10,10 14,14 10,15 18,16 13,17 10,18 14,19 9,20 13,23 7,24 18,25 19,27 11
78	0 4 5 7 5 3 ,0 17,1 20,2 19,4 5,6 17,7 13,8 18,10 18,12 4,14 9,16 5,17 17,19 19,20 21,21 12,22 11,24 14,25 9,27 17
79	0 4 13 6 3 8 ,1 12,5 8,6 13,8 7,9 16,11 4,12 12,13 16,14 16,15 13,16 9,17 9,21 3,23 11,24 6,25 10,27 8
80	0 8 2 4 4 2 ,0 12,1 13,4 14,6 13,7 21,12 16,13 19,14 10,15 13,16 5,18 20,20 9,22 5,25 9,27 12
81	0 8 14 7 5 10 ,0 18,1 7,2 3,3 16,4 20,5 16,6 7,8 2,9 13,11 8,12 15,13 13,14 17,15 11,17 11,18 11,19 14,21 4,22 5,23 19,24 9,25 3
82	0 3 5 4 6 7 ,0 19,5 15,6 13,7 23,8 16,11 4,12 1,13 3,14 12,15 10,17 25,18 15,19 10,20 17,21 15,24 5,25 3
83	0 5 9 11 6 8 ,0 5,1 7,2 13,3 6,4 8,5 6,6 8,8 9,9 14,10 9,11 12,12 2,13 13,14 6,16 6,18 14,19 10,21 6,22 18,23 11,25 10,26 15,27 6
84	0 7 7 7 5 6 ,1 14,2 15,5 8,6 2,8 10,9 8,10 17,11 13,12 15,13 13,14 5,15 18,17 11,18 14,19 10,20 4,21 7,22 11,24 18,25 12,26 13,27 11
85	0 3 6 5 4 2 ,2 17,10 5,12 18,13 17,14 9,16 15,19 12,20 16,21 17,22 18,23 11,24 15,25 4,26 11
86	0 3 5 6 4 8 ,3 2,4 24,5 10,6 13,7 8,10 11,11 6,12 10,13 6,15 18,18 5,19 9,20 12,21 17,22 20,23 9,24 9,26 17,27 5
87	0 9 5 7 7 5 ,1 11,2 3,4 24,5 21,6 11,8 15,9 15,10 7,11 15,12 13,13 20,14 16,15 16,16 13,18 3,19 12,20 5,21 4,22 5,24 6,25 13,27 4
88	0 8 5 7 8 4 ,1 14,2 12,3 11,4 12,5 15,6 5,9 9,10 13,12 12,14 16,15 15,16 2,17 10,19 10,21 17,22 14,23 12,25 20,26 13,27 5
89	0 4 4 6 8 3 ,0 13,1 9,2 6,4 6,5 21,7 13,9 9,10 12,12 19,13 8,14 3,20 11,21 15,22 6,25 12
90	0 4 4 4 4 8 ,0 13,1 21,3 17,5 9,6 11,7 9,9 4,11 18,12 12,14 16,15 13,16 14,19 8,21 10,22 14,23 21,24 18,27 8
91	0 3 6 4 3 3 ,0 17,1 3,2 2,4 24,10 3,12 11,13 16,14 11,15 6,16 20,19 8,20 7,21 11,22 7,24 3,26 16
92	0 6 5 7 3 9 ,0 2,4 5,5 19,6 13,7 1,8 7,9 6,11 16,12 5,13 19,14 10,16 10,19 10,20 12,21 11,23 19,24 5,25 12,26 11
93	0 4 4 5 5 5 ,0 4,2 12,4 5,5 15,6 10,7 13,8 9,13 14,14 10,16 14,19 25,20 17,22 11,25 13,26 13,27 16
94	0 8 5 3 3 6 ,0 15,3 2,5 17,9 13,10 7,11 10,12 6,14 11,15 11,16 14,17 1,18 11,19 14,22 15,23 11,27 9
95	0 9 7 7 3 8 ,0 12,3 2,5 15,7 15,8 12,9 10,10 15,11 18,12 10,14 16,16 14,17 10,18 20,19 14,20 11,21 8,22 18,23 9,24 11,25 19,26 11
96	0 5 6 4 2 4 ,0 12,1 5,9 8,10 13,11 1,12 5,13 20,14 18,15 11,16 5,17 11,19 24,20 6,21 11,22 7,23 10,24 14
97	0 12 5 11 5 6 ,0 14,1 15,2 12,3 17,4 8,5 9,6 5,9 14,10 17,11 5,13 13,15 16,16 6,17 25,18 4,20 1,21 4,22 18,23 11,25 19,26 15
98	0 5 7 9 6 6 ,0 4,1 14,3 3,5 9,6 6,7 13,8 20,9 5,10 12,11 11,12 5,14 11,16 13,17 7,18 7,19 15,20 6,22 13,23 7,24 15,25 9,26 15,27 10
99	0 3 7 5 5 6 ,0 7,1 5,2 14,6 6,7 14,8 6,9 9,10 17,11 10,12 12,13 13,14 21,16 3,17 13,20 6,21 10,22 5,25 9
