4	12 0 1 0 0 0 ,20 2
8	8 0 1 0 0 1 ,14 2,16 5
10	13 0 0 0 1 0 ,16 4
14	12 1 0 0 0 0 ,20 1
16	6 1 0 0 0 0 ,1 1
18	9 0 0 1 0 0 ,18 3
21	8 1 1 0 0 1 ,8 1,14 2,18 5
23	19 1 0 0 0 0 ,10 1
26	1 2 0 0 0 0 ,11 1,12 1
28	24 0 0 0 1 0 ,15 4
29	12 1 0 0 0 1 ,8 5,20 1
30	20 0 1 0 0 0 ,13 2
31	5 1 0 0 0 0 ,17 1
33	15 0 0 0 2 0 ,8 4,15 4
40	24 0 0 0 0 1 ,15 5
41	15 0 0 1 1 0 ,12 3,13 4
44	9 0 0 1 1 1 ,0 5,12 4,15 3
46	2 0 1 1 0 0 ,7 2,20 3
47	5 0 1 0 0 0 ,17 2
49	9 0 1 1 1 0 ,2 2,8 3,10 4
51	13 0 0 0 1 0 ,16 4
52	9 0 0 0 1 0 ,2 4
55	8 0 0 1 1 0 ,12 3,14 4
56	4 2 0 0 0 0 ,5 1,21 1
58	6 0 0 0 1 0 ,1 4
61	7 0 1 0 1 0 ,0 4,6 2
64	2 0 1 0 1 0 ,4 2,10 4
65	12 0 1 0 1 0 ,8 2,21 4
67	9 1 0 0 0 0 ,18 1
69	5 0 1 0 0 1 ,17 2,20 5
70	12 0 1 0 0 0 ,21 2
72	15 0 2 0 0 0 ,12 2,13 2
74	15 0 1 0 0 0 ,12 2
75	19 0 0 0 0 1 ,10 5
77	20 0 0 0 0 1 ,13 5
81	5 0 0 0 0 1 ,9 5
82	19 0 0 1 0 0 ,10 3
83	2 0 1 0 0 0 ,3 2
84	9 0 0 1 0 0 ,2 3
85	20 0 0 0 1 0 ,13 4
86	7 1 0 0 0 1 ,6 5,21 1
88	20 0 0 1 0 0 ,13 3
89	4 0 0 1 0 1 ,5 3,15 5
93	19 0 1 0 0 0 ,10 2
94	4 0 0 0 1 0 ,19 4
95	6 1 0 0 0 0 ,1 1
96	24 0 0 1 0 0 ,15 3
98	12 0 0 0 1 0 ,21 4
