0	15 0 0 0 0 2 ,8 5,12 5
1	10 0 1 0 0 1 ,2 2,18 5
2	5 0 0 0 0 1 ,4 5
5	19 0 0 0 1 0 ,8 4
9	17 0 0 0 1 0 ,11 4
10	12 0 1 0 0 0 ,9 2
12	17 0 1 0 0 0 ,11 2
13	3 1 0 0 1 0 ,12 4,16 1
17	17 1 0 1 0 0 ,8 3,11 1
18	3 1 1 0 1 0 ,2 4,10 2,16 1
19	14 0 0 0 1 0 ,15 4
20	17 1 0 0 0 0 ,2 1
21	3 2 0 0 0 0 ,1 1,16 1
22	10 1 0 0 0 0 ,18 1
23	19 0 0 0 0 1 ,8 5
25	10 0 0 0 0 1 ,14 5
26	6 1 0 0 0 0 ,13 1
28	17 0 0 0 0 1 ,2 5
29	6 0 0 0 0 2 ,13 5,14 5
30	19 0 1 0 0 0 ,5 2
35	17 0 0 1 0 0 ,2 3
37	14 0 0 0 0 1 ,10 5
38	19 0 1 0 0 0 ,5 2
43	14 1 0 0 0 0 ,15 1
44	12 0 0 0 0 1 ,9 5
49	12 0 1 0 0 0 ,9 2
54	1 2 0 0 0 0 ,5 1,6 1
57	14 0 0 1 0 0 ,10 3
58	15 0 0 0 1 0 ,12 4
61	6 0 0 1 0 1 ,3 3,5 5
62	9 1 0 0 0 0 ,1 1
63	6 0 0 1 0 1 ,0 5,3 3
64	19 0 0 0 0 1 ,5 5
67	12 0 0 1 0 0 ,9 3
69	9 1 0 0 0 0 ,1 1
70	9 1 0 0 0 0 ,1 1
71	6 0 0 1 0 0 ,7 3
74	14 0 0 0 1 0 ,10 4
77	6 0 0 2 0 0 ,7 3,18 3
79	15 0 1 0 0 0 ,12 2
80	10 1 0 0 0 0 ,18 1
81	8 0 0 1 0 0 ,0 3
82	14 0 0 0 0 1 ,15 5
83	19 0 0 0 1 0 ,5 4
88	14 0 1 0 0 0 ,15 2
89	17 0 1 0 0 0 ,2 2
90	4 0 1 0 1 0 ,11 2,17 4
92	17 0 0 0 1 0 ,11 4
95	14 0 1 0 0 0 ,15 2
96	17 0 1 0 1 0 ,8 2,11 4
97	9 0 0 0 0 1 ,1 5
