0	3 1 0 0 1 0 ,6 4,16 1
2	8 0 1 0 0 1 ,3 5,10 2
5	24 0 0 0 0 1 ,17 5
6	16 0 0 0 0 1 ,1 5
7	18 0 1 0 0 0 ,21 2
8	22 0 0 0 0 1 ,9 5
9	24 0 0 1 0 0 ,17 3
10	4 1 1 0 0 0 ,4 2,13 1
13	16 1 1 0 0 0 ,6 1,7 2
14	16 0 0 0 1 0 ,6 4
15	11 0 1 0 1 0 ,15 4,20 2
16	9 0 1 1 0 0 ,18 3,22 2
18	11 0 0 1 0 0 ,23 3
20	12 1 0 0 0 0 ,12 1
21	11 1 0 0 1 0 ,17 4,20 1
23	20 0 1 0 0 0 ,19 2
25	2 1 0 0 1 1 ,7 5,8 1,19 4
28	8 1 0 0 1 0 ,3 1,15 4
29	11 1 0 1 0 0 ,6 3,23 1
30	18 0 0 0 1 0 ,21 4
31	16 1 0 1 0 0 ,1 3,21 1
32	11 0 0 1 0 1 ,4 5,15 3
33	11 1 1 0 0 2 ,10 5,19 5,21 1,23 2
38	16 1 0 0 0 0 ,6 1
41	24 0 0 0 1 0 ,17 4
42	19 0 0 0 1 0 ,15 4
44	19 0 0 1 0 0 ,7 3
45	11 1 0 1 0 1 ,7 3,12 5,18 1
46	11 0 1 0 0 1 ,21 5,23 2
47	11 1 0 0 0 0 ,4 1
48	20 0 1 0 0 0 ,19 2
49	12 0 0 1 0 0 ,12 3
50	11 0 0 1 0 0 ,20 3
51	4 1 0 0 2 0 ,1 1,5 4,17 4
53	20 0 0 0 0 1 ,19 5
54	16 0 0 1 0 0 ,6 3
55	11 1 0 1 0 0 ,10 3,20 1
56	19 0 0 0 0 1 ,10 5
58	19 0 0 0 1 0 ,10 4
59	6 0 1 0 1 0 ,14 2,17 4
62	22 0 0 1 0 0 ,9 3
63	11 0 1 0 0 0 ,18 2
64	5 0 0 0 0 1 ,11 5
66	3 0 1 0 0 1 ,7 5,16 2
68	4 1 0 0 0 0 ,13 1
72	6 0 0 0 1 0 ,14 4
73	22 0 0 0 0 1 ,9 5
74	18 0 0 0 0 1 ,21 5
80	11 1 0 0 0 0 ,18 1
82	2 1 1 0 0 0 ,1 2,8 1
83	4 0 2 0 0 0 ,13 2,19 2
85	9 0 0 2 2 1 ,9 4,12 3,18 4,22 5,23 3
91	8 0 1 1 1 1 ,0 5,15 3,20 4,22 2
93	8 0 1 0 0 0 ,3 2
95	16 0 0 1 0 1 ,1 3,9 5
96	16 0 1 0 0 0 ,1 2
97	8 0 0 1 0 0 ,0 3
98	19 1 0 0 0 0 ,7 1
99	5 1 0 1 0 1 ,2 5,4 3,15 1
