0	23 0 0 0 0 1 ,15 5
1	17 0 0 1 1 1 ,5 4,9 5,20 3
2	13 1 0 0 0 1 ,6 5,32 1
3	15 1 0 0 0 1 ,9 1,21 5
4	10 0 0 0 0 1 ,22 5
5	6 1 0 1 1 0 ,1 3,10 1,29 4
6	12 1 0 0 0 0 ,3 1
7	16 0 0 0 1 0 ,16 4
8	3 0 3 0 0 0 ,0 2,17 2,31 2
9	5 1 0 0 1 1 ,0 4,18 5,21 1
10	23 0 0 0 0 1 ,15 5
11	12 1 1 1 0 1 ,3 3,6 1,16 2,21 5
13	12 0 0 1 0 0 ,3 3
14	13 0 0 1 0 0 ,0 3
15	4 1 0 1 0 0 ,2 3,33 1
16	12 0 0 0 1 0 ,4 4
17	14 0 1 0 0 0 ,17 2
20	15 0 0 0 1 0 ,32 4
21	16 0 1 0 0 0 ,16 2
22	9 0 0 1 1 0 ,14 3,17 4
24	20 0 1 0 0 0 ,29 2
25	4 1 0 0 1 0 ,12 4,21 1
26	14 1 0 0 0 0 ,17 1
27	2 2 1 0 1 0 ,1 1,3 1,20 4,24 2
31	10 2 0 0 0 0 ,15 1,22 1
34	10 0 1 0 0 0 ,28 2
35	13 0 0 1 0 1 ,16 5,19 3
40	11 0 2 1 0 0 ,6 2,7 3,27 2
41	11 1 0 0 0 0 ,27 1
42	4 2 0 1 0 0 ,9 3,33 1,34 1
43	10 0 0 0 0 2 ,7 5,34 5
44	22 0 0 0 0 1 ,23 5
45	13 1 0 0 1 0 ,0 1,8 4
46	15 1 0 0 0 0 ,21 1
47	4 1 1 1 0 0 ,3 3,23 1,33 2
48	4 0 1 2 0 0 ,2 2,13 3,20 3
49	13 0 0 1 1 0 ,19 3,29 4
50	9 1 1 0 1 0 ,1 2,14 1,22 4
52	9 0 1 1 1 0 ,9 4,14 3,20 2
53	10 0 0 1 0 1 ,26 5,32 3
54	20 0 1 0 0 0 ,29 2
55	6 0 1 0 1 2 ,5 5,10 5,20 2,23 4
58	10 1 0 0 0 0 ,26 1
60	1 1 0 0 1 0 ,34 4,35 1
62	13 0 0 0 1 1 ,8 4,15 5
63	3 1 0 1 1 0 ,29 3,31 1,32 4
65	9 0 1 1 0 0 ,1 3,14 2
66	4 0 0 0 2 0 ,17 4,30 4
67	15 0 0 1 0 0 ,32 3
68	13 0 0 0 1 0 ,19 4
69	13 0 0 1 0 0 ,0 3
70	13 0 0 0 0 1 ,6 5
71	22 0 0 0 0 1 ,5 5
72	12 1 0 0 0 1 ,3 1,23 5
73	9 0 0 1 0 0 ,2 3
75	23 0 0 1 0 0 ,15 3
76	10 0 0 1 1 1 ,8 5,19 3,26 4
77	4 1 0 0 0 2 ,13 1,20 5,27 5
80	17 0 1 0 0 0 ,9 2
82	11 0 0 2 0 0 ,16 3,27 3
83	12 0 1 1 0 0 ,4 3,9 2
84	14 1 0 0 0 0 ,17 1
85	4 0 0 0 1 0 ,25 4
88	6 0 1 0 1 1 ,11 2,23 4,29 5
90	22 0 0 0 0 1 ,5 5
91	10 0 0 1 1 0 ,7 4,28 3
92	23 0 0 0 1 0 ,15 4
93	6 0 0 1 1 0 ,5 3,11 4
95	15 0 1 0 0 0 ,21 2
96	10 0 0 0 0 2 ,4 5,28 5
97	22 0 0 1 0 0 ,23 3
99	9 1 0 0 0 0 ,2 1
