1	12 1 0 0 0 0 ,1 1
2	12 1 1 0 0 0 ,1 2,31 1
3	9 0 0 0 2 1 ,7 4,9 5,21 4
5	5 2 0 0 0 0 ,2 1,21 1
6	13 1 0 0 0 0 ,33 1
7	10 0 0 2 0 1 ,1 3,15 5,25 3
10	18 0 0 0 1 0 ,12 4
12	19 0 0 1 0 0 ,36 3
13	10 0 0 0 1 1 ,11 4,15 5
15	17 0 1 0 1 0 ,13 4,20 2
16	3 1 0 1 0 0 ,3 1,27 3
17	5 1 1 0 0 1 ,21 5,22 2,34 1
18	11 0 1 0 0 0 ,35 2
19	11 0 1 1 0 0 ,18 3,20 2
21	15 0 0 1 0 0 ,30 3
22	9 0 1 0 0 0 ,10 2
23	3 1 1 1 0 0 ,4 2,25 1,26 3
24	5 0 1 0 0 0 ,0 2
25	12 0 1 0 1 1 ,19 2,20 4,31 5
26	5 0 0 1 1 1 ,2 3,7 5,12 4
27	5 1 0 1 0 0 ,27 1,32 3
28	14 0 0 1 1 0 ,14 3,30 4
29	6 0 0 0 0 1 ,28 5
30	3 0 1 1 2 0 ,3 2,6 4,17 4,22 3
32	5 0 2 0 0 0 ,16 2,33 2
36	17 0 1 0 0 0 ,13 2
37	8 0 0 1 2 0 ,8 4,9 3,13 4
40	22 0 0 0 0 1 ,6 5
42	15 1 1 0 0 1 ,9 2,30 1,36 5
43	5 0 0 1 0 0 ,34 3
45	11 0 1 1 0 0 ,11 3,33 2
47	7 1 2 0 0 0 ,12 2,19 1,22 2
48	17 0 0 1 0 0 ,20 3
50	13 1 0 1 1 0 ,6 3,14 4,32 1
51	5 1 0 0 1 0 ,8 4,27 1
52	11 1 0 1 0 0 ,33 3,35 1
55	5 1 0 0 0 0 ,16 1
57	5 1 0 1 0 1 ,0 1,6 3,13 5
59	13 1 0 0 0 0 ,32 1
60	12 0 1 0 0 0 ,4 2
61	13 1 0 0 0 0 ,33 1
62	15 0 1 1 0 0 ,9 2,25 3
64	17 1 0 0 0 0 ,20 1
65	11 0 1 0 1 0 ,18 2,21 4
66	5 0 1 0 0 0 ,0 2
67	6 2 0 0 0 1 ,18 5,21 1,28 1
68	11 0 1 0 1 0 ,11 4,30 2
69	7 0 0 1 0 0 ,17 3
70	13 0 0 1 0 0 ,32 3
71	18 0 0 0 1 0 ,12 4
72	14 1 0 0 0 0 ,19 1
74	16 0 0 1 1 0 ,9 4,36 3
75	17 0 1 0 0 1 ,6 5,13 2
76	1 1 0 0 2 0 ,4 4,19 4,23 1
77	9 0 0 1 0 0 ,10 3
78	13 0 1 0 0 1 ,14 2,32 5
80	8 1 0 1 0 1 ,5 5,12 1,36 3
81	11 0 0 0 1 0 ,35 4
82	5 1 0 0 1 0 ,14 4,34 1
83	14 1 0 0 0 1 ,19 1,20 5
84	1 1 0 0 0 0 ,24 1
85	3 2 0 1 0 1 ,2 1,19 5,25 1,29 3
87	19 0 0 0 1 0 ,36 4
88	11 0 1 0 0 0 ,35 2
89	12 1 0 0 1 0 ,4 4,14 1
90	9 0 0 0 1 0 ,10 4
91	13 0 0 1 1 0 ,25 3,33 4
92	11 1 1 1 1 0 ,6 2,12 3,18 1,31 4
96	8 0 0 1 0 0 ,5 3
97	5 1 3 1 0 0 ,1 1,16 2,21 3,31 2,35 2
98	12 0 0 0 0 2 ,1 5,30 5
99	15 1 0 0 1 0 ,25 4,36 1
