0	13 0 0 0 0 1 ,23 5
1	19 0 0 1 0 1 ,15 5,25 3
2	10 0 0 0 1 1 ,12 4,14 5
7	20 0 0 0 0 1 ,22 5
8	12 0 1 0 0 0 ,11 2
10	15 2 0 0 0 0 ,5 1,25 1
13	8 0 0 1 0 0 ,16 3
14	17 0 0 0 0 1 ,17 5
15	17 0 0 0 1 0 ,17 4
18	3 1 0 0 0 0 ,28 1
19	3 0 1 1 0 0 ,9 3,19 2
20	24 0 0 1 0 0 ,21 3
21	12 0 0 0 1 1 ,11 5,22 4
22	11 1 0 0 0 0 ,27 1
23	20 0 1 0 0 0 ,22 2
24	13 1 1 0 0 0 ,5 2,6 1
26	8 0 0 0 1 0 ,24 4
27	13 1 0 0 0 1 ,17 5,23 1
28	13 0 0 0 0 1 ,23 5
29	8 0 1 0 0 2 ,4 2,15 5,18 5
30	8 0 1 0 1 0 ,4 2,22 4
31	13 1 0 0 0 0 ,6 1
33	10 1 0 0 0 0 ,12 1
34	19 0 0 0 0 1 ,13 5
35	11 0 1 0 1 0 ,18 4,27 2
37	11 1 0 1 0 0 ,15 1,27 3
38	8 1 0 0 1 0 ,7 4,16 1
42	21 0 1 0 0 0 ,29 2
43	13 0 0 1 2 0 ,6 4,13 4,25 3
44	20 0 1 1 0 1 ,14 3,22 2,29 5
45	8 0 1 0 0 0 ,4 2
46	19 0 0 1 0 0 ,15 3
47	1 1 0 0 0 0 ,1 1
48	15 0 0 0 0 1 ,5 5
49	23 1 0 0 0 0 ,18 1
50	7 1 0 0 1 0 ,8 1,25 4
52	7 1 1 0 1 1 ,8 1,14 2,18 4,29 5
53	13 0 0 1 1 1 ,7 3,15 5,19 4
54	23 0 0 0 0 1 ,18 5
55	11 0 1 1 0 0 ,22 3,27 2
56	3 0 1 1 0 1 ,0 3,4 2,8 5
57	15 0 0 1 0 0 ,5 3
58	11 0 0 1 0 0 ,27 3
59	17 1 0 0 0 0 ,19 1
60	19 0 0 1 1 1 ,10 5,13 3,14 4
61	3 0 2 0 0 0 ,2 2,10 2
62	2 1 2 0 2 0 ,2 1,18 4,20 2,21 4,28 2
63	21 0 0 0 2 0 ,10 4,29 4
65	13 0 1 1 1 0 ,14 3,23 2,25 4
66	4 0 0 0 1 0 ,26 4
70	8 0 0 0 1 1 ,16 4,19 5
72	24 0 0 0 0 1 ,21 5
76	15 0 1 0 2 0 ,5 4,13 2,21 4
77	17 0 0 1 0 0 ,17 3
78	13 0 0 0 1 1 ,6 5,25 4
79	22 0 0 0 0 1 ,14 5
80	10 0 0 0 0 1 ,12 5
81	21 0 0 0 0 1 ,29 5
83	22 0 0 0 1 0 ,10 4
84	17 0 1 1 0 0 ,10 3,19 2
86	17 0 0 1 1 0 ,19 3,21 4
87	1 1 0 0 0 0 ,3 1
88	12 0 0 0 0 1 ,11 5
89	13 1 0 0 0 0 ,7 1
91	8 0 0 0 1 0 ,24 4
94	13 1 0 0 0 0 ,6 1
96	24 0 0 0 1 0 ,21 4
97	22 0 0 0 1 0 ,10 4
99	13 1 0 0 0 2 ,6 1,7 5,13 5
