0	2 3 3 6 13 7 ,1 5,3 11,5 17,6 17,8 7,9 11,10 12,11 10,12 2,13 5,14 11,15 15,16 20,18 3,20 8,23 14,24 12
1	4 5 3 4 3 1 ,0 13,2 4,5 14,9 11,10 4,11 10,12 10,14 9,15 12,16 14,20 17
2	2 5 9 7 3 6 ,0 12,1 13,2 15,3 20,4 13,8 16,11 12,12 17,13 20,14 11,15 2,16 14,17 2,20 10,22 26,24 16
3	5 4 4 6 4 4 ,0 14,1 15,2 11,5 13,7 5,8 7,9 18,10 10,11 15,12 9,14 16,15 18,16 16,18 12,20 16,23 18
4	1 7 5 10 5 4 ,0 5,2 12,4 20,5 14,6 15,7 16,8 5,9 10,10 9,11 9,12 10,14 1,16 14,17 18,19 13,20 15,21 8,24 10,25 13
5	3 2 7 5 8 6 ,0 5,2 8,4 10,5 16,6 5,7 11,8 9,10 13,11 13,13 10,16 14,17 10,18 11,19 13,20 15,21 15,22 4,23 3,24 10,25 8
6	2 1 7 4 7 4 ,0 6,2 16,3 10,6 27,7 9,8 3,10 13,11 13,13 13,14 11,15 18,16 4,19 2,20 12,23 2,25 21
7	1 4 4 6 7 4 ,2 1,3 13,7 10,8 9,9 11,11 9,13 13,14 18,15 11,16 19,18 14,19 15,20 13,21 13,22 13,23 19,25 14
8	1 7 3 4 5 7 ,0 16,2 15,4 1,5 14,8 2,9 5,10 7,12 18,13 6,15 8,16 21,19 4,21 10,22 5,23 12
9	5 7 2 4 4 6 ,0 10,1 23,2 18,3 20,4 10,5 13,6 13,7 12,10 15,11 8,13 13,17 10,21 19,22 9,24 5,25 10
10	5 4 2 1 5 8 ,0 18,1 20,3 18,4 13,5 15,8 16,11 10,12 5,15 8,16 11,18 20,22 15,23 13,24 14
11	2 2 6 6 3 12 ,0 20,1 15,2 14,3 16,6 21,7 12,8 16,11 10,12 10,13 20,14 22,16 8,17 17,18 11,19 13,20 2,22 26,23 8,24 16,25 19
12	1 4 3 7 4 9 ,0 13,2 10,4 13,5 12,6 8,7 5,9 13,13 1,14 1,16 20,20 12,21 11,22 15,23 4,25 16
13	3 9 7 4 9 4 ,0 16,1 19,2 13,3 11,4 17,5 13,7 3,8 4,9 7,11 4,12 6,13 13,14 13,15 6,16 14,17 15,20 16,21 19,22 9,23 11,24 14
14	5 4 7 3 5 5 ,0 18,3 9,5 15,6 17,8 6,9 7,10 12,11 10,13 8,14 13,15 22,16 5,18 11,19 18,20 17,21 13,23 14
15	4 5 4 6 6 4 ,1 12,2 14,3 11,4 8,5 5,7 11,8 4,9 10,11 13,12 5,13 13,16 14,17 20,20 21,21 5,23 28,25 11
16	2 9 4 11 3 5 ,0 3,2 2,3 10,4 4,6 8,7 13,8 18,9 11,11 15,12 11,13 7,14 6,15 14,16 3,17 18,18 17,19 8,20 13,21 13,23 15
17	4 3 1 4 6 8 ,1 14,2 9,3 16,5 16,7 19,9 10,11 4,14 11,16 10,18 17,20 19,24 14,25 7
18	5 3 8 9 7 6 ,0 10,1 5,2 14,4 15,6 12,7 12,8 14,9 18,12 9,13 12,14 11,15 13,16 17,17 12,18 16,19 12,23 14,24 8
19	4 3 5 3 7 7 ,0 12,1 23,5 14,7 13,10 17,11 10,12 8,13 13,14 11,16 20,17 11,19 4,20 12,21 15,22 8,23 12
20	10 4 5 3 3 6 ,0 10,7 17,11 16,12 15,14 11,15 15,16 17,17 19,19 13,20 12,21 15,22 10,23 12,25 13
21	5 1 4 8 8 5 ,1 19,2 12,3 16,5 15,7 11,8 9,9 14,13 12,14 16,16 5,17 14,18 9,19 15,20 13,21 12,24 16,25 21
22	3 5 10 5 5 7 ,1 4,2 14,3 13,4 8,5 3,6 17,7 10,8 20,10 10,11 15,12 13,13 9,14 17,15 6,17 8,18 14,19 8,21 8,22 8,24 14,25 10
23	2 3 3 2 10 4 ,0 12,1 5,2 14,4 13,5 11,6 5,7 21,10 12,12 12,14 4,17 15,19 13,20 7,21 2,23 12,25 19
24	3 3 9 8 8 3 ,1 8,2 7,3 9,4 5,5 9,6 18,7 11,8 3,10 17,11 9,12 19,15 14,16 14,17 20,18 20,21 12,25 21
25	2 4 8 7 3 5 ,0 12,1 15,3 8,4 13,6 18,7 4,10 17,11 10,13 13,15 22,16 10,17 8,19 18,20 2,21 8,23 6,25 23
26	5 3 3 6 6 6 ,1 23,2 6,3 18,5 15,8 16,9 11,11 15,12 9,13 18,16 15,18 20,20 19,21 5,23 5,25 10
27	1 7 4 3 7 6 ,0 11,1 15,8 16,9 17,12 14,14 11,16 6,18 3,19 4,20 12,21 1,22 5,23 12,24 12
28	1 9 4 4 4 8 ,0 11,1 16,2 13,3 12,4 24,5 12,6 10,7 10,8 9,9 14,11 6,12 18,13 13,14 16,15 20,16 16,20 1,21 2,22 15,23 4
29	2 5 7 12 8 14 ,0 14,1 6,2 16,3 17,5 9,6 13,8 10,9 11,10 17,11 16,12 2,13 8,14 10,15 16,16 14,17 17,18 18,19 9,20 3,21 10,22 12,23 6,24 8
30	4 6 6 4 3 8 ,0 10,3 16,4 13,5 14,6 5,7 19,8 9,11 12,13 22,14 13,15 12,17 10,19 17,20 4,23 13,25 21
31	4 6 3 5 4 4 ,1 6,2 13,3 16,4 17,6 27,8 12,11 10,12 19,14 4,16 14,19 8,20 6,21 15,23 8,24 14,25 8
32	2 8 5 6 3 4 ,0 20,1 15,3 10,4 10,5 15,6 13,9 2,10 7,12 19,13 14,17 10,18 12,19 4,20 9,21 3,23 14,24 9
33	2 1 3 6 4 6 ,2 12,4 3,6 12,7 2,8 18,11 17,12 14,13 14,15 17,16 6,17 20,21 10,24 12
34	6 7 8 0 5 7 ,0 6,1 7,3 9,6 13,7 9,8 8,11 15,13 6,14 9,15 15,16 15,17 15,19 8,20 13,22 6,23 17,25 13
35	5 2 5 9 6 5 ,0 16,1 15,3 5,5 9,6 13,8 14,9 17,12 18,13 13,14 8,16 16,17 20,20 6,22 5,23 13,25 23
36	5 3 1 5 5 6 ,0 21,1 18,2 12,3 17,5 13,6 27,7 19,10 9,12 23,13 9,15 18,17 18,18 19,20 12,23 13,24 5
37	3 5 10 7 8 6 ,0 21,1 13,2 12,3 17,4 8,5 17,6 4,8 16,11 4,12 10,13 10,14 15,15 8,16 5,18 11,19 3,20 9,21 10,23 6,25 3
38	5 2 6 7 7 6 ,0 14,1 12,2 12,3 20,6 10,7 17,8 16,10 10,11 5,12 6,13 7,14 8,15 7,16 16,18 14,20 10,21 19,22 17,24 14
39	7 3 3 6 8 2 ,0 10,1 23,2 14,3 19,5 14,6 9,10 17,12 13,13 13,14 8,15 12,16 14,17 11,18 9,19 7,20 19,21 7
40	3 5 3 2 8 6 ,1 5,2 8,3 7,5 13,6 3,7 19,8 11,10 19,11 10,15 4,16 17,17 16,18 20,21 6,23 5,25 16
41	3 5 6 4 7 12 ,0 5,1 8,2 16,3 17,5 7,6 7,9 11,10 17,12 15,13 3,14 6,16 5,17 15,18 8,19 9,20 16,21 5,22 5,23 12,24 15
42	3 3 10 6 3 6 ,0 14,1 3,2 8,3 18,4 8,5 13,6 5,9 5,10 9,11 9,13 6,14 22,15 10,16 14,19 14,21 17,22 12,23 13
43	5 6 4 4 8 2 ,0 16,1 15,2 11,4 8,5 13,6 5,8 18,11 19,12 8,15 19,16 5,19 15,20 6,22 8,23 14,25 16
44	2 4 6 8 1 8 ,0 5,1 11,3 10,6 5,7 13,10 15,11 11,12 5,16 21,17 8,19 17,20 6,21 19,22 2,23 18,24 14,25 3
45	4 6 7 3 1 6 ,0 16,3 9,4 8,5 15,6 5,7 15,8 11,9 18,13 10,15 12,16 4,17 18,18 8,19 5,21 10,22 12,24 8
46	1 7 4 3 1 8 ,0 16,2 1,3 10,5 17,8 18,9 5,11 8,12 10,13 10,14 10,15 11,16 14,20 9,23 11
47	4 4 3 10 4 3 ,1 4,2 14,4 10,5 13,7 17,8 7,11 6,12 14,13 13,15 15,17 12,19 5,20 12,25 11
48	3 6 5 5 4 3 ,1 3,2 8,4 5,5 16,6 8,7 11,8 5,11 11,12 18,13 18,15 18,16 10,19 7,20 12,21 17,23 12
49	3 2 5 3 9 8 ,0 13,5 5,10 3,11 6,13 10,14 9,15 12,16 18,17 9,18 18,19 5,21 8,22 15,23 8
50	1 5 6 6 5 4 ,0 16,3 17,4 1,6 21,7 17,9 11,10 9,11 8,12 19,13 12,14 14,15 11,16 4,17 8,19 17,20 14,21 13
51	3 8 8 13 5 4 ,0 12,1 5,2 8,3 17,5 6,7 5,9 3,10 17,11 5,12 19,13 10,14 4,15 8,16 15,17 10,18 7,19 5,20 3,21 13,23 18,24 14,25 13
52	1 8 6 7 7 7 ,0 12,1 5,2 1,3 18,6 4,8 3,9 14,11 10,12 15,13 10,14 6,15 17,16 9,17 18,19 8,20 6,21 5,22 10,23 8,25 13
53	3 5 7 12 5 11 ,0 14,1 15,3 16,4 13,6 10,7 12,8 3,9 17,10 10,11 6,12 13,13 14,14 14,15 5,16 5,17 5,19 8,20 9,23 5,24 14,25 7
54	1 9 10 7 5 2 ,0 19,1 8,2 12,3 5,5 13,8 2,12 6,13 14,14 13,16 14,17 15,18 9,19 8,20 9,21 11,22 8,23 1,24 5,25 10
55	1 3 7 4 4 6 ,2 16,3 17,4 10,7 1,9 8,10 11,11 6,14 16,15 11,16 19,17 17,18 19,19 8,20 5,23 11
56	1 7 4 5 4 6 ,0 12,1 18,2 15,3 11,5 9,6 3,7 17,9 1,11 10,12 9,13 20,14 18,15 15,16 11,23 18,24 8,25 16
57	5 2 4 4 5 5 ,3 10,4 15,9 14,11 13,12 6,14 15,15 17,16 20,17 14,18 5,20 15,22 5,23 13,24 14,25 13
58	3 9 6 2 9 5 ,0 6,1 15,3 3,5 9,7 20,9 7,10 17,12 6,13 3,14 15,16 17,17 18,18 22,19 16,20 17,21 17,22 26,23 13
59	2 8 5 2 4 6 ,0 21,1 23,3 10,4 20,5 7,6 13,11 16,12 18,13 10,14 11,15 18,16 16,18 11,19 16,20 6,21 2,23 12
60	3 4 5 5 4 2 ,0 12,1 8,2 4,3 17,4 5,6 18,7 4,9 3,12 9,13 3,20 12,21 18,22 6,24 15,25 8
61	5 5 1 10 6 9 ,2 12,3 5,4 13,5 14,7 16,10 7,11 17,12 8,13 13,14 10,15 7,16 14,17 15,18 18,19 7,20 12,21 12,23 11
62	3 5 4 10 4 5 ,2 10,4 13,5 13,6 4,7 17,10 7,11 6,13 18,14 16,15 3,16 11,18 20,20 9,22 8,23 11
63	3 4 4 6 5 1 ,0 3,2 12,5 12,6 13,7 11,8 16,9 7,11 23,14 9,16 18,18 12,20 12,21 11
64	5 7 5 7 3 3 ,0 5,1 18,4 21,5 15,6 5,7 13,9 8,11 5,12 15,13 18,14 6,15 11,19 12,21 17,22 9,23 6
65	5 4 3 4 12 3 ,0 18,1 12,2 16,4 5,5 13,7 14,11 9,12 8,14 17,17 15,18 17,19 18,20 15,21 5,23 15,24 14,25 17
66	3 3 3 4 4 4 ,0 13,2 14,4 17,8 3,9 6,11 10,14 14,16 16,17 12,18 9,19 7,20 22,21 19,22 10,23 12,25 10
67	3 1 7 9 9 2 ,0 13,2 8,3 20,7 20,9 11,10 7,11 9,13 10,14 14,15 11,18 12,19 15,20 13,21 3,23 8,24 10
68	1 5 4 5 5 5 ,1 8,2 12,3 12,4 15,8 10,10 19,11 23,12 16,14 17,15 8,16 11,17 12,21 2,22 1,23 6,25 17
69	8 5 6 3 5 4 ,0 21,1 20,2 11,3 18,5 9,7 13,11 10,12 9,13 14,14 11,16 8,17 10,18 8,19 18,22 13,23 19
70	4 3 7 2 7 6 ,0 13,2 15,4 13,5 9,6 4,7 12,8 6,10 10,11 11,12 15,14 13,15 15,17 13,18 4,19 8,25 6
71	1 8 7 3 5 4 ,0 14,1 12,4 10,5 5,7 17,8 12,11 4,12 16,13 14,15 1,16 14,17 14,19 9,20 11,21 6,23 6
72	4 3 9 5 6 6 ,2 14,3 10,5 9,6 12,8 16,9 14,10 7,11 5,13 4,14 11,15 11,16 9,17 14,19 14,20 16,21 14,23 12,25 16
73	3 6 6 3 2 4 ,3 10,6 10,8 7,9 18,11 5,12 17,14 3,15 6,16 16,17 18,18 8,20 13,21 8,23 4
74	1 4 6 5 2 5 ,0 11,1 1,2 9,3 11,4 4,7 20,9 5,11 10,14 11,16 4,17 15,19 16,20 17,21 17,23 18,24 14,25 11
75	1 2 2 3 2 5 ,6 10,7 12,11 15,13 19,14 7,17 1,18 11,19 18,20 22,23 28,24 10
76	2 4 8 8 2 5 ,1 3,2 13,3 3,4 10,5 11,6 13,8 4,10 17,11 6,12 2,13 3,14 13,15 12,16 14,17 19,18 20,20 4,21 15
77	3 9 3 7 7 7 ,0 6,1 13,2 12,4 13,5 15,7 17,9 13,10 11,11 4,12 10,14 13,15 10,16 3,17 5,18 9,19 13,20 17,22 17
78	6 5 6 5 1 9 ,0 21,1 8,2 12,3 11,4 12,5 15,7 7,11 11,12 6,13 23,14 16,15 18,16 14,17 9,20 9,21 18,23 12,24 14,25 23
79	4 6 3 6 12 4 ,1 9,2 10,3 10,5 12,6 27,9 19,10 11,11 13,14 7,15 5,16 16,17 12,19 8,21 17,22 9,23 4,24 8,25 19
80	6 4 8 5 7 6 ,0 6,1 13,3 10,4 13,5 17,12 10,13 14,14 8,15 16,16 14,17 13,18 14,19 8,20 12,21 14,25 19
81	4 9 5 4 3 10 ,0 10,1 19,2 10,3 11,5 13,6 5,7 12,11 6,12 6,15 14,17 12,18 22,20 9,21 4,22 13,24 10,25 10
82	5 6 8 7 4 4 ,0 16,1 5,2 11,3 18,4 17,6 21,8 10,9 11,13 7,14 8,15 8,16 5,17 12,18 10,19 18,21 11,23 12,24 15,25 7
83	1 6 4 2 2 9 ,0 8,3 7,7 7,10 1,12 9,14 8,15 18,16 2,17 12,18 1,19 14,21 5,23 16
84	4 6 6 3 6 5 ,0 11,1 17,2 6,4 15,5 11,6 7,7 4,11 10,12 19,13 9,15 18,16 19,17 10,19 7,20 12,21 10,25 14
85	4 11 2 5 8 7 ,1 7,2 14,3 16,5 10,6 8,7 13,8 10,10 11,11 5,12 10,13 5,14 14,17 18,18 11,19 16,20 4,21 4,24 9,25 6
86	4 5 7 6 4 4 ,0 11,2 14,3 16,4 5,6 21,7 19,8 4,10 9,11 10,12 17,13 10,15 7,16 20,21 14,23 17,25 11
87	2 11 6 2 4 8 ,0 20,1 12,3 10,4 10,5 13,7 20,8 8,10 17,12 2,13 18,14 11,15 11,16 16,18 18,19 5,20 12,21 8,22 15,25 16
88	3 7 5 7 6 4 ,0 21,2 6,5 16,6 21,7 12,9 3,10 10,12 7,13 19,15 15,16 7,18 14,19 14,23 18,24 14,25 6
89	3 6 4 3 5 0 ,0 11,5 12,9 9,10 7,11 20,13 18,14 17,17 13,19 15,20 7,21 7,22 10,25 3
90	3 5 1 6 6 10 ,1 3,2 7,5 12,7 14,8 10,9 11,12 15,16 11,17 12,21 5,22 9,23 12,24 9,25 10
91	3 2 10 3 7 7 ,3 10,4 15,7 15,8 12,9 18,10 17,11 9,12 10,13 12,14 15,15 3,16 15,17 7,18 7,20 8,21 19,22 5,23 13,24 5
92	3 5 5 5 5 7 ,0 20,2 14,5 17,7 14,8 4,9 18,10 17,12 9,13 19,14 6,16 18,19 5,20 17,21 3,22 3
93	2 5 9 3 3 5 ,0 11,1 14,2 15,3 12,5 4,6 8,10 11,14 11,15 4,16 16,19 15,20 17,22 17,23 2,25 19
94	1 3 7 6 1 6 ,2 8,3 11,4 2,5 16,7 7,10 10,12 8,13 9,15 10,16 1,20 14,25 16
95	2 5 3 8 7 6 ,2 5,4 15,5 6,6 3,8 9,10 15,12 7,13 14,14 13,15 14,16 5,17 13,18 20,19 12,20 11,21 2,22 4,23 3,24 5,25 13
96	3 4 2 6 14 8 ,0 10,1 9,2 5,3 9,4 24,5 12,6 17,7 12,9 3,12 15,14 11,15 10,16 16,17 10,18 12,20 9,21 18,24 4
97	3 2 8 5 5 4 ,0 11,1 13,2 10,4 12,8 16,9 19,11 10,12 13,13 7,14 3,16 17,18 14,19 15,20 4,21 17,23 12
98	1 6 10 5 5 5 ,1 20,3 9,5 5,6 5,9 17,11 3,12 6,14 10,15 6,16 14,17 1,18 20,19 19,20 9,21 17,22 5,23 8,24 16,25 16
99	1 7 3 6 2 6 ,0 20,1 19,2 8,6 13,7 15,10 17,11 11,12 17,14 10,15 18,16 9,19 1,20 12,21 10,23 4,25 3
