0	0,1,2,3,4,5,6,7,8,9,10,11,12,13,14,15,16,17,18,19,20,
1	0,1,2,3,4,5,6,7,8,9,10,11,12,13,14,15,16,17,18,19,20,
2	0,1,2,3,4,5,6,7,8,9,10,11,12,13,14,15,16,17,18,19,20,
3	0,1,2,3,4,5,6,7,8,9,10,11,12,13,14,15,16,17,18,19,20,
4	0,1,2,3,4,5,6,7,8,9,10,11,12,13,14,15,16,17,18,19,20,
5	0,1,2,3,4,5,6,7,8,9,10,12,13,14,16,17,19,20,
6	2,4,5,6,7,8,9,10,12,13,14,20,
7	3,4,5,7,8,10,13,14,20,
8	0,1,2,4,6,11,14,16,18,20,
9	0,1,2,3,6,7,8,9,11,14,15,16,18,19,20,
10	0,1,2,3,4,6,7,9,10,12,13,14,15,16,17,18,19,
11	2,7,8,15,
12	3,5,11,12,
14	1,2,3,6,
16	12,18,
19	8,
26	13,
27	12,
39	1,
58	1,
85	8,
95	6,
110	18,
138	16,
155	8,
157	14,
198	18,
247	6,
279	5,
355	19,
390	1,
454	17,
460	2,
530	1,
549	0,
586	9,
599	0,
