2	20 0 0 0 0 1 ,27 5
3	13 1 0 0 1 0 ,8 1,30 4
4	12 0 0 0 1 0 ,10 4
5	6 1 0 0 0 0 ,26 1
8	4 0 2 0 0 0 ,18 2,25 2
9	1 1 1 0 0 0 ,0 1,8 2
11	12 1 0 0 0 0 ,20 1
12	11 0 0 0 1 0 ,5 4
13	11 1 0 0 1 0 ,19 4,20 1
15	11 1 0 0 0 2 ,2 5,12 5,24 1
16	12 0 0 0 1 0 ,15 4
17	11 0 1 1 0 0 ,5 3,28 2
18	8 0 0 0 0 1 ,9 5
19	14 0 1 1 1 0 ,2 4,7 2,29 3
20	17 0 0 0 0 1 ,7 5
21	11 0 1 0 2 0 ,3 4,4 4,13 2
23	15 0 1 0 0 0 ,3 2
24	4 1 0 3 0 1 ,4 3,7 3,11 3,19 5,29 1
25	18 0 1 1 0 0 ,2 2,22 3
26	19 0 0 1 0 0 ,4 3
27	11 0 1 1 0 0 ,2 2,12 3
29	6 1 1 0 0 0 ,23 1,26 2
32	12 1 0 1 1 1 ,4 4,6 3,20 5,27 1
33	12 0 0 1 0 0 ,10 3
34	3 1 1 0 0 1 ,1 1,4 5,20 2
37	11 0 1 0 1 0 ,5 2,29 4
41	11 0 0 0 0 1 ,13 5
43	6 2 1 0 0 0 ,7 2,18 1,26 1
45	12 2 0 0 0 0 ,8 1,20 1
47	12 0 0 0 1 0 ,28 4
48	8 0 0 3 0 0 ,3 3,9 3,23 3
49	12 0 0 0 0 2 ,8 5,15 5
52	12 0 0 0 0 1 ,10 5
53	11 0 0 0 0 2 ,2 5,16 5
55	12 0 1 1 0 0 ,20 2,30 3
56	11 0 1 0 0 1 ,16 2,24 5
57	20 0 0 0 1 0 ,27 4
58	12 1 0 0 0 1 ,6 5,28 1
59	11 0 3 0 0 0 ,19 2,24 2,27 2
60	13 0 1 0 0 0 ,30 2
62	15 0 1 1 0 0 ,3 3,7 2
64	14 0 0 0 0 2 ,27 5,29 5
67	13 0 0 0 1 0 ,8 4
69	3 0 2 0 0 0 ,21 2,28 2
71	2 0 1 1 0 0 ,14 2,18 3
72	4 0 0 1 2 0 ,17 4,27 3,30 4
73	12 0 0 1 0 0 ,28 3
74	11 0 1 0 0 0 ,13 2
76	15 0 0 1 0 0 ,3 3
78	11 0 0 0 2 0 ,16 4,22 4
79	12 0 0 1 0 0 ,23 3
81	6 0 1 1 0 0 ,6 3,26 2
82	3 1 0 0 0 0 ,21 1
86	3 0 1 0 0 0 ,1 2
87	4 1 0 0 0 0 ,25 1
88	11 1 0 3 1 0 ,6 3,7 3,12 1,22 4,24 3
89	14 1 0 0 0 0 ,29 1
90	11 0 1 0 0 0 ,13 2
92	16 0 1 0 1 0 ,6 2,22 4
93	18 0 0 1 0 0 ,22 3
94	11 0 1 0 0 0 ,5 2
98	4 1 0 1 0 1 ,15 3,23 5,25 1
99	4 1 1 0 0 0 ,11 1,12 2
