1	9 1 0 0 1 0 ,4 1,8 4
2	8 0 0 0 1 0 ,21 4
3	12 0 0 0 1 1 ,9 4,16 5
4	11 0 0 0 1 1 ,10 4,18 5
5	6 1 0 0 0 0 ,14 1
8	16 0 0 1 0 1 ,7 3,8 5
14	4 1 0 0 0 0 ,19 1
17	9 0 2 0 1 0 ,3 2,9 4,17 2
19	15 0 2 0 0 0 ,2 2,12 2
25	15 0 0 0 0 1 ,20 5
27	1 2 0 0 0 0 ,1 1,22 1
28	9 0 0 1 0 1 ,13 3,17 5
33	16 0 0 0 1 0 ,7 4
34	15 1 0 0 0 0 ,20 1
37	7 1 0 1 1 0 ,5 1,10 3,12 4
40	9 1 0 0 0 0 ,13 1
42	15 2 0 0 0 0 ,0 1,2 1
43	21 0 0 0 0 1 ,12 5
44	2 0 2 0 0 0 ,15 2,17 2
46	9 0 0 1 0 1 ,3 5,18 3
47	5 0 0 0 0 1 ,6 5
48	9 0 1 0 1 0 ,7 4,13 2
49	6 0 0 1 0 1 ,14 5,18 3
50	9 1 0 0 2 0 ,0 4,4 1,18 4
51	12 0 1 0 0 0 ,16 2
52	9 1 0 0 0 1 ,4 1,12 5
54	16 0 0 1 0 0 ,7 3
57	4 0 1 1 0 0 ,8 2,19 3
58	15 0 1 0 0 0 ,2 2
60	7 0 1 1 0 0 ,4 3,5 2
61	2 1 0 0 0 0 ,1 1
64	1 2 0 0 2 0 ,8 4,11 1,18 1,21 4
66	18 0 0 0 1 0 ,9 4
67	15 0 1 0 1 0 ,0 2,12 4
69	15 0 0 0 1 0 ,2 4
71	15 0 0 0 0 1 ,0 5
73	18 0 1 0 0 0 ,9 2
75	15 0 0 0 0 1 ,20 5
76	11 0 0 0 1 0 ,10 4
77	9 1 2 0 0 0 ,0 1,3 2,7 2
79	21 1 0 0 0 0 ,12 1
82	9 0 0 1 0 0 ,13 3
84	15 0 1 0 0 0 ,0 2
89	15 0 0 0 1 0 ,20 4
91	12 1 0 0 0 0 ,16 1
93	12 1 0 0 1 0 ,2 1,16 4
94	15 0 1 0 1 1 ,2 5,8 2,18 4
95	7 0 0 0 2 0 ,5 4,9 4
96	9 0 0 1 0 0 ,4 3
97	19 0 1 0 0 0 ,8 2
