2	14 0 0 0 1 0 ,8 4
3	9 0 0 0 1 1 ,0 5,1 4
4	14 0 0 0 2 0 ,8 4,13 4
6	18 0 0 1 0 0 ,9 3
7	18 0 1 0 0 0 ,9 2
9	8 0 0 1 0 0 ,2 3
12	8 0 1 0 0 0 ,2 2
14	9 1 0 0 0 0 ,0 1
16	5 0 0 1 2 1 ,0 3,1 4,6 4,14 5
18	17 0 0 1 0 0 ,7 3
23	17 0 0 0 1 0 ,7 4
24	17 0 0 1 0 0 ,16 3
25	17 0 0 0 0 1 ,7 5
26	5 0 0 0 1 1 ,4 4,18 5
28	9 1 0 0 0 0 ,15 1
29	10 1 0 0 0 0 ,4 1
30	1 1 0 0 0 1 ,3 1,8 5
31	20 0 0 0 1 0 ,13 4
32	17 0 0 0 1 0 ,16 4
33	18 0 1 0 0 0 ,9 2
34	17 1 0 0 0 0 ,7 1
35	17 0 1 0 0 0 ,16 2
37	17 0 0 0 1 1 ,9 5,10 4
38	10 1 0 1 0 0 ,4 3,8 1
39	12 0 1 1 0 0 ,6 2,10 3
40	12 0 0 0 0 1 ,6 5
43	5 0 1 0 0 0 ,17 2
45	17 0 0 0 0 2 ,10 5,16 5
46	5 0 0 0 0 1 ,5 5
48	17 0 0 1 0 0 ,10 3
50	5 0 0 1 0 0 ,17 3
51	18 1 0 0 0 0 ,1 1
56	9 0 1 0 0 0 ,15 2
57	1 1 0 0 0 0 ,11 1
58	20 0 0 0 0 1 ,13 5
66	18 0 1 0 0 0 ,1 2
67	9 0 1 0 0 0 ,15 2
70	9 1 0 0 1 0 ,9 1,15 4
73	10 1 0 0 0 0 ,4 1
75	17 0 0 0 1 0 ,7 4
77	18 0 0 0 1 0 ,1 4
79	12 1 0 0 0 0 ,6 1
81	10 1 0 0 0 0 ,4 1
84	17 0 1 1 0 0 ,10 2,16 3
86	18 0 0 1 0 1 ,9 5,13 3
89	3 0 0 2 0 0 ,1 3,12 3
91	20 0 0 0 1 0 ,13 4
99	8 0 0 1 0 0 ,2 3
