0	9 0 0 1 0 1 ,16 5,36 3
1	14 0 1 0 0 0 ,17 2
2	19 0 0 0 0 1 ,7 5
3	19 0 1 0 0 0 ,27 2
4	12 0 1 1 1 0 ,10 4,21 2,35 3
5	9 0 1 1 0 0 ,16 2,36 3
6	19 0 1 0 0 0 ,7 2
7	8 1 0 1 1 0 ,3 1,12 4,20 3
8	6 0 0 0 1 0 ,1 4
10	21 0 0 0 1 1 ,2 5,12 4
11	12 0 0 2 0 1 ,2 3,12 5,26 3
12	10 0 2 0 0 0 ,10 2,31 2
14	9 1 0 0 0 1 ,0 1,14 5
15	3 0 1 1 0 0 ,5 2,35 3
16	9 0 0 1 0 0 ,18 3
17	10 0 0 1 0 0 ,23 3
19	6 0 2 0 0 0 ,16 2,34 2
20	9 1 1 1 0 0 ,0 3,12 1,36 2
21	4 1 0 0 2 2 ,2 5,13 4,27 4,30 5,31 1
22	6 2 0 0 0 0 ,26 1,32 1
23	20 0 0 0 0 1 ,21 5
24	10 1 0 0 0 0 ,23 1
25	9 1 0 0 0 0 ,0 1
27	9 0 0 1 0 0 ,6 3
28	2 1 0 0 0 1 ,9 5,22 1
30	19 0 0 0 0 2 ,7 5,21 5
32	6 1 0 0 0 1 ,32 5,36 1
34	10 1 2 0 0 0 ,2 2,31 2,35 1
36	13 0 0 1 0 2 ,2 3,3 5,19 5
37	9 2 1 0 0 0 ,18 1,25 1,37 2
38	9 1 1 1 1 0 ,0 4,14 2,23 1,31 3
39	16 0 0 0 1 0 ,11 4
40	12 0 1 0 0 0 ,15 2
41	15 1 0 0 1 0 ,14 1,19 4
42	6 1 1 0 1 0 ,9 4,18 1,34 2
43	9 0 2 0 2 0 ,14 4,24 2,26 2,29 4
44	13 1 0 0 0 0 ,30 1
46	6 0 1 0 1 0 ,1 2,27 4
49	8 0 1 1 0 2 ,4 5,15 2,20 5,30 3
50	6 1 0 0 2 0 ,26 4,33 1,37 4
51	14 0 0 0 0 1 ,29 5
52	14 0 1 0 0 0 ,17 2
53	2 2 0 0 0 0 ,5 1,22 1
54	12 0 0 0 1 0 ,4 4
55	1 1 0 0 0 1 ,10 5,28 1
56	12 0 1 0 0 1 ,4 2,11 5
58	6 0 0 0 0 1 ,8 5
59	19 0 0 0 0 1 ,7 5
60	10 1 0 0 0 0 ,36 1
61	10 0 0 0 1 0 ,23 4
66	12 1 1 0 1 0 ,12 2,15 4,25 1
67	14 0 0 1 0 1 ,11 5,17 3
68	12 0 0 0 0 1 ,35 5
69	9 1 0 0 2 0 ,6 4,9 4,27 1
71	14 1 0 0 0 2 ,21 5,29 1,37 5
72	9 0 1 1 0 0 ,6 2,14 3
74	16 0 0 0 1 0 ,19 4
75	14 0 0 0 0 1 ,25 5
76	10 0 1 1 0 0 ,19 3,31 2
77	13 0 0 1 1 0 ,17 3,30 4
78	12 1 0 0 0 0 ,4 1
79	14 0 1 1 0 0 ,11 2,25 3
80	6 1 0 0 0 0 ,33 1
81	6 1 1 0 0 0 ,8 1,25 2
82	13 0 0 3 1 0 ,3 4,10 3,21 3,27 3
83	9 1 0 0 0 0 ,18 1
84	9 0 2 0 0 0 ,24 2,29 2
85	21 0 0 0 0 1 ,12 5
88	19 0 0 1 0 1 ,2 3,27 5
89	6 0 0 1 1 0 ,18 3,33 4
90	12 0 2 0 1 0 ,10 4,25 2,26 2
93	12 0 0 1 1 0 ,3 3,15 4
94	9 0 1 0 0 1 ,24 5,29 2
95	10 1 0 0 0 0 ,23 1
96	14 1 1 1 0 0 ,7 2,10 1,37 3
98	6 0 1 0 1 0 ,17 4,34 2
