0	12 0 2 0 0 1 ,24 5,31 2,35 2
1	2 0 1 0 0 0 ,19 2
3	3 0 0 3 0 1 ,1 3,6 3,28 5,33 3
6	10 0 2 0 0 1 ,0 2,3 5,6 2
9	20 0 0 1 0 0 ,2 3
10	16 0 0 0 1 1 ,4 4,13 5
11	2 0 2 0 0 0 ,16 2,32 2
13	8 1 0 0 0 0 ,17 1
14	14 0 0 0 0 1 ,24 5
15	13 0 0 0 1 0 ,16 4
16	6 0 1 1 0 0 ,22 3,30 2
17	16 0 0 0 1 0 ,21 4
18	12 0 0 0 1 1 ,5 5,22 4
20	17 1 0 0 0 0 ,5 1
22	14 0 1 0 0 0 ,26 2
24	5 0 0 1 0 0 ,18 3
26	6 1 0 0 0 2 ,8 5,14 5,16 1
28	4 0 1 0 0 0 ,20 2
29	17 0 0 1 1 0 ,5 4,31 3
31	12 0 0 1 1 1 ,4 4,13 5,35 3
32	14 0 0 1 0 0 ,9 3
33	19 0 0 0 1 0 ,31 4
34	20 0 0 0 0 1 ,13 5
36	6 1 0 1 0 0 ,14 1,30 3
37	14 0 1 1 0 0 ,4 2,24 3
38	5 1 1 1 1 1 ,0 2,7 5,13 3,17 1,27 4
39	14 1 0 0 0 1 ,24 1,28 5
40	8 0 2 0 0 0 ,4 2,17 2
41	16 0 0 1 0 1 ,0 5,21 3
43	11 1 1 1 0 0 ,5 2,10 1,21 3
44	13 0 1 1 1 0 ,3 4,12 3,16 2
45	13 0 1 0 0 0 ,16 2
47	12 0 1 0 0 0 ,22 2
49	20 0 1 0 0 0 ,2 2
50	5 2 0 0 0 0 ,18 1,28 1
51	10 1 0 0 0 0 ,8 1
52	16 0 0 0 1 0 ,4 4
54	1 1 0 0 0 0 ,34 1
55	6 1 0 0 0 1 ,2 5,30 1
56	17 1 0 0 0 0 ,5 1
57	8 0 1 0 0 0 ,17 2
58	8 1 1 0 2 1 ,1 4,3 4,15 5,17 1,28 2
59	8 2 0 0 0 0 ,22 1,27 1
61	5 1 0 0 0 0 ,18 1
62	14 1 0 0 0 0 ,9 1
63	12 0 0 1 1 0 ,15 3,26 4
64	14 0 0 0 1 0 ,26 4
66	12 0 1 1 0 0 ,12 2,15 3
67	10 0 0 0 2 0 ,8 4,31 4
68	11 0 0 1 0 0 ,10 3
69	4 1 0 0 1 2 ,1 5,11 5,23 4,28 1
70	10 0 0 1 0 1 ,25 5,35 3
71	17 0 0 1 0 0 ,0 3
72	12 0 0 0 1 0 ,35 4
75	8 1 0 0 0 0 ,17 1
77	4 0 0 0 2 0 ,26 4,29 4
78	19 0 0 0 0 1 ,3 5
81	10 0 1 0 1 2 ,5 4,9 5,13 2,25 5
82	19 1 0 0 0 0 ,31 1
83	10 2 0 0 0 1 ,3 1,6 5,15 1
85	14 0 0 0 0 1 ,9 5
86	4 0 1 1 0 0 ,10 3,20 2
87	12 0 2 0 0 0 ,1 2,22 2
89	16 0 1 0 0 0 ,21 2
91	13 0 0 2 0 2 ,1 3,2 5,12 3,31 5
92	16 0 0 0 1 0 ,21 4
93	11 0 1 0 0 1 ,1 5,10 2
94	7 0 2 0 0 0 ,11 2,16 2
96	20 0 0 0 0 1 ,2 5
97	8 0 1 1 0 0 ,10 2,27 3
98	13 0 0 0 0 2 ,0 5,12 5
