2	8 0 1 1 0 0 ,0 3,28 2
3	22 0 0 0 0 1 ,11 5
5	18 0 1 0 0 0 ,4 2
6	19 0 0 1 0 0 ,18 3
7	11 0 1 1 0 0 ,7 2,10 3
8	7 0 0 1 0 1 ,4 3,23 5
10	8 1 0 1 0 0 ,12 1,29 3
11	3 0 0 1 3 0 ,7 4,17 3,18 4,20 4
13	19 0 0 0 1 0 ,22 4
14	11 0 0 0 1 0 ,24 4
15	8 0 1 0 1 0 ,10 4,30 2
16	21 0 0 0 0 1 ,9 5
22	21 0 0 1 0 1 ,9 3,20 5
23	11 0 0 0 0 1 ,24 5
24	8 0 0 0 0 2 ,5 5,30 5
27	13 1 0 0 0 0 ,6 1
30	8 0 1 1 1 0 ,0 4,1 2,12 3
31	10 0 2 0 0 1 ,8 2,11 5,19 2
32	13 0 0 2 0 0 ,4 3,26 3
33	18 0 0 1 0 0 ,19 3
34	10 0 0 1 0 0 ,8 3
35	21 0 0 0 1 0 ,20 4
38	9 0 0 2 0 0 ,8 3,27 3
41	11 0 0 1 0 0 ,1 3
42	5 3 0 0 0 0 ,3 1,14 1,26 1
43	9 0 1 0 1 0 ,21 2,26 4
46	8 2 1 0 1 0 ,6 4,13 1,21 2,29 1
48	19 0 1 0 1 0 ,9 4,22 2
49	5 1 0 1 0 0 ,14 1,22 3
51	19 0 0 0 0 1 ,22 5
52	8 0 1 3 0 0 ,1 3,5 3,10 3,24 2
54	19 0 0 0 1 0 ,18 4
55	18 0 1 0 0 0 ,19 2
56	18 0 0 1 0 0 ,4 3
57	13 0 0 0 1 0 ,6 4
58	18 0 0 0 0 1 ,19 5
59	6 0 1 0 1 0 ,25 2,27 4
61	11 1 0 0 0 0 ,1 1
63	7 0 1 0 0 0 ,23 2
64	9 0 0 0 0 1 ,21 5
67	11 0 2 0 0 0 ,1 2,18 2
68	9 0 1 0 1 0 ,11 4,27 2
69	18 0 0 0 1 0 ,4 4
70	13 1 0 0 0 0 ,6 1
72	8 1 0 0 1 0 ,12 4,20 1
73	11 1 0 0 0 0 ,10 1
74	21 0 0 0 1 0 ,9 4
76	8 1 0 1 0 0 ,3 3,30 1
77	21 0 0 0 0 1 ,9 5
78	21 0 0 1 0 0 ,20 3
79	19 0 0 1 0 0 ,18 3
80	8 0 0 1 1 0 ,13 4,19 3
81	4 1 0 1 0 0 ,2 1,18 3
83	21 0 0 0 1 0 ,20 4
84	4 0 0 1 0 0 ,2 3
85	8 0 1 0 1 0 ,8 2,28 4
86	22 0 0 0 0 1 ,11 5
87	8 0 1 1 0 1 ,19 3,26 5,28 2
88	12 0 0 0 0 1 ,0 5
90	6 0 0 2 1 1 ,4 3,11 3,22 5,25 4
91	2 0 1 1 0 0 ,13 3,15 2
92	5 0 0 2 0 1 ,6 3,16 5,29 3
93	10 0 0 1 0 0 ,29 3
94	5 1 0 0 1 1 ,3 4,7 5,14 1
95	5 0 1 0 0 0 ,14 2
