4	10 0 0 0 1 0 ,1 4
8	13 1 0 0 0 0 ,7 1
9	14 1 0 0 0 0 ,20 1
11	6 0 0 0 1 0 ,3 4
12	7 1 0 0 1 0 ,0 4,4 1
15	9 0 0 0 0 1 ,2 5
19	5 0 1 1 1 0 ,7 3,12 2,19 4
22	7 0 2 1 0 0 ,0 3,1 2,8 2
24	10 0 1 0 1 0 ,9 4,20 2
25	9 0 0 0 1 1 ,2 4,4 5
28	10 1 1 0 0 0 ,1 2,19 1
30	8 0 0 0 1 1 ,6 4,8 5
31	16 0 0 1 0 0 ,19 3
34	8 0 0 0 2 0 ,6 4,10 4
36	12 0 0 1 0 0 ,16 3
37	10 1 0 1 0 0 ,18 1,20 3
39	16 0 0 0 0 1 ,10 5
44	15 0 0 1 0 0 ,8 3
45	2 0 1 1 0 0 ,11 2,16 3
48	12 1 0 0 0 0 ,16 1
49	16 0 0 0 1 0 ,19 4
55	16 1 0 0 0 0 ,4 1
56	10 0 2 0 0 0 ,1 2,10 2
57	16 0 0 0 1 0 ,19 4
60	16 0 0 0 0 1 ,10 5
61	14 1 0 0 1 0 ,13 4,20 1
62	10 0 0 0 0 1 ,18 5
64	6 1 1 0 1 0 ,7 1,13 4,17 2
65	13 0 0 0 1 0 ,7 4
67	5 0 0 0 0 1 ,21 5
68	5 0 0 2 0 0 ,12 3,13 3
70	12 0 0 1 0 0 ,16 3
71	12 0 1 0 0 0 ,16 2
72	10 0 0 1 0 0 ,18 3
73	11 1 0 0 1 0 ,4 4,15 1
76	10 0 0 1 0 0 ,9 3
78	6 1 0 0 0 0 ,5 1
79	1 1 0 0 0 0 ,14 1
80	15 0 0 0 0 1 ,8 5
82	10 0 1 0 0 0 ,9 2
84	11 0 0 0 0 1 ,15 5
85	11 0 1 0 0 1 ,4 5,15 2
86	11 0 0 1 0 0 ,15 3
89	10 1 0 0 0 0 ,9 1
90	6 0 1 0 1 0 ,3 2,17 4
93	13 1 0 1 0 0 ,7 1,20 3
95	10 1 0 0 0 0 ,18 1
96	14 0 1 0 0 0 ,13 2
97	13 0 0 1 1 0 ,7 3,20 4
99	6 1 0 0 0 1 ,5 5,13 1
