0	11 0 0 1 0 1 ,3 3,25 5
3	6 0 0 0 1 1 ,10 4,23 5
5	12 0 0 0 0 1 ,24 5
7	21 0 0 0 0 1 ,28 5
9	6 1 0 0 0 0 ,8 1
12	18 0 2 0 0 0 ,4 2,21 2
14	6 0 0 0 0 1 ,8 5
16	8 0 0 0 1 0 ,13 4
17	7 0 0 0 0 1 ,20 5
18	12 2 0 0 0 0 ,4 1,19 1
20	18 0 1 0 0 1 ,21 2,28 5
24	21 1 0 0 0 0 ,28 1
25	6 1 0 1 0 0 ,0 3,25 1
26	11 0 0 1 0 1 ,3 5,16 3
27	10 0 1 0 0 1 ,6 2,19 5
28	14 0 1 0 0 1 ,2 5,22 2
30	12 0 0 1 1 0 ,2 3,24 4
31	15 0 1 0 0 0 ,22 2
32	7 0 2 0 1 0 ,18 4,22 2,23 2
34	7 0 1 0 1 0 ,5 4,20 2
35	3 0 1 1 1 0 ,9 3,14 2,26 4
36	10 0 0 2 0 0 ,5 3,16 3
37	18 0 0 0 0 1 ,4 5
38	10 1 0 0 0 0 ,5 1
39	18 0 0 0 1 0 ,4 4
40	4 0 2 0 2 0 ,10 2,17 4,22 2,26 4
41	16 0 0 0 1 0 ,11 4
42	18 0 0 0 0 1 ,21 5
44	8 0 0 0 1 1 ,4 5,9 4
46	12 1 0 0 0 0 ,24 1
50	21 0 0 1 0 0 ,28 3
52	16 0 1 0 0 0 ,11 2
56	10 1 0 0 0 0 ,5 1
57	7 0 0 1 0 0 ,12 3
61	11 0 0 1 0 0 ,26 3
62	12 0 0 0 1 1 ,11 5,19 4
63	10 0 0 1 1 1 ,6 4,16 5,22 3
64	18 1 0 0 0 0 ,4 1
68	8 0 1 0 1 0 ,13 4,21 2
70	15 0 0 0 1 0 ,22 4
71	3 1 0 0 0 0 ,27 1
75	5 0 0 0 0 1 ,7 5
76	3 0 0 1 0 0 ,15 3
77	11 0 0 0 1 1 ,25 5,28 4
78	7 0 0 0 1 0 ,12 4
79	8 0 0 0 1 0 ,18 4
83	6 1 0 1 0 0 ,0 3,5 1
84	14 0 0 1 0 0 ,2 3
88	13 0 0 1 0 0 ,3 3
89	12 0 1 0 1 0 ,19 2,21 4
90	13 0 1 0 0 0 ,3 2
91	3 0 0 2 0 0 ,1 3,2 3
94	16 0 0 1 0 1 ,11 5,21 3
95	3 0 2 0 0 0 ,24 2,27 2
96	10 0 0 1 1 0 ,6 4,28 3
97	3 1 0 0 0 0 ,14 1
99	8 1 0 0 0 0 ,9 1
