0	11 2 0 1 0 0 ,4 3,13 1,29 1
2	18 0 1 0 0 0 ,28 2
3	6 0 0 0 1 0 ,22 4
4	8 0 1 2 0 0 ,11 3,13 2,36 3
6	17 0 1 0 0 0 ,27 2
7	8 1 0 0 0 1 ,24 5,36 1
8	15 0 0 0 0 1 ,14 5
9	8 1 0 0 2 0 ,10 4,34 1,36 4
10	15 0 1 1 0 0 ,5 3,9 2
11	11 0 0 1 0 0 ,30 3
13	16 0 0 1 0 0 ,21 3
14	11 0 0 0 0 1 ,30 5
17	12 0 0 1 0 0 ,16 3
20	6 1 0 0 0 0 ,22 1
24	12 1 0 1 0 0 ,6 1,13 3
27	12 1 1 0 1 0 ,6 1,27 2,31 4
28	15 0 1 0 0 1 ,9 5,11 2
29	13 0 0 0 0 1 ,10 5
30	17 0 0 0 1 0 ,32 4
31	20 0 0 1 0 0 ,24 3
32	5 0 0 0 0 3 ,13 5,20 5,29 5
34	11 1 0 0 0 0 ,4 1
35	16 0 0 0 1 0 ,31 4
36	11 0 1 1 0 0 ,30 2,34 3
37	5 2 1 0 0 0 ,12 1,14 2,18 1
38	3 1 1 0 0 0 ,1 2,27 1
39	15 0 0 0 2 0 ,5 4,29 4
41	2 0 2 1 1 0 ,16 2,24 4,26 3,33 2
42	16 0 1 0 0 2 ,21 5,31 2,32 5
43	6 1 0 0 0 0 ,15 1
44	5 0 0 0 1 0 ,18 4
45	15 0 0 1 1 0 ,9 3,21 4
47	7 0 0 1 1 0 ,11 4,25 3
48	13 0 0 0 1 1 ,19 4,28 5
49	3 1 1 0 0 0 ,1 1,32 2
51	6 1 0 1 0 1 ,0 5,14 3,15 1
52	17 0 0 1 0 0 ,27 3
53	12 0 1 0 1 0 ,6 2,19 4
54	3 0 0 1 0 0 ,2 3
55	18 0 0 0 0 1 ,28 5
56	18 0 0 1 0 0 ,28 3
57	11 0 1 1 0 0 ,4 3,19 2
58	5 0 3 0 2 1 ,0 5,5 4,12 2,24 4,29 2,31 2
59	5 1 0 0 0 0 ,8 1
60	7 0 1 0 0 0 ,35 2
61	12 0 1 1 0 0 ,16 2,34 3
62	15 1 1 0 0 0 ,9 1,31 2
63	1 2 0 0 0 0 ,17 1,28 1
64	15 1 0 0 1 0 ,9 4,34 1
65	12 0 0 1 0 0 ,16 3
66	17 0 0 1 1 0 ,11 4,24 3
67	2 0 1 0 0 0 ,3 2
68	5 1 0 1 0 0 ,8 1,35 3
69	10 0 0 0 0 2 ,26 5,27 5
70	15 0 0 0 2 0 ,13 4,27 4
71	5 1 0 0 1 0 ,8 1,10 4
72	11 0 0 0 0 1 ,7 5
73	5 1 1 0 0 1 ,8 1,31 2,34 5
74	15 0 0 1 0 0 ,29 3
75	6 1 0 1 0 0 ,22 1,32 3
76	18 0 0 0 0 1 ,34 5
77	18 0 1 0 0 0 ,28 2
78	12 0 1 0 1 0 ,11 4,16 2
79	7 1 1 0 0 0 ,25 1,26 2
81	12 0 0 1 0 0 ,6 3
82	6 0 1 0 1 0 ,7 4,15 2
83	11 1 1 0 0 0 ,19 2,30 1
85	7 0 0 2 0 0 ,25 3,32 3
86	12 0 0 0 0 1 ,6 5
87	5 2 0 1 1 0 ,5 3,8 1,19 1,21 4
89	11 1 0 0 1 0 ,4 4,24 1
91	15 0 0 0 0 1 ,14 5
92	11 0 1 0 0 0 ,7 2
93	7 0 1 0 0 0 ,35 2
94	18 0 0 0 1 0 ,5 4
96	6 0 1 0 0 0 ,15 2
98	5 0 1 0 0 0 ,12 2
99	1 1 0 0 0 0 ,23 1
