2	9 0 0 0 0 1 ,2 5
3	21 0 0 1 0 0 ,22 3
4	14 0 0 1 0 0 ,0 3
6	5 0 0 3 1 1 ,5 3,16 3,22 5,25 4,27 3
7	9 1 0 0 0 0 ,2 1
10	10 1 0 0 0 0 ,13 1
11	10 0 1 0 1 1 ,7 4,17 2,23 5
12	8 0 0 2 1 1 ,6 4,20 5,23 3,28 3
14	8 0 0 0 0 1 ,14 5
15	2 1 2 0 0 0 ,1 2,13 1,19 2
16	9 2 0 1 0 0 ,15 3,16 1,28 1
18	14 0 0 1 0 0 ,19 3
19	10 0 0 1 0 0 ,4 3
20	7 0 0 1 0 1 ,17 3,21 5
21	8 0 1 1 0 0 ,18 2,20 3
26	12 1 1 0 0 1 ,5 1,12 2,18 5
27	16 0 0 0 0 1 ,18 5
28	16 0 1 0 0 0 ,18 2
33	10 1 0 0 0 0 ,13 1
34	9 1 0 0 0 1 ,10 1,16 5
36	1 1 0 0 0 0 ,11 1
37	10 0 1 1 0 1 ,0 3,3 5,13 2
38	9 0 2 0 0 0 ,2 2,5 2
39	2 2 0 0 0 0 ,9 1,26 1
40	14 0 1 0 0 1 ,0 5,18 2
44	10 0 0 2 0 0 ,13 3,19 3
45	12 2 0 0 0 0 ,19 1,25 1
48	6 0 1 0 0 0 ,24 2
49	15 0 0 0 1 0 ,15 4
50	11 1 0 0 0 0 ,10 1
52	18 0 1 0 0 0 ,28 2
53	6 1 0 1 0 0 ,22 1,24 3
55	5 0 2 0 0 0 ,8 2,12 2
56	15 1 0 1 0 0 ,3 1,22 3
57	8 1 0 1 0 0 ,14 3,19 1
58	21 0 0 0 0 1 ,22 5
59	5 0 0 1 0 0 ,8 3
60	15 1 0 0 0 0 ,15 1
62	14 1 0 0 0 0 ,0 1
63	10 0 0 0 1 0 ,4 4
65	15 1 0 0 0 0 ,3 1
66	8 0 0 0 1 0 ,9 4
68	13 0 1 0 1 0 ,0 2,17 4
69	9 1 0 0 0 0 ,2 1
70	8 1 1 0 0 1 ,6 5,9 2,17 1
71	2 1 0 0 1 1 ,10 4,26 1,28 5
73	12 0 1 0 0 0 ,25 2
74	11 1 0 0 2 0 ,3 1,5 4,7 4
76	15 0 0 0 1 0 ,6 4
77	14 0 0 1 0 0 ,12 3
79	18 0 0 0 1 0 ,28 4
81	15 0 0 0 1 0 ,15 4
82	15 0 0 2 0 0 ,3 3,28 3
83	7 1 0 0 1 1 ,12 4,21 1,25 5
84	6 3 1 0 0 0 ,7 1,17 1,23 2,24 1
90	12 0 1 0 0 0 ,5 2
92	10 0 1 2 0 0 ,4 3,6 2,12 3
93	11 0 2 0 1 0 ,7 2,17 2,19 4
95	11 0 0 1 1 1 ,3 4,10 5,15 3
96	10 0 1 0 0 0 ,13 2
97	5 0 1 0 0 0 ,27 2
98	7 1 0 0 1 0 ,21 1,22 4
99	8 1 0 0 0 0 ,9 1
