0	5 1 1 1 1 0 ,5 2,11 1,23 4,26 3
2	20 0 0 0 0 1 ,36 5
3	18 0 1 0 0 0 ,29 2
5	9 0 0 0 1 0 ,0 4
6	4 0 0 1 1 0 ,12 3,17 4
7	7 0 1 1 0 1 ,14 5,18 3,34 2
8	1 1 0 0 0 0 ,15 1
9	14 1 0 0 1 0 ,3 4,31 1
10	15 0 0 0 1 0 ,12 4
11	7 2 1 1 0 0 ,12 1,20 2,21 3,33 1
12	5 0 0 1 0 1 ,3 5,22 3
13	6 2 2 1 1 0 ,6 1,16 3,20 1,26 4,32 2,38 2
14	19 0 0 1 0 0 ,19 3
15	6 0 1 1 2 0 ,12 4,16 2,37 3,38 4
16	15 1 0 0 0 0 ,26 1
17	16 0 0 1 0 0 ,38 3
18	16 0 1 0 0 0 ,14 2
19	15 3 0 0 0 0 ,3 1,26 1,30 1
20	17 0 0 1 1 1 ,7 4,9 5,19 3
21	10 0 1 0 0 0 ,37 2
22	4 0 0 0 1 0 ,27 4
23	5 2 0 0 0 0 ,11 1,31 1
24	12 1 0 1 0 0 ,6 3,9 1
25	5 0 0 1 1 2 ,4 5,19 3,21 4,30 5
26	8 1 1 0 1 0 ,3 1,30 4,32 2
28	3 0 0 1 0 1 ,19 5,25 3
29	10 0 0 1 0 0 ,21 3
30	12 0 0 2 1 0 ,1 4,14 3,30 3
31	5 1 0 0 0 0 ,11 1
32	2 0 1 0 0 1 ,29 5,35 2
33	20 0 0 0 0 1 ,36 5
34	12 1 0 1 1 0 ,8 3,29 4,30 1
35	8 1 0 0 0 0 ,39 1
37	12 0 0 0 1 0 ,6 4
38	12 0 1 0 0 0 ,8 2
39	6 1 0 0 0 0 ,16 1
40	9 1 2 0 0 0 ,0 2,1 2,5 1
42	14 0 1 0 0 0 ,31 2
43	18 0 1 0 0 0 ,29 2
44	18 0 0 0 1 0 ,5 4
45	5 2 0 0 0 0 ,22 1,38 1
46	7 0 0 2 0 0 ,14 3,28 3
47	12 0 0 0 0 1 ,8 5
50	15 0 0 1 0 2 ,7 3,26 5,29 5
52	9 1 1 0 0 0 ,0 2,13 1
54	16 0 0 1 1 0 ,9 4,38 3
55	3 1 1 1 0 0 ,24 1,37 2,39 3
56	5 1 0 1 0 0 ,5 3,22 1
57	7 1 0 0 0 0 ,28 1
58	7 0 1 0 0 0 ,18 2
60	19 0 0 0 1 0 ,19 4
61	15 0 0 1 0 1 ,10 5,12 3
62	5 0 2 0 0 0 ,11 2,20 2
63	5 0 0 0 0 1 ,2 5
64	8 1 0 0 2 1 ,6 4,9 4,13 5,39 1
65	8 0 1 0 1 0 ,7 2,23 4
66	12 0 0 1 0 0 ,1 3
67	7 0 2 1 0 0 ,28 3,30 2,32 2
68	17 0 0 0 0 2 ,10 5,36 5
69	3 0 1 0 0 0 ,24 2
70	14 1 0 1 0 1 ,7 5,9 1,31 3
72	8 0 1 0 0 0 ,32 2
74	8 0 0 1 0 0 ,20 3
75	15 0 0 0 1 0 ,13 4
77	10 0 0 1 1 0 ,34 4,37 3
78	7 1 0 1 0 0 ,14 3,33 1
80	7 0 0 0 0 1 ,33 5
81	14 0 0 2 0 0 ,31 3,38 3
82	17 0 1 0 0 0 ,9 2
84	8 0 0 1 0 1 ,36 5,39 3
85	12 0 1 0 1 0 ,5 4,8 2
86	17 0 1 0 0 0 ,10 2
87	15 0 0 0 0 1 ,13 5
89	9 1 0 0 1 0 ,0 1,5 4
90	15 2 0 0 1 0 ,3 4,19 1,26 1
91	7 0 1 0 0 1 ,3 5,18 2
94	14 0 0 0 1 0 ,31 4
95	10 0 0 1 1 0 ,1 3,34 4
97	18 0 0 0 1 0 ,7 4
98	17 0 0 0 0 1 ,10 5
