0	16 1 0 0 0 0 ,18 1
1	4 1 0 0 0 0 ,14 1
3	13 1 0 0 0 0 ,2 1
10	13 1 0 0 0 0 ,2 1
11	13 0 0 1 1 0 ,2 4,4 3
13	17 0 0 1 0 0 ,11 3
14	3 0 1 1 0 0 ,1 2,2 3
15	11 0 0 1 1 0 ,11 4,16 3
17	13 1 0 0 0 0 ,4 1
18	3 1 0 0 0 0 ,1 1
19	9 0 0 0 1 1 ,0 4,8 5
20	12 0 0 0 0 1 ,6 5
27	9 1 1 0 0 2 ,5 2,10 5,12 5,16 1
29	11 0 0 1 1 0 ,10 3,16 4
31	13 0 0 0 0 1 ,4 5
33	1 1 0 0 0 0 ,9 1
34	16 1 0 0 0 0 ,18 1
36	7 1 0 0 0 0 ,13 1
38	17 1 0 0 0 0 ,11 1
40	9 1 0 0 0 0 ,5 1
41	17 0 0 1 0 0 ,11 3
43	9 0 1 0 0 0 ,0 2
48	2 0 2 0 0 0 ,12 2,17 2
50	9 0 0 1 0 0 ,0 3
51	4 0 2 1 0 0 ,6 2,8 2,14 3
55	13 0 1 0 0 0 ,4 2
58	8 0 2 0 0 0 ,10 2,15 2
61	15 0 0 1 0 0 ,12 3
63	12 1 0 0 0 0 ,6 1
64	16 0 1 0 0 0 ,18 2
65	11 1 1 0 0 0 ,7 1,18 2
67	7 1 3 0 0 1 ,4 2,6 2,8 5,11 2,13 1
68	9 0 0 0 1 0 ,5 4
69	11 2 0 0 0 0 ,6 1,10 1
70	16 0 0 0 0 1 ,18 5
74	16 0 0 0 0 1 ,18 5
75	8 0 0 0 1 0 ,15 4
76	12 1 0 0 0 0 ,6 1
78	10 0 0 0 2 0 ,2 4,3 4
79	10 0 0 1 0 0 ,3 3
80	8 0 1 0 1 0 ,11 4,15 2
82	15 0 0 1 0 0 ,8 3
83	11 0 0 0 0 1 ,7 5
84	10 0 0 1 0 0 ,3 3
86	11 0 0 0 0 1 ,7 5
87	9 1 0 0 0 0 ,5 1
88	15 0 0 0 0 1 ,12 5
92	11 0 0 1 0 0 ,16 3
98	9 1 0 0 0 0 ,5 1
99	7 0 0 0 0 1 ,13 5
