0	6 0 1 0 1 1 ,5 4,12 2,19 5
3	1 1 0 2 0 0 ,9 3,17 1,39 3
5	15 0 0 0 1 0 ,7 4
6	15 0 0 2 0 0 ,24 3,27 3
9	18 0 0 0 0 1 ,36 5
11	5 2 1 1 0 0 ,13 2,19 1,29 1,34 3
12	7 1 1 0 0 1 ,11 5,23 2,31 1
14	18 1 0 0 0 0 ,36 1
15	11 0 0 1 0 0 ,18 3
16	21 0 0 0 1 0 ,11 4
18	11 1 1 1 1 0 ,0 3,20 4,25 1,27 2
19	12 0 0 0 0 1 ,6 5
20	18 0 0 1 0 0 ,36 3
21	7 1 0 1 1 0 ,0 4,1 3,18 1
22	14 1 1 0 1 0 ,7 4,14 1,30 2
24	11 0 0 0 1 0 ,0 4
25	9 1 0 0 1 0 ,12 4,26 1
26	4 1 0 0 0 1 ,9 1,16 5
28	14 0 1 0 1 1 ,5 4,28 5,33 2
29	12 0 1 1 0 0 ,33 3,37 2
30	14 1 0 0 0 1 ,8 5,30 1
31	6 0 0 0 0 1 ,4 5
32	5 0 1 0 0 1 ,8 2,22 5
34	1 2 1 0 0 1 ,10 1,14 1,20 5,34 2
35	1 1 0 1 2 0 ,2 4,3 1,25 3,34 4
36	7 0 0 0 1 1 ,1 4,23 5
37	6 1 0 0 0 1 ,4 1,8 5
38	15 0 1 0 0 0 ,7 2
40	9 0 0 1 1 0 ,12 3,24 4
41	14 0 0 0 0 2 ,11 5,25 5
42	18 0 0 0 2 0 ,34 4,36 4
44	20 0 0 0 1 0 ,33 4
45	7 1 1 0 0 0 ,16 1,27 2
46	14 0 1 0 0 0 ,13 2
47	14 0 1 0 1 0 ,14 4,33 2
48	9 0 0 1 0 1 ,27 5,31 3
49	21 0 0 1 0 0 ,34 3
50	21 0 0 0 0 1 ,34 5
51	10 1 0 1 1 0 ,6 4,25 3,26 1
52	14 1 0 0 0 0 ,30 1
53	11 0 1 0 1 0 ,2 2,20 4
54	14 0 0 1 0 0 ,5 3
55	2 0 1 0 0 1 ,20 5,32 2
57	11 0 0 0 0 2 ,2 5,13 5
58	18 0 0 1 0 0 ,28 3
59	11 1 0 0 0 2 ,30 5,33 5,38 1
60	19 0 1 0 1 0 ,27 2,33 4
61	14 1 0 0 0 0 ,25 1
62	12 0 0 0 1 0 ,37 4
63	15 1 0 0 0 0 ,7 1
65	2 0 1 1 1 0 ,21 2,37 4,39 3
66	7 2 1 0 0 0 ,7 2,14 1,16 1
67	11 0 0 0 0 1 ,38 5
68	11 0 0 0 0 2 ,27 5,38 5
69	10 0 0 1 0 0 ,26 3
70	21 0 0 0 0 1 ,11 5
71	18 0 1 0 0 0 ,28 2
72	12 0 1 1 0 0 ,6 3,39 2
74	18 0 0 0 0 1 ,8 5
77	18 0 0 1 0 0 ,28 3
78	12 1 0 0 0 1 ,14 5,37 1
79	11 0 1 0 0 0 ,18 2
80	5 0 0 0 0 3 ,15 5,26 5,35 5
82	15 0 0 1 0 1 ,24 3,28 5
83	16 0 1 0 0 0 ,39 2
84	9 1 0 0 1 0 ,31 4,37 1
85	18 1 0 0 0 0 ,36 1
87	14 1 0 1 0 1 ,25 1,35 3,39 5
88	9 2 0 0 0 1 ,5 1,18 5,31 1
89	5 0 1 0 1 2 ,13 5,14 2,24 5,29 4
90	14 0 1 0 1 0 ,7 2,30 4
91	16 1 0 0 0 0 ,39 1
92	14 1 0 0 0 0 ,30 1
93	14 0 0 0 1 0 ,35 4
94	14 0 2 0 0 0 ,11 2,35 2
95	18 0 0 0 1 0 ,36 4
98	18 1 0 0 0 0 ,8 1
99	14 0 1 0 0 0 ,5 2
