0	15 1 0 0 0 0 ,2 1
2	19 0 1 0 0 0 ,19 2
3	9 0 0 0 0 1 ,17 5
10	12 1 0 0 1 0 ,6 1,12 4
13	6 1 0 0 0 2 ,12 5,21 5,22 1
14	6 0 0 1 0 0 ,26 3
16	15 0 0 1 0 0 ,2 3
20	24 0 0 0 0 1 ,14 5
21	6 0 0 1 0 3 ,12 5,16 5,19 3,22 5
22	12 0 0 1 0 0 ,5 3
23	15 0 0 0 1 0 ,13 4
24	15 0 0 1 0 0 ,13 3
25	11 1 1 0 0 0 ,8 2,21 1
27	17 1 0 0 0 0 ,8 1
28	9 0 1 0 1 2 ,6 5,9 4,17 2,29 5
31	9 0 0 0 0 2 ,3 5,14 5
33	12 0 0 0 0 1 ,5 5
34	17 0 0 0 0 1 ,8 5
36	20 0 0 1 0 0 ,16 3
38	24 0 0 0 1 0 ,14 4
39	8 1 0 0 0 0 ,20 1
40	20 1 0 0 0 0 ,16 1
41	2 0 1 0 0 0 ,11 2
42	17 1 1 0 0 0 ,8 2,19 1
43	6 0 1 1 0 0 ,9 3,26 2
44	4 0 1 0 0 1 ,13 5,24 2
45	3 0 0 1 0 0 ,1 3
46	4 1 1 0 0 0 ,12 1,24 2
48	10 0 0 0 0 2 ,19 5,29 5
49	8 0 1 0 1 0 ,16 2,27 4
50	6 2 0 0 1 0 ,12 1,25 4,26 1
51	8 0 1 0 1 0 ,21 2,27 4
52	9 0 0 1 0 1 ,21 3,25 5
54	6 0 1 0 0 0 ,10 2
56	9 0 1 0 0 0 ,17 2
57	6 1 0 1 0 0 ,4 1,19 3
58	19 1 0 0 0 1 ,14 1,19 5
59	6 0 1 0 2 0 ,2 2,10 4,18 4
61	15 0 0 1 1 0 ,2 4,15 3
62	4 0 0 0 1 0 ,7 4
63	20 0 0 0 0 1 ,16 5
64	24 0 0 0 1 0 ,14 4
66	6 1 0 2 0 0 ,13 3,15 3,18 1
67	7 0 1 0 0 0 ,0 2
69	10 1 0 0 0 0 ,9 1
71	3 0 0 1 0 0 ,28 3
73	20 0 0 0 1 0 ,12 4
77	12 0 0 0 0 1 ,6 5
79	6 0 0 0 0 1 ,4 5
80	17 0 1 0 0 0 ,8 2
81	6 1 0 1 0 1 ,2 3,15 5,18 1
83	8 0 1 0 0 0 ,20 2
86	4 0 0 0 1 0 ,23 4
87	17 0 0 0 0 1 ,8 5
89	7 0 0 0 1 2 ,0 5,5 4,20 5
94	10 0 1 0 1 0 ,9 2,16 4
95	24 0 0 0 0 1 ,14 5
96	12 1 0 0 1 0 ,6 1,15 4
97	9 0 0 0 1 0 ,3 4
99	15 0 1 0 0 0 ,2 2
