0	17 1 0 0 0 0 ,12 1
2	12 1 0 0 0 0 ,19 1
4	15 0 1 0 0 0 ,6 2
5	11 0 1 0 0 1 ,7 2,18 5
6	14 0 0 1 0 1 ,1 3,12 5
7	19 0 0 0 1 0 ,17 4
9	15 0 0 0 1 0 ,6 4
12	16 1 1 0 1 0 ,7 1,11 4,15 2
13	14 1 0 0 1 0 ,1 1,23 4
15	17 0 0 0 1 0 ,12 4
16	15 0 0 0 0 1 ,21 5
17	6 1 0 0 0 1 ,2 1,20 5
18	6 1 1 1 0 0 ,4 3,9 1,20 2
19	5 1 2 0 0 0 ,1 1,10 2,12 2
21	19 0 0 0 1 0 ,17 4
22	16 0 1 0 0 0 ,7 2
23	5 1 0 1 0 0 ,10 1,22 3
24	16 0 1 0 0 0 ,0 2
26	16 0 0 1 1 1 ,3 5,4 3,17 4
28	14 0 1 0 0 2 ,15 5,23 2,24 5
29	15 0 0 2 1 0 ,0 3,15 3,21 4
30	14 0 0 2 0 0 ,1 3,3 3
31	5 0 1 0 0 0 ,10 2
32	19 0 0 0 1 0 ,23 4
34	6 0 0 1 0 0 ,9 3
36	2 0 1 1 0 0 ,12 3,16 2
37	11 0 0 0 1 0 ,5 4
39	17 0 1 0 0 0 ,12 2
40	19 0 0 0 1 0 ,23 4
41	11 0 1 0 1 0 ,18 4,20 2
43	8 0 0 0 0 1 ,14 5
44	11 1 1 0 0 0 ,0 1,18 2
46	20 0 0 0 0 1 ,11 5
47	14 0 1 0 0 1 ,7 5,24 2
48	16 1 1 0 0 0 ,3 2,23 1
49	8 0 0 1 0 0 ,22 3
50	14 1 0 0 0 0 ,1 1
51	12 0 1 0 1 0 ,15 4,19 2
53	11 1 0 1 1 1 ,4 1,5 5,6 4,7 3
54	15 0 1 0 0 0 ,6 2
55	18 0 0 0 1 0 ,4 4
56	16 1 0 0 0 0 ,20 1
57	8 0 0 1 0 0 ,14 3
58	15 0 3 0 0 0 ,11 2,20 2,21 2
61	4 0 0 0 2 1 ,4 5,8 4,19 4
62	4 0 0 1 1 1 ,7 3,25 5,26 4
65	6 0 4 0 0 1 ,0 5,9 2,17 2,19 2,24 2
67	6 1 0 0 0 0 ,2 1
68	14 0 0 0 1 0 ,24 4
69	18 0 1 0 0 0 ,4 2
70	6 0 2 0 0 1 ,0 5,2 2,17 2
71	15 0 0 0 2 0 ,20 4,21 4
72	19 0 0 1 1 1 ,17 3,23 4,25 5
76	14 1 0 0 0 0 ,24 1
77	23 0 0 0 0 1 ,25 5
78	16 0 0 0 1 0 ,3 4
80	9 0 0 2 0 0 ,6 3,13 3
81	11 0 1 1 0 0 ,5 2,19 3
82	8 0 1 0 0 0 ,22 2
83	9 0 0 1 0 0 ,13 3
85	16 1 0 0 0 0 ,3 1
86	6 0 1 0 0 0 ,2 2
87	16 1 0 0 0 0 ,3 1
88	9 0 1 1 0 0 ,13 3,25 2
89	20 0 0 0 1 0 ,11 4
92	17 0 0 1 0 1 ,11 5,15 3
94	14 0 0 0 0 1 ,1 5
95	23 0 0 0 1 0 ,25 4
98	23 0 1 0 0 0 ,25 2
