0	9 0 1 1 0 1 ,2 3,7 2,23 5
4	12 0 1 0 1 0 ,14 2,24 4
6	9 1 0 0 0 0 ,23 1
7	12 0 0 0 1 1 ,12 5,14 4
8	7 0 0 0 1 1 ,5 5,27 4
9	9 1 0 0 0 1 ,2 5,23 1
12	9 0 1 1 0 1 ,7 5,19 2,27 3
14	12 1 0 0 0 2 ,10 1,16 5,32 5
15	9 0 1 0 0 0 ,19 2
18	12 1 0 1 0 0 ,16 1,20 3
19	19 1 0 0 0 0 ,12 1
20	21 0 0 0 1 0 ,27 4
24	7 1 0 1 0 1 ,18 5,30 1,31 3
26	6 0 1 0 0 1 ,11 5,25 2
28	2 0 3 0 0 0 ,3 2,23 2,26 2
29	12 0 0 1 0 0 ,10 3
31	20 0 1 0 0 0 ,21 2
33	15 0 0 1 1 1 ,12 4,21 5,31 3
35	7 0 0 1 0 0 ,22 3
36	7 0 0 1 0 0 ,6 3
38	15 0 0 1 0 0 ,31 3
39	12 0 0 1 0 1 ,10 3,14 5
40	2 1 0 1 1 0 ,13 1,21 4,32 3
41	12 0 0 0 1 1 ,16 4,20 5
44	14 0 0 1 0 0 ,7 3
45	10 0 0 0 0 1 ,0 5
47	8 0 0 0 1 0 ,4 4
48	2 1 0 0 0 0 ,13 1
49	21 0 0 0 1 0 ,27 4
50	10 0 1 1 0 0 ,18 2,32 3
51	4 0 0 1 0 0 ,1 3
52	20 0 0 0 1 0 ,21 4
53	18 0 0 0 0 1 ,20 5
54	14 0 0 1 0 0 ,7 3
55	14 0 0 0 0 1 ,29 5
57	5 0 1 0 0 0 ,28 2
58	6 1 1 0 1 0 ,8 2,11 1,32 4
59	7 0 1 2 0 2 ,0 5,12 5,20 3,30 3,32 2
62	21 1 0 0 0 0 ,27 1
63	12 2 0 0 0 0 ,14 1,31 1
64	21 0 0 0 0 1 ,27 5
66	11 1 0 0 0 0 ,8 1
67	12 0 0 0 1 0 ,25 4
70	4 0 0 0 2 1 ,17 4,19 5,24 4
71	14 0 2 0 0 0 ,2 2,29 2
72	11 0 0 0 0 1 ,8 5
73	20 0 0 0 0 1 ,2 5
74	12 1 0 0 0 0 ,25 1
75	7 2 0 0 0 0 ,7 1,30 1
76	5 0 1 0 0 1 ,5 2,9 5
77	5 1 1 0 0 0 ,16 2,28 1
81	14 1 0 0 1 0 ,29 1,31 4
82	14 1 0 0 0 0 ,29 1
83	4 2 0 2 0 0 ,1 1,4 3,18 1,25 3
84	4 0 0 1 1 0 ,15 4,24 3
86	18 0 1 0 0 0 ,20 2
88	11 0 2 0 0 0 ,8 2,25 2
89	8 2 0 0 0 1 ,2 5,4 1,24 1
90	5 2 0 0 1 0 ,12 4,18 1,28 1
91	7 0 1 0 0 1 ,10 5,30 2
92	7 0 0 0 1 0 ,22 4
93	11 0 0 0 1 0 ,3 4
94	10 2 0 0 0 1 ,18 1,21 5,24 1
95	11 1 0 0 0 1 ,3 5,8 1
97	14 0 0 0 0 1 ,29 5
98	7 1 0 0 1 0 ,6 4,31 1
99	5 1 0 0 0 0 ,28 1
