1	3 1 0 0 0 0 ,17 1
2	14 0 0 1 0 0 ,2 3
3	8 0 0 1 1 0 ,11 4,18 3
7	10 1 0 0 0 0 ,16 1
8	15 1 0 0 0 0 ,4 1
11	8 0 0 1 0 0 ,18 3
12	11 0 0 0 1 0 ,9 4
16	10 0 1 0 0 1 ,4 5,19 2
18	10 1 0 0 0 0 ,16 1
20	18 0 0 0 0 1 ,20 5
22	10 0 0 0 1 1 ,8 4,20 5
26	5 0 0 0 0 1 ,0 5
29	4 0 1 0 1 0 ,1 4,19 2
30	18 0 0 1 0 0 ,20 3
32	10 0 1 0 0 0 ,8 2
33	15 0 0 0 1 0 ,4 4
34	8 3 0 0 0 0 ,16 1,18 1,19 1
36	24 0 0 1 0 0 ,11 3
38	10 0 0 0 1 1 ,8 4,11 5
39	15 0 0 0 0 1 ,4 5
40	18 0 1 0 0 0 ,20 2
41	17 0 0 1 0 1 ,11 5,13 3
42	10 0 1 1 0 0 ,2 2,16 3
43	10 0 0 0 0 1 ,19 5
46	10 0 0 1 0 0 ,16 3
47	14 1 0 0 0 0 ,2 1
48	11 1 0 0 0 0 ,9 1
49	6 1 0 0 0 0 ,15 1
51	10 1 0 0 0 0 ,16 1
52	8 1 0 0 0 0 ,10 1
60	24 0 0 1 0 0 ,11 3
61	3 0 0 1 0 0 ,7 3
62	8 0 0 0 1 0 ,10 4
63	17 0 0 0 0 1 ,13 5
65	3 0 1 0 0 0 ,17 2
66	6 0 0 0 1 1 ,11 4,15 5
67	17 0 0 0 0 1 ,13 5
71	14 0 0 0 0 1 ,2 5
73	3 0 0 1 0 0 ,6 3
76	18 0 0 1 0 0 ,20 3
77	11 1 0 0 0 0 ,9 1
78	8 1 0 0 0 0 ,18 1
79	11 0 0 0 0 1 ,9 5
80	5 0 0 0 0 1 ,12 5
82	1 2 0 0 1 0 ,3 1,13 4,14 1
83	4 0 0 0 1 0 ,5 4
90	14 0 0 1 0 0 ,2 3
91	8 0 0 1 0 0 ,10 3
