1	5 0 0 0 0 1 ,13 5
2	14 0 0 2 0 0 ,26 3,27 3
3	6 1 0 0 1 1 ,3 1,6 5,19 4
5	15 0 1 0 0 1 ,8 5,34 2
6	21 0 0 0 1 0 ,0 4
7	17 0 1 0 0 0 ,30 2
8	14 0 0 0 1 1 ,26 4,33 5
9	13 1 1 0 0 0 ,4 2,32 1
12	6 0 1 2 0 0 ,17 3,29 3,35 2
13	9 0 1 2 0 0 ,27 3,28 2,31 3
14	3 1 0 0 1 0 ,4 4,22 1
16	17 0 0 0 1 0 ,20 4
17	15 1 0 0 0 1 ,8 5,10 1
19	17 0 0 1 0 0 ,30 3
20	17 0 0 0 1 0 ,30 4
21	6 3 0 0 0 1 ,3 1,19 1,21 5,25 1
23	13 1 0 0 0 0 ,24 1
24	6 0 2 0 0 0 ,14 2,23 2
25	22 0 0 0 0 1 ,5 5
26	5 0 0 0 1 1 ,1 5,34 4
27	17 0 0 1 0 1 ,30 3,35 5
28	9 0 1 0 2 0 ,8 4,21 4,25 2
29	14 1 0 0 0 1 ,32 1,35 5
33	11 0 0 2 0 1 ,25 3,26 3,27 5
34	7 0 1 0 0 0 ,6 2
35	9 0 1 0 0 0 ,31 2
36	4 0 0 1 0 1 ,11 3,23 5
38	7 1 0 2 0 0 ,18 1,20 3,34 3
39	13 0 1 0 0 0 ,24 2
40	7 0 0 1 1 0 ,5 4,12 3
41	6 0 1 2 1 1 ,3 2,10 3,23 3,25 4,28 5
43	17 0 1 0 0 0 ,30 2
44	11 1 0 0 0 0 ,25 1
46	13 0 0 0 1 0 ,24 4
47	7 0 0 1 0 0 ,18 3
48	15 1 0 0 0 1 ,5 1,28 5
50	1 1 2 0 0 0 ,2 1,10 2,24 2
51	6 0 0 0 1 0 ,14 4
52	22 0 1 0 0 0 ,5 2
53	14 2 1 0 0 1 ,8 5,19 2,20 1,28 1
54	13 0 0 1 1 1 ,0 4,10 5,24 3
55	20 0 1 0 0 0 ,35 2
56	14 0 0 1 0 0 ,27 3
57	7 0 1 1 2 0 ,10 2,12 4,19 4,30 3
59	15 1 0 0 0 0 ,34 1
61	15 1 0 0 0 0 ,28 1
62	13 1 0 0 0 1 ,4 1,26 5
63	8 0 0 1 0 2 ,5 5,15 5,19 3
64	9 0 0 0 1 0 ,31 4
65	6 0 0 1 0 0 ,29 3
66	3 0 1 0 0 0 ,22 2
67	7 0 0 1 0 0 ,18 3
68	4 2 0 0 0 0 ,0 1,11 1
69	13 0 0 0 1 0 ,4 4
70	16 1 0 0 0 0 ,23 1
71	3 0 0 1 0 1 ,0 5,16 3
72	8 0 1 1 1 0 ,15 3,20 2,35 4
73	14 0 0 1 0 1 ,8 5,33 3
74	14 1 0 0 0 0 ,32 1
75	17 0 0 0 1 0 ,20 4
78	15 1 1 1 0 0 ,23 3,28 1,35 2
79	14 1 0 0 0 1 ,32 5,34 1
81	14 0 1 0 0 1 ,26 5,32 2
82	29 0 0 0 0 1 ,8 5
83	14 0 0 1 1 1 ,0 5,26 4,33 3
84	9 0 1 1 0 0 ,4 2,17 3
85	1 1 0 0 1 0 ,7 1,32 4
90	4 0 0 1 2 1 ,5 5,9 4,33 3,34 4
91	21 0 1 0 0 0 ,0 2
93	15 0 1 0 0 0 ,10 2
96	9 0 0 1 0 0 ,17 3
97	6 1 1 0 0 0 ,3 2,24 1
99	16 0 1 1 0 0 ,20 3,23 2
