1	7 1 0 0 0 0 ,11 1
2	14 0 0 0 1 0 ,25 4
3	11 0 0 0 1 0 ,7 4
5	8 0 0 0 1 0 ,16 4
7	10 1 1 0 0 0 ,0 1,25 2
8	10 0 0 0 1 0 ,0 4
10	7 0 0 0 1 0 ,5 4
11	16 1 0 0 0 0 ,24 1
14	7 0 0 0 0 1 ,19 5
18	11 0 0 0 1 0 ,15 4
19	21 0 0 0 1 0 ,2 4
24	8 0 0 0 1 0 ,14 4
25	16 0 0 0 0 1 ,24 5
27	6 0 1 0 2 0 ,17 2,23 4,25 4
28	6 0 0 1 1 0 ,2 4,17 3
29	21 0 0 1 0 0 ,2 3
31	10 2 0 0 0 0 ,0 1,15 1
32	14 0 1 0 0 0 ,6 2
34	9 0 0 2 0 0 ,1 3,22 3
38	8 0 0 0 1 0 ,14 4
39	9 1 0 0 0 1 ,21 5,22 1
41	8 1 0 0 0 0 ,23 1
42	7 0 1 0 0 1 ,2 5,19 2
43	8 0 0 0 0 1 ,3 5
44	16 0 0 0 1 0 ,24 4
45	11 0 1 0 0 0 ,10 2
51	7 1 0 0 1 1 ,10 1,11 4,15 5
52	10 1 0 1 0 1 ,13 1,21 5,25 3
53	5 0 0 2 1 0 ,18 4,22 3,24 3
57	14 1 0 0 0 0 ,25 1
58	1 1 0 0 0 0 ,9 1
59	15 1 0 0 0 0 ,12 1
60	5 1 0 0 0 0 ,18 1
62	11 0 0 0 1 0 ,1 4
63	11 1 0 1 0 0 ,7 1,12 3
64	11 0 0 1 0 1 ,10 5,24 3
65	14 0 0 0 1 0 ,6 4
68	8 1 0 0 0 0 ,16 1
69	11 1 0 0 0 0 ,15 1
70	15 0 0 1 0 0 ,12 3
71	14 0 0 0 0 1 ,6 5
72	7 0 2 0 0 0 ,1 2,11 2
73	10 0 0 0 0 1 ,13 5
74	15 0 0 1 0 0 ,12 3
75	5 0 0 0 0 1 ,4 5
76	8 1 0 1 0 0 ,6 1,16 3
77	11 1 0 1 0 0 ,7 3,12 1
79	10 0 0 0 1 0 ,13 4
80	10 0 0 1 0 0 ,0 3
82	21 0 1 0 0 0 ,2 2
83	10 1 0 0 0 0 ,0 1
87	7 0 1 0 0 0 ,5 2
88	7 1 0 2 0 0 ,2 3,3 3,5 1
89	6 1 0 0 2 0 ,12 4,17 1,21 4
90	8 0 2 0 0 0 ,1 2,23 2
92	2 0 1 0 0 0 ,20 2
93	11 0 0 1 0 0 ,7 3
95	8 1 0 1 0 0 ,10 3,23 1
96	3 0 0 1 0 0 ,8 3
97	14 0 1 0 0 0 ,6 2
99	9 0 1 0 0 0 ,22 2
