0	6 0 1 0 0 0 ,8 2
2	7 0 1 0 0 1 ,0 2,19 5
3	9 1 0 0 0 0 ,5 1
4	16 0 0 1 0 0 ,1 3
6	4 0 1 0 0 0 ,7 2
7	3 1 1 0 0 0 ,5 2,10 1
11	15 0 0 0 1 0 ,11 4
14	18 0 0 0 1 0 ,13 4
15	9 0 1 0 0 0 ,16 2
16	15 1 0 0 0 0 ,11 1
20	9 0 0 1 0 0 ,16 3
21	12 0 0 0 1 0 ,18 4
22	6 0 1 2 0 0 ,4 3,8 2,9 3
23	6 1 0 0 0 0 ,12 1
24	9 1 0 0 1 0 ,4 4,16 1
25	9 1 1 0 0 0 ,6 1,9 2
27	9 1 0 0 0 0 ,16 1
30	15 0 0 2 0 0 ,1 3,9 3
31	4 1 0 0 0 0 ,7 1
32	6 0 0 1 0 1 ,3 3,12 5
33	18 0 0 0 1 0 ,13 4
34	7 0 2 0 0 0 ,11 2,19 2
37	14 0 0 1 1 0 ,0 4,11 3
38	9 0 2 1 1 0 ,0 4,6 2,14 2,15 3
40	11 0 0 1 0 0 ,15 3
41	12 0 1 0 0 0 ,4 2
42	15 0 0 1 1 0 ,9 4,13 3
44	13 0 0 0 1 0 ,14 4
48	11 0 0 1 0 0 ,15 3
54	8 0 0 2 0 0 ,3 3,6 3
55	16 0 0 0 0 1 ,1 5
59	12 0 0 0 1 0 ,18 4
60	6 0 1 0 1 0 ,8 2,18 4
61	9 0 1 0 0 0 ,16 2
62	12 0 0 1 0 0 ,4 3
65	13 0 1 0 0 0 ,14 2
66	14 1 0 0 0 0 ,0 1
67	9 0 0 0 1 0 ,5 4
69	18 0 0 0 1 0 ,13 4
71	16 0 1 0 0 0 ,1 2
72	15 0 0 0 0 1 ,11 5
74	8 0 1 1 0 0 ,15 2,17 3
75	15 0 0 1 0 0 ,9 3
78	8 1 1 1 0 0 ,0 1,3 2,13 3
80	9 0 1 0 0 0 ,5 2
81	4 1 0 1 0 0 ,1 3,7 1
82	14 0 1 0 0 0 ,0 2
84	2 0 1 0 0 0 ,2 2
86	13 1 0 0 0 0 ,14 1
90	3 0 1 0 0 1 ,10 2,17 5
94	9 0 0 1 1 0 ,6 3,14 4
