0	15 1 0 0 0 1 ,27 5,29 1
1	17 0 0 0 2 0 ,2 4,25 4
2	13 1 0 1 1 0 ,21 1,28 3,33 4
3	9 0 0 0 2 1 ,2 5,5 4,31 4
4	8 0 0 1 0 0 ,32 3
5	13 0 0 1 0 0 ,31 3
6	11 1 0 0 0 1 ,22 1,30 5
7	4 1 0 0 0 1 ,7 1,16 5
8	14 0 1 0 1 1 ,0 2,20 4,33 5
9	18 0 1 0 0 0 ,23 2
10	13 1 1 0 0 1 ,17 5,18 1,29 2
11	5 0 1 1 0 1 ,11 2,25 5,26 3
12	11 0 1 0 0 0 ,22 2
15	13 0 0 1 1 0 ,24 3,28 4
16	23 0 0 0 0 1 ,33 5
17	8 0 1 0 2 1 ,0 2,18 5,22 4,32 4
18	20 0 0 0 0 1 ,28 5
19	22 0 0 0 1 0 ,25 4
20	5 1 0 0 0 0 ,11 1
21	13 1 0 0 1 0 ,24 1,37 4
22	13 1 0 0 0 0 ,24 1
23	10 0 0 0 1 0 ,34 4
26	5 0 0 0 0 1 ,4 5
27	13 0 1 0 0 0 ,1 2
29	13 1 1 0 0 0 ,26 2,37 1
31	18 0 1 0 0 0 ,20 2
32	2 1 0 0 0 0 ,15 1
33	13 1 0 0 1 0 ,18 4,37 1
34	13 1 0 2 1 0 ,18 1,21 4,25 3,37 3
36	11 1 1 0 1 0 ,8 1,21 4,27 2
37	21 0 0 0 1 0 ,26 4
38	13 0 0 0 0 1 ,1 5
39	13 1 0 0 0 0 ,17 1
40	2 1 1 0 0 0 ,5 1,35 2
41	13 1 0 1 1 0 ,17 3,21 1,23 4
45	9 1 1 0 0 1 ,0 5,17 2,36 1
46	18 0 0 0 0 1 ,27 5
47	18 0 0 0 1 0 ,23 4
48	4 0 0 2 0 1 ,7 3,10 5,24 3
50	4 0 0 0 2 0 ,9 4,34 4
52	18 0 0 1 0 0 ,20 3
54	10 2 0 0 0 0 ,3 1,25 1
56	21 0 0 1 0 0 ,26 3
57	22 0 0 0 0 1 ,25 5
58	12 0 1 0 0 0 ,30 2
59	14 0 0 0 1 1 ,0 5,29 4
60	13 0 0 2 0 0 ,1 3,28 3
61	11 0 0 0 1 0 ,22 4
63	15 0 1 0 0 1 ,26 5,29 2
64	21 0 0 0 1 0 ,26 4
65	10 0 1 0 2 0 ,3 4,27 2,33 4
68	9 1 0 1 1 0 ,1 3,27 4,36 1
69	18 0 0 1 0 0 ,20 3
71	9 1 0 0 1 0 ,5 4,17 1
72	12 0 0 1 1 1 ,28 5,29 4,30 3
73	6 1 0 1 0 1 ,2 5,8 1,14 3
74	16 0 1 0 0 1 ,2 2,18 5
76	5 0 1 0 0 0 ,11 2
77	13 0 0 1 0 0 ,24 3
79	6 1 0 0 0 0 ,14 1
80	10 0 0 0 1 1 ,16 5,33 4
81	9 1 2 0 1 0 ,29 2,31 2,33 1,36 4
82	3 1 0 2 0 1 ,19 3,20 5,32 1,37 3
85	10 1 1 0 0 0 ,20 1,34 2
86	1 2 1 0 0 0 ,12 1,17 1,30 2
87	2 0 1 0 0 1 ,6 2,8 5
88	9 0 0 1 0 0 ,36 3
89	2 1 0 0 0 0 ,15 1
90	6 0 1 2 0 0 ,10 3,14 2,23 3
91	11 2 0 0 1 0 ,2 1,8 4,31 1
94	5 1 1 0 0 2 ,3 5,13 5,24 2,37 1
96	18 0 0 0 0 1 ,23 5
97	13 0 0 2 0 0 ,21 3,31 3
