0	21 0 0 0 0 1 ,10 5
2	13 1 2 0 0 0 ,10 1,12 2,18 2
3	18 0 0 0 1 0 ,2 4
4	10 0 0 1 0 0 ,17 3
5	18 0 0 1 0 0 ,0 3
6	2 0 1 0 0 0 ,30 2
7	4 0 0 0 1 0 ,27 4
8	9 0 1 0 0 1 ,3 5,31 2
9	8 1 0 0 0 0 ,23 1
11	19 0 0 0 0 1 ,1 5
12	4 0 0 0 2 2 ,2 5,4 4,11 5,19 4
14	16 0 0 1 1 0 ,13 3,29 4
15	3 0 1 2 1 1 ,7 3,10 5,18 3,23 2,26 4
19	21 0 0 1 0 0 ,10 3
21	19 0 0 0 0 1 ,20 5
24	16 0 1 0 0 0 ,31 2
25	7 1 0 0 1 1 ,0 5,25 1,31 4
27	18 1 0 0 0 0 ,6 1
28	15 0 1 0 1 0 ,8 4,20 2
31	19 0 0 0 0 1 ,20 5
32	5 1 0 0 1 0 ,14 1,20 4
33	22 0 0 0 1 0 ,26 4
36	9 0 0 1 0 2 ,6 3,16 5,28 5
37	4 0 1 1 1 0 ,2 2,24 4,28 3
38	10 0 0 0 0 2 ,22 5,29 5
39	9 0 0 1 0 1 ,6 5,16 3
41	19 0 0 0 1 0 ,4 4
42	4 1 0 0 0 0 ,5 1
43	9 0 1 0 1 0 ,3 2,10 4
44	2 0 1 0 0 0 ,21 2
45	19 0 0 0 1 0 ,29 4
46	5 0 1 0 0 1 ,0 5,14 2
47	16 0 0 2 0 1 ,12 5,20 3,31 3
48	16 0 0 1 0 0 ,13 3
53	18 0 0 0 1 1 ,1 4,2 5
54	10 1 1 0 0 1 ,12 5,17 1,22 2
55	10 0 0 0 0 1 ,17 5
56	22 0 0 0 0 1 ,26 5
57	18 0 0 0 1 0 ,12 4
58	18 0 0 0 0 1 ,6 5
59	19 0 0 0 0 1 ,1 5
60	10 0 0 2 0 0 ,10 3,22 3
61	13 0 1 0 0 1 ,18 2,28 5
63	5 1 1 0 0 0 ,14 2,31 1
64	13 0 1 0 0 0 ,18 2
65	16 0 0 0 1 0 ,31 4
66	15 0 0 0 1 0 ,8 4
68	22 0 0 0 1 0 ,26 4
69	13 0 0 1 0 0 ,18 3
70	13 1 0 0 0 0 ,18 1
71	4 1 0 1 0 0 ,5 3,16 1
72	8 0 0 0 0 1 ,15 5
73	15 0 0 1 0 0 ,8 3
76	7 0 1 0 0 0 ,25 2
77	9 1 0 0 0 1 ,1 5,3 1
78	8 0 2 1 0 0 ,2 2,13 2,23 3
79	7 1 0 0 1 0 ,3 1,25 4
80	18 0 1 0 0 0 ,12 2
81	19 0 0 0 1 0 ,4 4
82	18 0 0 2 0 0 ,0 3,28 3
83	8 0 1 1 2 1 ,4 2,6 4,13 4,15 3,28 5
86	24 0 0 1 0 0 ,28 3
87	3 0 0 1 1 0 ,9 3,13 4
89	10 2 0 0 0 1 ,8 1,17 1,29 5
92	8 0 1 0 0 0 ,23 2
96	18 1 1 0 0 0 ,0 2,29 1
97	22 0 0 0 0 1 ,26 5
98	19 0 0 0 0 1 ,4 5
99	15 0 0 1 0 0 ,8 3
