0	6 0 0 1 1 0 ,17 3,28 4
1	14 0 0 0 0 1 ,19 5
2	5 0 0 1 0 1 ,3 5,32 3
3	20 0 0 0 1 1 ,27 5,29 4
4	25 0 0 0 0 1 ,29 5
6	8 0 0 0 0 1 ,8 5
10	2 0 1 0 0 0 ,21 2
13	11 0 0 1 0 1 ,7 5,9 3
16	17 1 0 0 0 0 ,7 1
17	14 0 2 0 0 0 ,18 2,19 2
18	10 1 0 0 1 0 ,13 4,26 1
19	6 0 0 2 0 0 ,17 3,32 3
20	14 0 0 1 0 0 ,19 3
22	17 1 0 0 0 1 ,7 1,29 5
23	13 1 0 0 1 0 ,19 1,31 4
26	19 0 1 0 0 1 ,27 2,28 5
27	8 0 0 0 2 1 ,1 4,18 4,29 5
29	14 0 1 1 0 0 ,7 2,12 3
31	23 0 0 0 0 1 ,10 5
32	20 0 1 0 0 0 ,27 2
33	19 0 0 0 0 1 ,28 5
34	3 0 0 3 1 0 ,10 4,11 3,23 3,24 3
36	5 0 0 0 0 1 ,2 5
37	14 1 0 0 1 0 ,5 4,12 1
41	12 1 0 0 0 0 ,32 1
42	8 0 0 1 0 0 ,8 3
43	9 0 1 0 0 1 ,13 2,16 5
44	2 3 1 1 0 0 ,5 1,15 1,23 3,26 1,30 2
49	3 0 0 1 0 1 ,9 5,25 3
50	5 0 0 0 0 2 ,7 5,22 5
52	14 0 0 1 0 0 ,23 3
53	4 0 0 2 1 0 ,6 3,16 4,27 3
54	11 0 0 0 0 1 ,26 5
56	19 0 0 1 1 0 ,10 4,28 3
57	10 0 0 2 1 0 ,12 3,18 4,24 3
58	13 1 0 1 0 0 ,27 3,31 1
59	4 0 0 0 1 0 ,4 4
61	10 0 0 0 1 0 ,24 4
62	14 0 0 0 0 1 ,23 5
63	8 1 1 0 0 0 ,1 1,28 2
64	13 0 0 0 1 0 ,31 4
66	14 0 0 1 0 1 ,12 5,19 3
67	14 1 0 0 0 0 ,5 1
68	10 0 0 0 1 2 ,5 5,13 4,18 5
69	14 1 0 1 0 0 ,12 1,29 3
72	17 0 0 1 0 0 ,7 3
73	5 0 0 1 0 1 ,15 3,20 5
74	8 0 0 0 1 0 ,0 4
76	25 0 0 1 0 0 ,29 3
79	12 0 0 0 1 0 ,32 4
80	8 0 1 0 0 0 ,1 2
82	23 0 0 1 0 0 ,10 3
84	12 1 0 0 0 1 ,27 5,32 1
85	14 1 0 0 0 0 ,12 1
86	13 0 0 0 1 0 ,31 4
88	4 1 0 0 2 0 ,6 1,10 4,26 4
91	8 1 0 0 1 0 ,1 1,18 4
92	9 1 0 2 0 0 ,5 3,10 3,15 1
95	8 0 0 0 2 0 ,0 4,15 4
97	11 0 0 1 0 0 ,9 3
99	2 0 1 0 0 0 ,14 2
