0	4 0 1 1 0 0 ,25 3,26 2
1	24 0 0 0 0 1 ,8 5
2	18 0 0 1 0 0 ,2 3
3	12 1 0 0 0 0 ,19 1
5	16 0 0 0 1 0 ,12 4
6	7 0 0 1 0 1 ,16 3,28 5
7	12 0 0 0 1 2 ,6 5,19 4,23 5
8	18 1 0 0 0 0 ,6 1
12	4 1 1 0 0 0 ,4 1,14 2
13	5 0 1 0 0 1 ,11 5,17 2
15	12 0 0 0 1 0 ,19 4
16	12 0 0 1 0 0 ,7 3
17	8 0 0 0 2 0 ,2 4,22 4
18	18 0 0 1 0 0 ,6 3
20	4 0 1 1 1 0 ,22 4,23 3,26 2
22	12 0 0 1 1 0 ,5 3,11 4
23	4 0 0 0 1 0 ,9 4
25	18 1 0 0 0 0 ,2 1
26	12 0 1 0 1 1 ,7 2,11 4,13 5
27	11 1 0 1 0 0 ,3 1,25 3
28	12 0 1 0 1 0 ,7 2,24 4
29	17 0 0 0 1 0 ,15 4
31	12 1 0 0 0 0 ,5 1
32	9 0 1 0 0 0 ,14 2
33	16 0 1 0 0 0 ,12 2
34	18 0 0 1 0 0 ,6 3
38	5 1 0 1 1 1 ,8 5,13 1,17 3,18 4
39	9 0 0 1 1 0 ,6 4,14 3
40	12 0 1 0 0 0 ,5 2
41	13 1 0 0 0 1 ,3 5,24 1
42	10 0 2 1 0 0 ,10 2,13 2,24 3
43	12 1 0 0 0 0 ,19 1
44	4 1 0 0 0 0 ,4 1
45	4 1 1 0 1 1 ,3 4,4 2,8 5,23 1
47	9 0 0 1 1 1 ,10 5,12 4,21 3
49	13 0 0 1 0 0 ,24 3
50	9 0 2 0 0 0 ,5 2,21 2
52	16 0 1 0 0 0 ,20 2
57	9 1 1 1 0 0 ,5 1,14 2,15 3
58	13 0 1 0 1 0 ,13 4,24 2
59	5 0 1 0 1 1 ,1 5,15 2,27 4
61	18 1 0 0 0 0 ,13 1
63	17 1 0 0 0 0 ,15 1
65	24 0 0 0 0 1 ,8 5
67	18 0 0 0 1 0 ,2 4
68	12 1 0 1 0 0 ,5 3,12 1
69	8 0 0 0 0 1 ,16 5
70	16 0 0 0 1 0 ,12 4
71	13 0 0 0 1 0 ,27 4
72	17 1 0 0 0 0 ,23 1
73	16 0 0 0 0 1 ,20 5
74	17 0 0 0 1 0 ,23 4
76	18 0 0 0 0 1 ,3 5
77	13 0 0 0 0 2 ,2 5,27 5
78	17 0 0 1 0 0 ,15 3
79	4 0 0 0 1 0 ,0 4
80	12 0 1 0 0 0 ,19 2
81	7 0 1 0 0 0 ,28 2
82	16 0 0 1 1 0 ,20 4,23 3
83	9 0 0 1 0 0 ,18 3
85	24 0 0 0 1 0 ,8 4
86	17 0 0 0 1 0 ,15 4
91	11 1 0 0 1 0 ,2 1,25 4
92	9 0 1 0 0 0 ,18 2
93	9 1 0 0 1 1 ,12 1,13 5,21 4
96	12 0 0 0 0 1 ,7 5
98	11 1 0 1 0 0 ,3 3,25 1
99	10 0 1 1 0 1 ,6 2,10 3,20 5
