0	19 0 0 1 0 0 ,3 3
1	10 0 0 1 1 0 ,2 3,13 4
3	10 0 0 0 0 1 ,4 5
5	4 1 0 1 0 0 ,3 3,8 1
9	1 1 0 0 0 0 ,7 1
11	17 0 0 1 0 1 ,11 5,19 3
12	11 0 0 1 1 0 ,12 3,17 4
14	3 0 0 1 1 0 ,9 3,17 4
17	13 0 0 1 0 0 ,6 3
21	13 1 0 0 0 0 ,6 1
23	19 0 0 0 0 1 ,11 5
24	10 0 1 0 0 1 ,5 5,13 2
25	19 0 1 0 0 0 ,11 2
27	7 1 0 1 0 0 ,2 1,10 3
28	16 0 0 0 0 1 ,5 5
29	10 0 0 0 1 0 ,4 4
30	19 0 0 0 1 0 ,3 4
32	10 0 1 0 1 0 ,1 4,16 2
33	19 0 0 0 1 0 ,3 4
35	20 0 1 0 0 0 ,18 2
36	10 0 0 1 1 0 ,1 4,3 3
38	4 1 0 0 0 1 ,6 5,8 1
39	17 0 0 0 1 0 ,19 4
43	13 0 0 0 1 0 ,6 4
46	19 0 0 1 0 0 ,11 3
48	20 0 0 0 0 1 ,18 5
49	17 0 1 0 0 0 ,19 2
50	15 0 0 1 0 0 ,17 3
55	6 2 0 0 1 1 ,0 5,11 1,18 4,19 1
57	15 0 1 0 1 0 ,17 2,18 4
58	11 0 0 0 1 0 ,12 4
60	16 0 1 0 0 0 ,2 2
61	4 0 1 0 1 0 ,8 2,20 4
62	19 0 0 1 0 0 ,11 3
64	11 0 0 1 0 0 ,12 3
68	20 0 0 0 1 0 ,18 4
70	11 0 0 0 0 1 ,16 5
73	6 1 0 0 0 0 ,0 1
74	10 0 0 0 1 0 ,13 4
75	16 0 0 0 0 1 ,5 5
78	16 0 0 0 0 1 ,2 5
80	17 0 0 0 1 0 ,19 4
81	11 0 0 0 1 0 ,16 4
83	20 1 0 0 0 0 ,18 1
84	10 0 1 0 0 1 ,1 2,2 5
85	3 0 0 1 0 0 ,15 3
86	19 0 1 0 0 0 ,3 2
92	10 1 1 0 0 0 ,4 1,17 2
96	3 1 0 1 1 0 ,5 1,10 4,14 3
98	11 1 0 0 0 0 ,12 1
99	17 0 0 1 0 0 ,19 3
