0	14 0 0 0 1 0 ,13 4
2	7 0 1 0 0 0 ,19 2
4	5 0 0 0 0 1 ,26 5
7	5 0 2 0 0 0 ,1 2,6 2
8	20 0 0 0 0 1 ,11 5
9	4 0 0 0 1 0 ,27 4
10	7 0 1 0 0 0 ,24 2
11	7 1 0 1 0 0 ,23 3,30 1
16	14 1 0 0 0 0 ,17 1
17	14 0 1 0 0 0 ,31 2
18	12 0 0 1 1 0 ,14 3,31 4
19	14 1 0 0 1 0 ,13 4,18 1
20	12 1 0 1 0 0 ,14 3,21 1
21	14 0 0 0 0 1 ,31 5
23	20 0 0 0 1 0 ,25 4
24	10 0 1 0 0 0 ,4 2
25	6 0 0 3 0 0 ,5 3,28 3,29 3
26	20 1 0 0 0 0 ,25 1
28	9 1 0 1 0 0 ,12 3,13 1
29	14 0 1 0 0 0 ,9 2
31	7 1 0 0 0 0 ,24 1
33	6 0 0 0 0 1 ,20 5
35	13 0 1 0 0 1 ,9 5,15 2
36	3 0 0 2 0 2 ,3 3,8 3,10 5,23 5
38	11 1 0 0 0 0 ,10 1
39	14 0 1 1 0 1 ,9 3,11 5,25 2
40	6 1 1 0 1 0 ,13 2,20 1,24 4
41	14 0 1 0 0 0 ,8 2
42	11 2 0 0 0 0 ,10 1,15 1
43	9 0 0 1 0 0 ,12 3
44	10 0 1 0 0 1 ,1 2,4 5
45	14 0 0 1 0 2 ,0 5,11 5,31 3
47	8 2 0 0 1 0 ,5 1,14 1,15 4
48	3 0 1 1 0 0 ,9 3,22 2
51	19 0 0 1 1 0 ,23 3,25 4
52	11 0 0 0 1 0 ,10 4
53	3 1 1 0 0 0 ,22 1,28 2
54	15 1 1 0 0 0 ,1 1,28 2
55	7 0 0 0 0 1 ,19 5
58	17 0 0 1 0 1 ,18 3,25 5
60	15 0 0 0 2 0 ,1 4,28 4
61	17 0 0 0 0 1 ,18 5
63	14 0 1 1 0 0 ,8 2,21 3
65	12 0 0 0 1 1 ,0 5,14 4
66	20 0 0 1 0 0 ,11 3
68	14 1 0 0 0 0 ,9 1
69	14 0 1 1 0 0 ,8 2,23 3
70	4 0 1 0 1 0 ,1 2,16 4
73	7 0 1 2 0 0 ,0 3,4 2,30 3
76	14 0 1 0 0 1 ,17 5,21 2
77	2 0 1 1 1 0 ,5 3,7 2,17 4
79	15 0 1 0 0 0 ,28 2
80	9 0 0 1 0 0 ,12 3
81	12 1 0 0 1 0 ,14 1,17 4
82	6 0 0 1 0 1 ,23 5,29 3
83	17 0 0 0 1 0 ,18 4
84	13 0 0 1 2 0 ,15 4,18 3,25 4
86	14 0 0 0 0 1 ,8 5
87	7 0 0 1 0 1 ,1 5,30 3
88	20 0 1 0 0 0 ,11 2
89	22 0 0 0 1 0 ,0 4
92	15 0 1 0 0 0 ,28 2
93	14 1 0 1 0 1 ,0 1,13 3,21 5
94	8 2 0 0 0 0 ,5 1,18 1
95	13 0 1 0 0 0 ,15 2
96	5 0 0 2 0 0 ,6 3,21 3
98	10 1 0 0 0 0 ,4 1
99	4 0 0 0 2 0 ,0 4,2 4
