0	3 1 0 0 1 0 ,13 4,20 1
1	10 0 1 0 0 0 ,11 2
2	17 0 0 1 0 0 ,0 3
4	17 0 2 0 0 0 ,0 2,22 2
6	1 1 0 0 0 0 ,2 1
8	10 0 0 1 0 0 ,14 3
10	16 0 0 0 1 0 ,7 4
12	5 0 1 1 0 0 ,10 2,11 3
13	17 1 0 0 0 0 ,22 1
17	23 0 0 0 1 0 ,18 4
18	11 0 1 0 0 0 ,4 2
19	16 0 1 0 0 0 ,7 2
22	10 0 0 1 0 1 ,13 5,14 3
26	19 0 0 0 0 1 ,6 5
27	17 0 1 0 0 0 ,0 2
28	5 0 0 0 1 1 ,1 4,13 5
29	5 0 0 2 1 0 ,9 3,10 3,12 4
30	19 0 0 1 0 0 ,6 3
32	5 0 0 0 0 1 ,3 5
33	12 0 2 1 1 0 ,0 3,7 2,9 4,22 2
36	23 0 0 0 0 1 ,18 5
37	17 0 0 0 0 1 ,0 5
39	16 0 0 1 0 0 ,19 3
40	3 0 1 1 0 0 ,16 3,20 2
42	6 0 1 0 0 0 ,8 2
43	19 0 0 0 1 0 ,6 4
45	11 1 0 0 0 0 ,4 1
46	17 0 1 0 0 0 ,0 2
47	16 0 0 1 1 1 ,7 4,19 3,22 5
49	12 0 1 0 0 0 ,5 2
51	16 0 0 1 0 0 ,7 3
53	5 1 0 1 0 0 ,12 1,18 3
54	10 0 0 0 0 1 ,11 5
55	17 1 0 0 0 0 ,15 1
56	17 1 0 0 0 1 ,6 5,15 1
57	12 1 0 0 0 0 ,9 1
58	17 0 0 0 0 1 ,15 5
59	5 1 0 0 0 0 ,1 1
61	23 0 0 1 0 0 ,18 3
63	11 0 0 1 0 1 ,4 3,22 5
64	16 0 0 0 0 1 ,19 5
65	23 0 0 0 1 0 ,18 4
67	6 0 0 1 1 0 ,13 4,21 3
72	4 1 0 0 0 0 ,16 1
73	12 0 1 0 1 0 ,9 2,18 4
74	17 0 0 0 0 1 ,15 5
75	26 0 0 1 0 0 ,13 3
76	12 0 1 1 0 0 ,5 3,9 2
82	6 0 0 0 1 0 ,8 4
83	10 0 0 0 1 1 ,14 4,19 5
84	17 0 0 0 0 1 ,15 5
86	19 0 1 0 0 0 ,6 2
89	11 0 0 0 0 1 ,4 5
90	26 0 0 0 0 1 ,13 5
92	12 0 0 0 1 0 ,5 4
94	6 0 0 1 0 0 ,21 3
96	2 0 2 0 0 0 ,17 2,22 2
98	12 1 0 1 0 0 ,5 3,7 1
