0	14 1 1 0 0 0 ,15 2,20 1
1	4 0 0 1 0 0 ,11 3
2	18 0 1 0 0 0 ,20 2
3	14 0 0 0 0 1 ,15 5
4	16 0 1 0 0 1 ,17 2,21 5
5	17 0 0 0 1 0 ,21 4
6	1 1 0 0 0 0 ,9 1
7	7 1 0 0 0 0 ,6 1
8	17 0 0 0 0 1 ,16 5
9	8 0 0 1 0 0 ,2 3
10	13 0 1 1 0 0 ,10 2,13 3
11	2 0 1 0 0 2 ,16 5,18 2,20 5
12	18 0 0 1 0 0 ,24 3
14	2 0 1 0 0 0 ,3 2
15	16 0 0 1 0 0 ,17 3
18	5 0 0 0 0 1 ,23 5
20	17 1 0 0 0 0 ,16 1
21	8 0 0 0 1 0 ,12 4
22	17 1 0 0 0 0 ,13 1
23	8 0 0 0 1 0 ,12 4
26	14 0 1 0 0 1 ,1 2,15 5
27	13 0 0 1 0 0 ,10 3
28	16 0 1 0 0 1 ,0 5,24 2
30	7 0 0 1 0 0 ,6 3
32	17 0 0 1 0 1 ,16 5,24 3
33	17 0 0 0 1 0 ,13 4
34	8 0 0 0 0 1 ,2 5
35	18 0 1 0 0 0 ,20 2
36	11 0 0 0 0 2 ,19 5,20 5
37	16 1 0 0 0 0 ,17 1
38	16 0 0 0 1 0 ,0 4
41	11 0 0 0 0 1 ,19 5
43	4 0 0 0 1 0 ,8 4
44	17 1 0 0 0 1 ,7 5,16 1
46	14 0 1 0 0 0 ,15 2
48	17 1 0 0 0 0 ,21 1
49	16 1 0 0 0 0 ,0 1
51	17 1 0 0 0 0 ,13 1
53	17 0 0 0 0 1 ,13 5
54	16 0 1 0 0 0 ,17 2
56	16 0 1 0 0 0 ,0 2
57	13 0 0 0 1 0 ,10 4
58	4 0 0 1 0 0 ,5 3
59	18 1 0 1 0 0 ,20 3,24 1
61	13 1 0 0 0 0 ,10 1
62	4 1 0 0 0 0 ,11 1
63	17 0 0 1 0 0 ,21 3
64	7 0 0 1 0 0 ,6 3
65	16 1 0 1 1 0 ,0 1,7 3,24 4
67	18 0 1 0 0 0 ,1 2
71	13 0 1 1 0 0 ,10 3,21 2
72	4 1 0 0 0 0 ,5 1
73	17 0 1 0 1 0 ,1 4,21 2
74	11 1 0 1 0 0 ,0 3,19 1
75	5 0 0 1 0 1 ,7 3,14 5
78	16 0 0 2 0 0 ,7 3,17 3
85	18 0 0 0 0 1 ,24 5
88	17 0 0 1 0 1 ,1 5,13 3
90	1 1 0 0 0 1 ,4 5,22 1
91	18 1 0 0 1 0 ,1 4,7 1
95	20 0 0 0 0 1 ,7 5
97	18 1 0 0 0 0 ,1 1
99	16 0 0 0 0 1 ,17 5
