0	12 0 0 0 1 0 ,0 4
1	25 0 0 0 0 1 ,17 5
2	10 1 0 0 0 0 ,16 1
4	12 0 1 0 0 1 ,3 2,18 5
6	17 0 0 0 1 0 ,21 4
7	11 0 0 0 0 1 ,19 5
10	18 0 1 0 0 0 ,6 2
11	6 1 1 0 1 0 ,15 4,19 2,20 1
12	23 0 0 1 0 0 ,5 3
13	15 1 0 0 0 0 ,18 1
14	10 0 0 1 0 1 ,11 3,12 5
15	11 0 0 0 1 1 ,2 5,7 4
19	20 0 0 0 0 1 ,12 5
21	5 1 0 1 1 1 ,1 3,4 5,9 1,22 4
22	20 1 0 0 0 0 ,2 1
23	11 0 1 0 0 0 ,13 2
24	5 0 2 0 1 1 ,2 5,5 4,14 2,15 2
28	15 0 1 0 0 0 ,18 2
29	18 0 1 0 0 0 ,6 2
31	10 1 0 0 0 1 ,3 5,20 1
34	18 0 0 2 0 0 ,2 3,6 3
35	12 0 0 1 0 0 ,3 3
36	20 0 0 0 0 1 ,12 5
37	12 0 0 1 0 0 ,0 3
38	12 1 0 0 1 0 ,0 1,21 4
40	12 0 1 0 0 0 ,1 2
41	10 0 0 0 0 1 ,11 5
45	25 0 0 0 0 1 ,17 5
46	11 0 1 2 0 0 ,9 3,17 2,19 3
48	17 1 0 0 0 0 ,21 1
49	13 1 0 0 0 0 ,4 1
50	11 1 1 0 0 0 ,5 2,19 1
52	15 1 0 0 0 0 ,18 1
53	10 0 1 0 0 0 ,20 2
58	10 0 1 0 0 0 ,11 2
59	7 0 0 1 1 1 ,6 4,9 5,10 3
60	12 0 1 1 0 0 ,1 2,17 3
61	15 0 1 0 0 1 ,5 5,18 2
62	11 0 0 0 0 1 ,13 5
64	17 0 0 0 0 1 ,21 5
65	6 0 0 0 1 0 ,8 4
67	25 0 0 0 0 1 ,17 5
68	11 0 1 1 1 0 ,4 4,13 2,21 3
69	20 0 0 0 1 0 ,12 4
71	5 1 1 0 1 0 ,7 4,9 2,22 1
73	12 0 0 0 1 0 ,0 4
76	7 0 0 0 1 1 ,10 4,17 5
78	15 0 0 0 1 0 ,18 4
80	10 0 0 0 1 0 ,16 4
81	11 0 0 1 0 0 ,7 3
83	12 0 1 0 0 0 ,3 2
84	10 0 0 0 0 1 ,20 5
85	12 0 0 1 0 1 ,1 5,4 3
86	12 1 0 0 0 0 ,9 1
87	11 0 1 0 0 0 ,13 2
89	5 1 1 1 0 0 ,8 2,12 1,14 3
92	20 0 0 0 1 0 ,2 4
93	10 1 0 0 0 0 ,20 1
94	18 0 0 0 1 1 ,5 5,6 4
95	18 0 0 1 0 0 ,6 3
96	10 0 0 0 0 1 ,16 5
99	20 0 1 0 1 0 ,2 2,5 4
