0	17 0 1 0 1 0 ,3 4,4 2
1	17 0 1 0 0 0 ,4 2
2	9 0 0 0 0 1 ,29 5
3	3 0 0 1 0 0 ,8 3
4	7 0 1 0 0 0 ,9 2
5	5 1 0 1 1 0 ,2 4,7 1,20 3
6	7 1 0 1 0 0 ,0 1,17 3
8	11 0 0 0 1 0 ,18 4
10	1 1 0 1 0 0 ,15 3,25 1
12	4 0 1 0 0 0 ,27 2
13	9 0 1 0 0 0 ,31 2
14	16 0 0 1 0 0 ,7 3
15	13 0 1 0 0 0 ,0 2
16	18 0 0 0 0 1 ,23 5
18	11 1 0 0 0 0 ,26 1
19	10 1 1 0 0 1 ,0 1,2 2,12 5
20	2 0 1 0 0 0 ,32 2
21	17 0 0 1 0 0 ,4 3
22	7 0 0 0 1 0 ,17 4
23	7 1 0 0 0 0 ,9 1
24	1 1 0 0 0 0 ,11 1
25	5 0 3 1 0 0 ,1 2,2 3,12 2,20 2
26	15 0 0 0 0 1 ,33 5
28	11 0 0 0 1 1 ,0 5,26 4
29	16 1 0 0 0 0 ,13 1
30	9 0 1 0 0 1 ,28 5,31 2
33	11 2 0 0 0 0 ,14 1,28 1
34	16 0 0 1 0 0 ,13 3
35	14 0 0 1 0 0 ,28 3
36	17 0 0 0 0 1 ,4 5
37	17 0 0 0 0 1 ,15 5
38	2 0 1 0 0 0 ,16 2
39	10 0 0 0 0 1 ,19 5
40	19 1 0 0 0 0 ,3 1
41	4 0 1 1 0 1 ,6 2,12 3,33 5
42	4 0 1 0 0 1 ,18 5,27 2
43	11 1 0 0 0 0 ,26 1
45	7 0 0 0 1 0 ,30 4
46	11 0 1 0 0 0 ,14 2
49	17 0 1 0 0 0 ,2 2
51	11 1 0 1 0 1 ,1 5,4 3,14 1
52	14 0 0 2 0 0 ,7 3,28 3
53	11 0 0 1 1 0 ,7 3,14 4
54	14 1 0 0 0 0 ,28 1
56	4 0 1 0 1 0 ,15 2,22 4
57	10 0 0 0 1 1 ,19 5,26 4
59	11 1 1 0 0 0 ,13 2,26 1
60	11 0 0 1 0 0 ,14 3
61	3 0 1 1 2 0 ,3 4,9 4,21 3,23 2
62	16 1 0 0 0 1 ,7 5,23 1
64	16 0 0 0 1 0 ,1 4
67	17 0 0 0 1 0 ,15 4
68	13 0 1 0 2 0 ,0 2,1 4,23 4
69	3 0 0 1 1 2 ,2 4,5 5,10 3,31 5
70	16 0 1 0 0 0 ,13 2
71	15 1 1 0 0 0 ,1 1,33 2
72	11 0 1 1 0 0 ,3 3,18 2
75	7 0 2 0 0 0 ,0 2,30 2
76	19 0 0 0 0 1 ,3 5
79	18 0 0 1 0 0 ,23 3
80	15 1 0 0 0 0 ,33 1
83	19 0 1 0 0 0 ,3 2
84	14 1 1 0 0 0 ,28 1,33 2
85	16 0 0 0 0 1 ,13 5
87	4 0 1 0 0 0 ,6 2
89	17 0 1 0 0 0 ,2 2
90	17 0 1 0 0 0 ,4 2
91	7 1 0 0 0 0 ,30 1
92	16 1 0 0 0 0 ,7 1
94	9 0 0 0 1 0 ,29 4
95	17 0 0 1 0 0 ,15 3
96	1 1 0 1 0 0 ,13 3,24 1
98	18 0 0 1 0 0 ,23 3
