0	8 0 0 1 0 0 ,19 3
1	19 0 1 0 0 0 ,1 2
2	6 0 2 1 0 0 ,10 3,18 2,26 2
3	17 0 0 0 2 0 ,29 4,30 4
4	14 0 0 0 0 1 ,22 5
5	18 1 0 0 1 0 ,13 1,24 4
6	19 0 0 1 0 0 ,13 3
7	13 1 0 0 0 0 ,7 1
8	8 0 1 0 0 0 ,19 2
9	9 0 0 1 0 0 ,28 3
11	11 0 0 0 1 0 ,18 4
12	5 1 1 0 0 0 ,2 2,16 1
13	18 1 0 0 0 0 ,24 1
16	14 1 0 0 1 0 ,11 1,24 4
17	13 0 1 0 1 1 ,7 2,17 4,20 5
18	6 1 0 0 0 1 ,24 5,26 1
19	13 0 1 1 1 0 ,7 4,10 2,22 3
20	19 0 0 0 0 1 ,13 5
24	19 0 0 1 0 0 ,10 3
25	5 2 0 0 0 1 ,3 5,19 1,30 1
26	24 0 0 0 1 0 ,4 4
27	10 0 0 0 2 0 ,1 4,15 4
29	14 0 0 0 1 0 ,22 4
30	14 0 1 0 1 0 ,11 2,13 4
31	6 1 0 0 0 1 ,4 5,23 1
32	13 1 0 0 0 0 ,27 1
36	8 0 0 1 0 1 ,2 5,20 3
38	7 1 0 0 0 1 ,9 1,21 5
39	8 0 1 0 0 0 ,8 2
40	10 0 0 0 0 1 ,14 5
41	7 0 0 0 1 0 ,12 4
42	13 0 0 0 1 0 ,5 4
43	19 0 0 0 1 1 ,10 4,17 5
44	9 0 0 0 1 1 ,4 5,28 4
45	3 0 0 1 0 0 ,0 3
46	24 0 0 0 0 1 ,4 5
47	8 1 0 0 0 0 ,8 1
49	6 0 0 1 0 1 ,6 5,26 3
50	9 0 0 0 1 0 ,6 4
51	13 0 0 1 0 0 ,7 3
53	8 0 1 0 0 0 ,8 2
55	19 1 0 0 0 0 ,13 1
56	19 0 0 1 0 1 ,20 5,29 3
58	13 0 0 1 0 0 ,5 3
59	6 1 1 0 0 0 ,11 2,25 1
60	7 1 0 1 0 0 ,9 1,29 3
61	24 0 1 0 0 0 ,4 2
62	10 0 0 1 0 1 ,5 3,21 5
63	24 0 0 0 1 0 ,17 4
66	11 0 0 1 0 1 ,13 5,18 3
67	13 1 0 0 0 0 ,27 1
69	7 0 0 1 0 0 ,12 3
70	5 0 0 0 1 0 ,16 4
71	19 0 0 1 0 0 ,10 3
72	7 0 2 1 0 0 ,9 2,24 2,29 3
73	6 0 1 3 0 0 ,8 3,11 3,24 2,25 3
74	13 1 0 1 0 1 ,7 1,27 3,30 5
76	10 0 1 0 1 0 ,15 2,17 4
77	13 0 1 0 0 0 ,5 2
78	19 0 0 1 0 1 ,1 5,20 3
79	6 2 0 0 0 0 ,2 1,23 1
80	13 0 1 0 0 0 ,7 2
81	6 0 1 1 0 0 ,9 3,25 2
82	24 0 0 0 0 1 ,17 5
84	9 0 1 1 1 0 ,27 4,28 2,30 3
85	19 1 0 0 0 0 ,1 1
86	19 0 0 1 0 0 ,20 3
89	6 0 0 0 3 1 ,14 5,15 4,23 4,30 4
90	24 0 0 1 0 0 ,4 3
91	19 0 1 1 0 0 ,1 3,17 2
92	14 0 0 0 1 0 ,11 4
94	8 0 3 0 0 0 ,11 2,18 2,19 2
96	14 0 1 0 0 0 ,22 2
97	13 0 0 0 1 0 ,27 4
98	13 1 0 1 1 0 ,1 4,5 1,29 3
99	19 0 0 0 2 0 ,10 4,29 4
