0	5 1 0 0 1 1 ,2 4,4 5,8 1
3	10 2 0 0 0 0 ,8 1,11 1
6	4 0 0 0 1 1 ,12 5,14 4
7	11 0 0 0 1 0 ,8 4
8	23 0 0 0 0 1 ,2 5
10	6 0 1 0 0 0 ,6 2
11	13 0 0 1 0 0 ,9 3
15	13 0 0 0 0 1 ,9 5
16	8 1 0 0 0 1 ,2 5,18 1
17	9 0 0 0 1 0 ,21 4
18	10 0 0 0 1 0 ,11 4
19	11 0 0 0 1 0 ,8 4
21	3 0 1 0 0 1 ,3 2,7 5
22	8 0 0 0 0 1 ,5 5
23	10 0 0 2 0 0 ,15 3,20 3
24	3 1 0 0 0 0 ,3 1
25	6 1 0 0 0 0 ,6 1
32	7 0 0 0 1 2 ,2 5,7 4,16 5
37	13 0 1 1 0 0 ,9 2,20 3
38	6 0 0 1 0 0 ,0 3
40	15 0 1 0 0 0 ,12 2
41	19 0 0 0 1 0 ,7 4
43	19 0 0 0 0 1 ,7 5
45	6 1 0 0 1 0 ,17 1,19 4
46	10 0 1 0 0 0 ,11 2
50	23 0 0 0 1 0 ,2 4
52	6 1 0 1 0 0 ,1 1,10 3
54	15 0 0 0 1 0 ,12 4
56	9 0 1 0 0 0 ,21 2
58	7 0 1 0 0 0 ,16 2
60	9 0 0 1 0 0 ,21 3
64	6 1 0 0 0 0 ,0 1
65	6 0 2 0 0 1 ,6 2,13 5,15 2
66	8 0 1 0 0 0 ,18 2
67	8 0 0 0 0 1 ,18 5
68	7 0 0 1 0 0 ,1 3
71	6 0 1 0 0 0 ,0 2
72	15 0 0 0 0 1 ,20 5
74	19 1 0 0 0 0 ,7 1
75	6 1 0 0 0 0 ,10 1
76	15 0 0 0 1 0 ,20 4
78	7 2 0 0 1 0 ,8 1,12 1,17 4
79	10 0 1 1 0 0 ,12 2,15 3
80	6 0 1 0 0 0 ,10 2
82	8 0 0 2 0 0 ,5 3,9 3
84	10 0 1 0 0 0 ,15 2
87	7 0 0 1 0 0 ,1 3
90	10 0 0 1 0 0 ,11 3
95	7 0 1 0 0 0 ,17 2
97	6 2 0 0 1 0 ,6 1,12 1,13 4
99	6 0 1 0 0 0 ,19 2
