0	19 0 0 1 0 0 ,23 3
1	7 1 1 0 0 0 ,6 2,9 1
2	11 1 0 1 0 0 ,2 1,23 3
4	7 0 0 0 0 1 ,6 5
5	8 0 1 1 0 1 ,1 3,17 5,26 2
7	5 0 0 2 0 0 ,9 3,21 3
8	18 0 0 1 0 0 ,4 3
10	8 0 0 0 1 1 ,20 5,22 4
11	11 1 0 0 0 0 ,8 1
13	17 0 1 0 1 0 ,13 4,15 2
14	11 0 0 1 0 1 ,2 3,13 5
20	9 0 0 1 0 0 ,10 3
25	14 0 1 0 0 0 ,26 2
26	5 0 1 0 0 0 ,3 2
27	5 0 1 0 0 0 ,21 2
28	8 0 0 1 0 0 ,19 3
31	16 1 0 0 0 0 ,24 1
32	18 0 0 1 0 1 ,0 5,4 3
34	8 1 0 0 0 0 ,1 1
36	18 0 0 0 0 1 ,15 5
37	8 0 0 0 0 1 ,11 5
39	8 0 0 1 0 1 ,13 5,17 3
40	8 0 1 1 1 0 ,1 4,2 2,24 3
41	9 1 0 0 0 0 ,22 1
42	18 0 0 0 0 1 ,4 5
44	8 0 1 1 0 1 ,10 2,12 3,19 5
46	5 0 0 2 0 0 ,3 3,23 3
48	5 0 0 2 0 0 ,18 3,20 3
50	16 0 0 0 0 1 ,24 5
51	18 0 1 0 0 0 ,15 2
52	9 0 0 1 0 0 ,10 3
53	9 0 1 0 0 1 ,0 2,14 5
54	11 1 0 0 1 0 ,8 4,13 1
55	19 0 0 0 1 0 ,23 4
57	16 1 0 0 0 0 ,24 1
58	5 1 1 0 0 0 ,18 2,26 1
59	12 0 0 1 0 0 ,9 3
60	7 0 0 1 0 0 ,16 3
61	12 1 0 0 0 0 ,9 1
64	16 0 0 1 0 0 ,24 3
68	12 0 0 2 0 0 ,0 3,9 3
69	8 0 1 0 1 0 ,15 2,25 4
70	21 0 1 0 0 0 ,0 2
74	19 0 1 0 0 0 ,23 2
76	16 0 0 1 0 0 ,24 3
77	8 0 0 1 0 0 ,25 3
79	9 0 0 0 1 0 ,14 4
81	5 0 0 0 1 2 ,0 4,5 5,12 5
83	11 0 0 0 0 1 ,8 5
85	9 1 0 0 0 1 ,0 5,10 1
91	15 0 1 1 0 1 ,4 3,12 5,13 2
92	11 1 0 0 1 0 ,8 1,26 4
93	14 0 1 1 0 1 ,12 2,15 3,26 5
94	8 1 0 0 0 0 ,25 1
95	8 0 0 1 1 0 ,11 3,15 4
96	3 0 0 1 2 0 ,7 3,22 4,23 4
98	11 1 0 0 0 1 ,2 5,9 1
99	7 0 0 0 2 0 ,4 4,16 4
