0	11 0 0 0 1 1 ,5 4,13 5
1	11 0 0 1 0 0 ,14 3
3	18 0 0 0 0 1 ,1 5
4	10 0 1 0 0 0 ,9 2
7	11 0 0 0 1 0 ,24 4
8	5 0 0 1 1 2 ,4 5,10 5,15 4,21 3
12	13 1 0 0 0 0 ,5 1
13	7 0 0 1 0 0 ,18 3
14	7 0 0 0 1 0 ,12 4
15	10 0 0 0 1 0 ,9 4
16	11 1 0 0 0 1 ,1 5,13 1
17	10 1 0 0 0 0 ,9 1
18	18 0 1 0 0 0 ,1 2
21	14 0 0 0 1 0 ,2 4
26	11 0 0 0 1 0 ,13 4
27	17 0 0 0 0 1 ,20 5
28	14 0 1 0 0 0 ,2 2
29	11 0 2 0 0 0 ,5 2,14 2
32	2 0 1 0 0 0 ,23 2
35	17 1 0 0 0 0 ,20 1
41	11 1 0 0 0 0 ,14 1
42	5 0 0 1 0 0 ,16 3
45	18 0 0 1 0 0 ,11 3
46	5 1 1 0 0 0 ,18 1,21 2
50	11 0 1 1 0 0 ,5 2,14 3
51	3 0 1 1 1 0 ,6 3,16 2,24 4
52	14 0 1 0 0 0 ,2 2
53	17 0 0 0 2 1 ,11 5,15 4,20 4
55	8 0 0 0 2 0 ,15 4,22 4
56	1 1 0 0 0 0 ,0 1
57	14 1 0 0 0 0 ,2 1
58	7 0 0 1 0 0 ,12 3
60	3 0 0 1 0 0 ,19 3
63	7 0 0 1 0 0 ,18 3
64	8 0 0 1 1 0 ,9 3,22 4
66	6 1 0 0 0 0 ,4 1
67	11 0 0 1 0 0 ,24 3
72	14 0 0 0 0 1 ,2 5
73	18 0 0 0 1 0 ,1 4
74	5 0 0 0 0 1 ,3 5
77	13 0 0 0 1 0 ,5 4
79	19 0 1 0 0 0 ,15 2
82	11 1 0 0 0 0 ,14 1
88	3 0 1 1 0 0 ,8 3,20 2
89	9 1 0 0 1 0 ,10 4,13 1
90	11 1 0 0 0 0 ,14 1
91	18 0 1 0 0 0 ,1 2
92	18 0 0 0 0 1 ,11 5
96	3 0 0 1 1 0 ,7 3,17 4
97	19 0 0 0 0 1 ,15 5
98	17 0 0 0 0 2 ,11 5,20 5
