0	4 2 0 0 1 0 ,10 1,19 4,39 1
1	12 1 0 0 0 0 ,1 1
2	5 1 0 0 1 1 ,9 1,22 4,24 5
4	6 1 0 0 0 0 ,4 1
5	19 0 0 0 0 2 ,12 5,39 5
7	6 0 0 0 2 0 ,18 4,36 4
9	11 0 0 1 0 1 ,5 3,16 5
10	12 0 1 0 1 0 ,8 2,12 4
11	14 0 0 0 1 0 ,15 4
12	5 0 0 1 1 0 ,6 4,32 3
13	11 0 1 0 1 0 ,5 2,8 4
15	6 0 0 1 0 0 ,32 3
16	10 0 0 0 1 0 ,2 4
17	10 1 0 0 1 0 ,2 1,9 4
18	8 1 0 0 3 2 ,15 5,20 4,21 1,25 4,36 4,37 5
20	12 1 0 0 0 1 ,8 1,17 5
22	10 0 1 0 1 0 ,2 2,30 4
24	8 1 0 0 0 0 ,20 1
25	5 1 0 0 0 1 ,17 1,23 5
26	19 0 0 1 0 0 ,35 3
27	11 0 1 1 0 0 ,13 3,28 2
29	17 0 1 0 0 0 ,22 2
30	6 0 1 1 0 0 ,4 2,37 3
31	9 0 2 0 0 1 ,12 5,38 2,39 2
32	2 1 0 0 0 1 ,31 1,39 5
33	17 0 0 0 0 1 ,22 5
38	6 1 2 0 1 0 ,18 2,22 1,30 2,35 4
44	9 0 0 0 0 1 ,7 5
46	4 0 0 0 1 0 ,27 4
47	12 0 0 0 0 1 ,8 5
48	12 0 0 1 0 1 ,1 3,30 5
49	9 1 0 0 2 0 ,10 4,36 4,38 1
52	9 1 0 0 0 0 ,38 1
53	6 0 2 1 0 0 ,4 3,13 2,16 2
54	4 0 1 2 0 0 ,17 2,33 3,34 3
55	19 0 0 0 0 1 ,39 5
56	4 1 1 0 0 0 ,10 2,33 1
57	19 1 0 0 0 0 ,39 1
58	12 0 0 1 0 0 ,1 3
59	9 0 0 1 0 0 ,25 3
60	8 1 0 0 0 0 ,20 1
61	13 0 2 0 2 0 ,10 4,17 2,21 4,28 2
62	11 0 2 0 0 0 ,10 2,16 2
63	17 0 0 0 0 1 ,22 5
64	20 0 0 1 0 0 ,36 3
66	12 0 0 1 0 0 ,37 3
67	15 0 0 0 0 1 ,21 5
68	12 0 0 1 0 0 ,1 3
69	9 0 0 0 2 0 ,36 4,38 4
70	2 1 1 0 0 1 ,12 5,13 2,31 1
71	9 2 0 1 0 1 ,7 3,30 1,34 5,35 1
73	11 0 0 1 0 0 ,5 3
74	11 1 0 0 0 0 ,16 1
75	16 0 0 0 1 0 ,30 4
76	9 0 0 0 0 1 ,29 5
77	20 1 0 0 0 0 ,36 1
78	2 0 1 1 0 0 ,3 2,5 3
79	3 1 0 0 0 0 ,11 1
80	9 2 0 0 0 0 ,34 1,38 1
82	5 2 0 0 0 0 ,6 1,12 1
83	15 0 0 0 0 2 ,21 5,28 5
85	11 0 0 0 1 0 ,13 4
86	9 1 0 1 1 0 ,7 1,15 4,28 3
87	9 0 0 0 1 1 ,9 5,29 4
88	1 1 1 0 0 0 ,0 1,25 2
89	14 1 0 0 0 0 ,15 1
90	17 0 0 0 1 2 ,10 4,28 5,35 5
91	3 0 0 3 0 0 ,2 3,26 3,35 3
92	1 2 0 0 0 0 ,14 1,37 1
93	8 0 1 1 0 0 ,20 2,35 3
94	3 0 1 0 0 0 ,11 2
95	12 0 2 0 0 0 ,1 2,28 2
98	11 1 0 1 0 0 ,16 1,17 3
