0	20 1 0 0 0 0 ,4 1
1	18 0 0 1 0 1 ,12 5,20 3
2	18 0 0 1 0 0 ,12 3
3	16 1 0 0 0 0 ,16 1
4	6 3 0 0 0 0 ,2 1,17 1,21 1
5	16 0 0 0 0 1 ,29 5
6	17 0 0 1 0 1 ,8 3,9 5
7	9 0 1 0 0 0 ,14 2
8	10 0 0 0 0 1 ,0 5
9	8 0 0 1 0 0 ,23 3
10	23 0 0 0 2 0 ,9 4,20 4
11	6 0 0 0 0 1 ,26 5
14	10 0 0 1 0 0 ,0 3
15	16 0 0 0 0 1 ,16 5
16	2 0 1 0 0 0 ,15 2
17	10 0 1 0 1 0 ,11 2,18 4
20	23 0 0 0 1 0 ,20 4
23	20 1 0 0 0 0 ,11 1
24	20 0 0 0 1 0 ,11 4
26	6 1 0 0 1 0 ,11 4,26 1
27	3 1 1 1 0 0 ,1 3,30 1,31 2
28	8 1 0 0 0 0 ,23 1
29	23 0 0 0 0 1 ,20 5
30	7 0 0 0 1 1 ,6 4,9 5
31	17 0 0 0 2 0 ,4 4,27 4
32	9 0 0 0 0 2 ,5 5,17 5
35	17 0 0 0 2 0 ,27 4,31 4
36	4 1 0 1 0 0 ,18 1,22 3
39	16 0 1 0 1 0 ,16 4,24 2
43	7 0 0 1 0 1 ,6 3,29 5
44	7 1 0 0 0 1 ,21 5,28 1
45	4 0 0 0 3 0 ,19 4,25 4,27 4
46	12 0 0 1 0 0 ,19 3
48	17 0 0 0 0 1 ,8 5
49	16 0 2 0 0 0 ,16 2,27 2
50	17 0 0 1 0 0 ,27 3
52	15 0 0 2 0 0 ,21 3,24 3
53	20 0 0 0 1 0 ,4 4
55	7 1 0 0 0 0 ,28 1
56	20 0 0 1 0 0 ,4 3
57	6 0 1 2 0 0 ,2 2,4 3,30 3
58	18 0 1 0 0 0 ,12 2
59	4 1 0 0 0 0 ,22 1
61	7 0 0 0 0 2 ,9 5,10 5
62	9 1 0 0 0 0 ,5 1
65	16 0 0 1 0 1 ,4 5,29 3
66	3 0 0 1 0 1 ,3 3,24 5
67	18 0 0 0 1 0 ,12 4
68	8 0 0 1 1 1 ,14 5,23 4,31 3
69	6 0 1 0 0 0 ,30 2
70	17 0 0 0 1 0 ,31 4
72	18 0 1 1 0 0 ,12 2,20 3
73	7 0 0 1 0 1 ,17 3,28 5
74	7 0 1 0 0 0 ,7 2
75	17 0 0 0 1 0 ,8 4
76	17 1 0 0 0 0 ,31 1
77	20 0 0 0 0 1 ,24 5
78	18 0 1 0 0 0 ,12 2
79	7 0 0 1 0 3 ,7 5,9 5,18 5,21 3
81	2 1 2 0 0 1 ,13 2,14 2,19 5,21 1
82	16 0 0 0 1 0 ,16 4
83	9 0 1 1 0 0 ,5 2,31 3
84	10 0 1 1 0 0 ,0 2,29 3
87	15 0 1 0 0 0 ,21 2
92	7 0 1 0 1 1 ,8 5,10 2,20 4
93	9 1 0 0 0 0 ,5 1
95	12 0 0 1 1 1 ,11 4,17 3,24 5
98	20 0 0 0 0 1 ,11 5
99	6 0 0 1 0 0 ,2 3
