2	21 0 0 0 1 0 ,17 4
5	10 0 0 0 1 2 ,7 5,9 5,19 4
6	12 0 0 1 0 0 ,29 3
7	10 0 0 0 1 0 ,27 4
8	5 2 2 0 0 0 ,5 2,13 1,18 1,19 2
11	9 0 0 0 2 0 ,10 4,29 4
12	10 0 1 0 1 1 ,15 5,17 4,27 2
13	17 0 0 0 0 1 ,2 5
16	21 0 0 1 0 0 ,14 3
19	9 0 1 0 1 0 ,4 4,5 2
20	17 0 0 0 1 1 ,0 4,15 5
22	2 1 0 0 0 1 ,14 5,26 1
24	11 0 0 1 1 0 ,11 4,28 3
25	10 0 0 0 0 2 ,6 5,25 5
26	9 0 0 0 0 1 ,21 5
27	21 0 1 0 0 0 ,17 2
29	21 0 0 0 1 1 ,0 5,12 4
30	21 1 0 0 0 0 ,12 1
31	9 0 1 0 1 0 ,7 2,10 4
32	2 0 1 1 0 0 ,1 3,23 2
33	11 1 0 0 0 0 ,11 1
35	21 0 0 0 1 0 ,12 4
37	15 0 0 0 1 0 ,19 4
38	5 1 0 0 0 0 ,18 1
39	22 0 0 0 0 1 ,5 5
41	10 0 0 0 0 1 ,9 5
44	11 0 0 0 1 0 ,11 4
45	16 0 0 0 1 0 ,25 4
46	17 0 1 0 0 1 ,14 5,15 2
49	17 0 0 1 0 0 ,15 3
50	8 0 1 0 0 1 ,8 5,25 2
52	10 0 0 1 0 0 ,3 3
53	23 0 0 1 0 0 ,0 3
54	5 0 1 0 1 0 ,16 2,24 4
55	10 0 0 0 1 0 ,27 4
56	21 0 0 0 1 0 ,12 4
57	6 0 0 1 0 1 ,5 5,13 3
59	15 1 1 0 0 0 ,19 1,25 2
61	3 0 0 3 0 1 ,6 5,18 3,19 3,22 3
62	21 0 0 0 1 0 ,14 4
63	15 1 1 0 0 0 ,0 2,19 1
66	15 0 0 1 2 0 ,2 3,20 4,28 4
67	21 0 1 0 0 0 ,17 2
69	10 0 0 1 1 0 ,0 4,3 3
71	11 0 1 0 0 0 ,11 2
74	16 0 0 1 0 0 ,20 3
77	6 1 1 0 1 0 ,7 4,13 2,25 1
78	8 0 1 1 1 1 ,3 4,8 3,17 5,25 2
79	15 1 0 0 0 0 ,28 1
81	9 0 0 0 1 0 ,21 4
82	15 0 0 0 1 0 ,28 4
83	9 0 0 0 0 2 ,24 5,29 5
84	9 1 0 0 0 0 ,10 1
85	21 0 0 0 1 0 ,17 4
86	5 0 1 1 0 0 ,16 3,20 2
87	16 1 0 0 0 2 ,2 1,5 5,20 5
88	17 0 1 0 0 0 ,15 2
89	17 0 0 0 1 0 ,2 4
90	21 0 0 0 0 1 ,12 5
92	16 0 1 0 0 0 ,20 2
93	23 0 0 0 0 1 ,0 5
95	15 0 0 2 0 0 ,5 3,28 3
97	2 1 0 0 0 0 ,26 1
98	21 0 0 1 1 0 ,12 3,14 4
99	9 0 0 0 1 1 ,2 4,4 5
