0	11 0 0 1 1 0 ,8 3,19 4
1	18 0 1 0 0 0 ,17 2
2	2 0 1 0 0 0 ,15 2
3	21 0 1 0 0 0 ,12 2
4	16 0 0 0 1 1 ,12 5,20 4
5	11 1 0 0 0 0 ,19 1
6	5 0 0 1 1 0 ,0 3,13 4
8	1 1 0 0 0 0 ,14 1
9	10 0 0 1 0 0 ,22 3
11	16 0 0 1 0 0 ,20 3
14	11 1 0 0 0 0 ,19 1
15	11 0 0 0 1 0 ,19 4
16	7 1 0 0 0 0 ,11 1
17	5 1 0 0 0 1 ,3 1,9 5
22	21 0 1 0 0 0 ,12 2
28	16 0 0 1 0 0 ,13 3
29	10 0 0 0 1 1 ,6 4,10 5
30	18 0 0 1 0 0 ,17 3
34	16 0 0 0 0 1 ,13 5
35	18 0 1 0 0 0 ,10 2
36	10 0 0 0 0 1 ,22 5
39	16 0 0 0 0 1 ,20 5
40	6 1 0 0 0 0 ,1 1
41	8 0 0 0 2 1 ,3 4,12 4,21 5
46	16 0 1 0 0 1 ,3 5,20 2
47	16 0 1 0 0 0 ,3 2
49	15 0 0 0 0 1 ,8 5
51	4 0 0 1 1 0 ,7 4,10 3
55	4 0 0 0 1 1 ,2 4,16 5
59	3 0 0 1 0 0 ,18 3
60	18 0 0 0 0 1 ,17 5
61	14 0 0 0 0 1 ,16 5
62	21 0 0 0 1 0 ,12 4
63	6 1 0 2 0 0 ,1 3,11 3,19 1
66	10 0 1 0 0 0 ,22 2
69	15 0 0 0 0 1 ,8 5
70	16 0 0 0 1 0 ,13 4
73	14 0 0 0 0 1 ,5 5
74	5 1 1 0 0 0 ,0 1,17 2
76	16 0 1 0 0 0 ,20 2
77	1 1 0 0 0 0 ,4 1
78	5 1 0 1 0 0 ,0 1,11 3
79	10 0 0 0 1 0 ,6 4
82	18 0 0 0 1 0 ,10 4
84	14 0 1 0 1 0 ,8 2,16 4
85	18 0 1 0 0 0 ,17 2
86	10 0 1 0 0 0 ,6 2
88	3 1 0 1 0 0 ,21 1,23 3
90	16 0 0 0 1 0 ,3 4
91	21 0 0 0 1 0 ,12 4
92	14 0 0 0 1 0 ,5 4
94	6 0 1 0 0 0 ,1 2
95	8 0 1 0 0 0 ,21 2
98	18 0 0 0 1 0 ,17 4
99	14 0 0 0 1 1 ,5 5,10 4
