0	15 0 0 1 0 0 ,20 3
1	17 0 0 1 0 0 ,5 3
4	2 0 1 0 0 0 ,12 2
5	8 0 1 0 0 0 ,7 2
9	5 0 0 0 0 1 ,18 5
10	12 0 0 0 0 1 ,25 5
11	5 1 0 0 0 0 ,3 1
12	8 1 0 0 0 0 ,7 1
17	5 1 1 1 0 0 ,0 2,9 1,20 3
19	11 0 1 0 0 0 ,4 2
21	17 0 1 0 0 0 ,5 2
22	16 1 0 0 0 0 ,23 1
26	12 0 1 0 1 0 ,19 2,23 4
27	18 0 0 0 0 1 ,9 5
28	6 0 0 1 0 0 ,16 3
29	18 0 0 0 0 1 ,9 5
31	6 0 1 0 0 0 ,16 2
32	4 1 0 1 0 0 ,13 3,20 1
33	4 0 1 0 1 0 ,2 2,15 4
34	10 0 0 0 0 1 ,6 5
36	8 0 0 0 1 2 ,19 5,23 5,26 4
39	22 0 0 0 1 0 ,21 4
40	11 0 0 0 2 1 ,4 4,9 4,17 5
43	5 1 0 0 0 1 ,14 5,23 1
44	15 1 0 1 0 0 ,17 1,20 3
45	8 1 0 0 0 1 ,22 1,23 5
46	10 0 1 0 0 1 ,6 2,24 5
47	4 1 1 0 0 0 ,13 1,24 2
49	17 0 0 1 0 0 ,5 3
50	12 0 0 1 0 0 ,19 3
52	1 1 0 0 0 0 ,1 1
53	8 0 0 0 1 0 ,7 4
54	5 0 0 1 0 0 ,0 3
55	5 0 1 0 0 1 ,10 5,26 2
58	5 0 0 0 0 1 ,8 5
59	11 1 0 0 1 0 ,4 1,25 4
61	6 1 0 0 0 0 ,16 1
62	8 0 1 0 0 0 ,26 2
63	15 0 1 1 0 0 ,9 2,17 3
65	12 1 0 0 0 0 ,19 1
66	11 2 0 0 0 0 ,4 1,17 1
69	8 1 0 0 0 0 ,7 1
70	8 0 0 0 0 1 ,22 5
72	15 0 0 0 2 0 ,20 4,24 4
73	12 1 0 0 2 0 ,5 4,19 1,21 4
78	17 0 1 0 0 0 ,24 2
79	8 0 1 0 0 0 ,22 2
80	11 0 1 0 0 0 ,4 2
83	17 0 0 0 1 1 ,5 5,24 4
84	22 0 0 0 1 0 ,21 4
85	11 1 0 0 0 0 ,4 1
86	10 1 0 1 0 0 ,6 3,25 1
87	12 1 1 0 0 0 ,20 1,25 2
89	2 0 1 0 0 0 ,11 2
92	15 0 0 0 0 1 ,17 5
94	18 1 0 0 0 0 ,9 1
97	5 0 0 0 1 1 ,3 4,21 5
98	22 0 0 0 0 1 ,21 5
99	7 0 0 0 0 1 ,2 5
