0	13 0 0 0 1 1 ,14 5,16 4
3	2 1 2 0 0 1 ,3 5,14 2,15 2,21 1
4	19 0 1 0 0 0 ,2 2
8	19 0 0 0 0 1 ,2 5
12	17 1 0 0 0 0 ,16 1
13	12 1 0 0 0 0 ,20 1
14	22 0 0 1 0 0 ,8 3
16	9 1 1 0 0 0 ,3 2,13 1
17	12 0 0 1 1 0 ,12 3,18 4
21	19 0 0 0 0 1 ,2 5
22	22 0 1 0 0 0 ,1 2
23	12 0 0 1 0 0 ,20 3
26	13 0 0 0 0 1 ,0 5
27	9 0 1 0 1 0 ,1 4,13 2
29	13 1 0 0 0 0 ,0 1
30	17 0 0 1 1 0 ,16 3,19 4
33	13 0 1 0 1 0 ,2 2,14 4
35	9 0 0 0 1 0 ,13 4
36	20 0 1 0 0 0 ,18 2
37	9 1 1 0 0 0 ,13 2,21 1
40	13 1 1 1 0 0 ,1 3,14 1,16 2
41	17 0 1 0 0 0 ,17 2
42	5 0 0 0 0 1 ,4 5
43	24 0 0 1 0 0 ,10 3
44	17 0 0 1 0 0 ,16 3
45	2 1 0 0 0 0 ,9 1
46	24 0 0 0 0 1 ,10 5
48	16 0 0 0 0 1 ,7 5
49	12 0 0 0 1 0 ,20 4
50	13 1 0 0 0 0 ,0 1
51	20 0 0 0 1 1 ,1 4,18 5
52	17 0 1 0 0 0 ,17 2
53	7 0 1 1 1 0 ,0 2,6 3,18 4
54	16 0 2 0 0 0 ,7 2,17 2
56	24 0 0 1 0 0 ,10 3
58	17 0 0 0 2 0 ,19 4,21 4
60	16 0 0 0 1 1 ,7 4,8 5
62	17 0 0 1 0 1 ,8 5,21 3
63	12 0 0 0 1 1 ,12 4,17 5
64	16 0 0 0 1 2 ,1 5,7 5,17 4
65	11 0 0 0 1 0 ,3 4
69	17 0 0 0 1 0 ,21 4
73	7 0 2 0 0 0 ,6 2,17 2
74	12 1 0 0 0 1 ,8 5,20 1
75	24 0 0 0 0 1 ,10 5
79	17 0 1 0 1 0 ,1 4,19 2
80	24 0 0 1 0 0 ,10 3
83	12 0 0 1 0 0 ,20 3
85	22 0 0 1 0 0 ,8 3
86	7 0 1 0 0 0 ,6 2
87	19 0 0 0 0 1 ,2 5
88	22 1 0 0 0 0 ,8 1
89	6 0 0 1 1 0 ,5 3,21 4
90	12 0 0 1 0 1 ,12 5,19 3
91	13 1 0 0 0 0 ,14 1
92	2 1 0 0 0 0 ,9 1
93	17 0 0 0 1 0 ,16 4
95	17 0 0 0 1 0 ,19 4
96	1 1 0 1 0 0 ,0 3,11 1
97	20 0 0 0 0 1 ,18 5
99	6 1 0 1 0 1 ,0 1,5 3,10 5
