1	7 0 1 0 0 0 ,1 2
2	11 0 0 1 0 0 ,16 3
3	15 0 1 0 1 0 ,17 4,25 2
4	10 0 0 1 0 0 ,8 3
7	7 0 1 0 1 1 ,1 2,14 5,15 4
8	11 0 1 1 1 0 ,15 4,16 2,30 3
9	12 1 0 0 0 0 ,3 1
11	14 0 1 0 1 1 ,10 4,22 5,23 2
12	11 0 0 0 1 0 ,16 4
13	4 0 1 0 1 1 ,15 5,20 2,32 4
15	12 1 0 0 1 0 ,3 1,22 4
17	11 0 1 1 0 0 ,6 2,12 3
18	8 0 0 0 1 1 ,21 4,23 5
19	12 0 0 0 0 1 ,5 5
20	12 0 1 1 0 0 ,4 2,25 3
21	19 0 0 0 0 1 ,9 5
22	15 0 1 0 0 0 ,25 2
23	13 0 1 0 0 0 ,29 2
24	8 0 3 0 0 0 ,3 2,21 2,23 2
26	9 1 0 0 0 0 ,7 1
27	9 0 2 0 0 0 ,2 2,7 2
28	14 0 0 0 1 0 ,10 4
29	12 0 0 1 0 1 ,5 3,23 5
30	12 1 0 0 0 1 ,4 1,29 5
32	15 0 0 0 2 0 ,17 4,30 4
33	15 0 0 0 0 1 ,11 5
35	12 1 0 0 0 0 ,12 1
38	10 2 0 0 0 0 ,2 1,20 1
39	5 0 0 0 0 1 ,19 5
40	10 1 0 0 0 1 ,8 1,17 5
42	17 1 0 0 0 0 ,0 1
44	10 1 0 0 0 0 ,2 1
45	11 0 1 0 0 1 ,6 5,15 2
46	3 2 0 1 0 0 ,5 1,22 1,31 3
48	15 1 0 0 0 1 ,0 5,14 1
49	12 1 0 0 0 0 ,12 1
50	12 0 0 3 0 0 ,5 3,12 3,30 3
51	20 0 1 0 0 0 ,17 2
52	10 1 0 0 1 0 ,2 1,20 4
53	19 0 0 0 1 1 ,9 4,24 5
54	3 0 1 2 0 1 ,4 3,7 2,8 5,13 3
55	9 0 0 0 1 1 ,7 4,24 5
56	13 0 1 1 1 0 ,10 2,24 4,29 3
57	10 1 0 0 0 0 ,8 1
58	12 0 1 0 0 1 ,3 5,17 2
59	15 0 0 0 1 0 ,14 4
61	12 1 0 0 0 1 ,12 1,24 5
62	11 0 1 0 1 0 ,6 2,9 4
63	15 0 0 0 1 1 ,15 4,25 5
64	11 1 0 0 0 0 ,16 1
65	8 0 1 1 0 0 ,0 3,21 2
66	17 0 0 0 0 1 ,0 5
67	2 1 1 0 0 0 ,26 1,27 2
68	15 0 0 0 1 0 ,22 4
70	15 0 0 1 0 0 ,25 3
71	7 0 0 1 0 0 ,1 3
73	11 0 1 0 0 0 ,6 2
75	3 0 0 1 0 1 ,20 5,28 3
76	10 0 0 0 0 2 ,2 5,26 5
77	12 0 1 1 0 0 ,10 2,26 3
78	12 0 1 2 0 0 ,3 3,10 2,12 3
79	15 1 0 0 0 0 ,22 1
80	12 0 0 1 0 1 ,24 5,26 3
81	12 1 0 0 2 0 ,4 1,11 4,30 4
84	6 3 0 1 0 0 ,0 3,14 1,18 1,30 1
85	20 0 0 1 0 0 ,17 3
89	15 0 0 0 1 2 ,9 5,14 4,20 5
90	15 1 0 1 0 0 ,11 3,24 1
91	6 1 0 0 0 1 ,18 5,20 1
92	12 0 1 0 0 0 ,4 2
93	19 1 0 0 0 0 ,9 1
94	13 0 0 1 0 0 ,29 3
95	11 1 0 0 0 0 ,16 1
96	12 0 0 1 0 0 ,4 3
97	15 0 0 1 0 0 ,11 3
