0	5 0 1 2 1 0 ,3 3,4 3,14 2,24 4
2	10 1 0 1 0 0 ,0 3,6 1
3	12 0 1 0 0 1 ,31 5,33 2
4	17 0 1 0 0 2 ,3 5,25 5,27 2
5	13 0 1 0 1 0 ,8 2,23 4
6	12 1 0 0 1 0 ,10 4,33 1
7	13 0 0 1 0 2 ,1 5,2 3,20 5
9	16 0 3 0 0 0 ,10 2,25 2,36 2
10	16 0 1 0 1 0 ,9 2,20 4
11	5 0 2 0 0 0 ,4 2,19 2
12	12 0 0 1 0 0 ,14 3
13	9 0 0 0 1 0 ,17 4
15	16 0 0 0 0 1 ,36 5
18	7 0 0 0 1 0 ,34 4
19	7 0 1 0 0 0 ,13 2
20	3 0 1 1 0 0 ,15 2,38 3
21	8 1 0 0 0 2 ,19 5,20 1,32 5
22	12 0 1 1 1 0 ,8 4,14 3,27 2
23	10 1 0 0 0 0 ,16 1
25	20 0 1 0 0 0 ,9 2
27	16 0 0 0 1 1 ,20 4,21 5
28	13 0 0 1 1 0 ,12 3,23 4
29	18 0 0 2 0 0 ,18 3,32 3
30	18 1 0 0 0 0 ,39 1
31	12 0 0 0 3 0 ,10 4,18 4,33 4
32	7 0 0 1 0 0 ,34 3
34	16 0 0 0 0 1 ,36 5
35	8 1 1 0 0 1 ,10 5,19 1,25 2
36	10 1 0 0 0 1 ,16 5,39 1
37	7 0 2 0 1 0 ,2 4,13 2,18 2
38	7 0 1 1 1 0 ,5 3,32 2,35 4
39	12 1 0 0 1 0 ,18 4,33 1
40	20 0 1 0 0 0 ,24 2
41	15 1 0 0 0 0 ,7 1
42	12 1 2 0 0 0 ,23 1,31 2,39 2
43	9 0 0 0 1 1 ,17 5,24 4
44	4 1 0 0 0 1 ,28 1,30 5
45	7 1 2 0 0 0 ,0 2,13 1,21 2
47	21 0 0 1 0 1 ,10 3,21 5
49	12 0 1 0 0 0 ,35 2
50	14 0 0 0 1 2 ,12 4,26 5,39 5
51	12 0 1 0 0 0 ,35 2
52	15 0 0 0 0 1 ,29 5
53	20 1 0 0 0 0 ,8 1
54	4 1 0 0 1 0 ,3 4,28 1
55	12 1 0 0 2 1 ,27 5,33 4,35 1,39 4
57	3 1 0 2 0 1 ,3 3,9 5,11 3,15 1
58	12 1 0 0 0 0 ,31 1
59	19 0 1 0 0 2 ,1 5,21 5,32 2
60	7 2 0 0 0 0 ,12 1,13 1
61	8 2 1 0 0 0 ,11 2,29 1,35 1
62	18 0 0 0 0 1 ,39 5
64	8 1 0 1 1 0 ,1 4,8 3,11 1
65	12 0 1 0 0 0 ,14 2
66	4 0 2 0 1 0 ,9 2,16 4,28 2
67	16 0 0 0 2 0 ,21 4,36 4
68	12 1 0 0 0 0 ,14 1
72	15 1 0 0 0 1 ,1 1,7 5
73	19 0 0 1 2 0 ,9 4,24 4,32 3
74	8 0 2 0 0 2 ,11 2,27 5,35 2,38 5
75	19 0 0 0 1 0 ,32 4
76	7 0 0 0 1 1 ,5 4,25 5
77	10 0 0 0 0 1 ,6 5
81	15 0 0 0 0 2 ,26 5,29 5
82	4 0 1 0 0 0 ,22 2
83	13 1 0 0 0 0 ,2 1
84	14 1 0 0 1 0 ,12 4,18 1
85	4 0 1 0 1 0 ,7 4,22 2
86	13 1 1 0 0 0 ,2 1,12 2
87	10 1 0 1 2 0 ,1 4,6 4,14 1,24 3
88	7 1 0 1 1 1 ,0 3,8 5,10 4,13 1
89	15 0 0 0 0 1 ,7 5
90	9 1 0 0 0 0 ,38 1
91	12 1 1 0 1 0 ,3 2,29 4,31 1
93	12 0 0 2 0 1 ,8 5,24 3,31 3
95	16 0 1 0 0 0 ,20 2
96	4 0 0 1 2 0 ,2 3,18 4,37 4
97	22 0 0 0 0 1 ,3 5
98	13 1 1 0 1 2 ,1 2,2 1,9 5,23 4,26 5
99	11 0 0 2 1 0 ,0 3,25 4,27 3
