0	10 0 1 0 0 0 ,14 2
1	19 0 0 1 0 0 ,11 3
2	2 2 0 0 1 0 ,4 1,17 4,34 1
3	10 0 1 0 0 0 ,23 2
4	9 0 2 0 0 0 ,20 2,34 2
6	2 1 0 0 0 1 ,24 1,33 5
8	13 0 1 0 0 0 ,9 2
10	9 1 0 1 0 0 ,12 3,25 1
12	11 0 1 0 0 1 ,0 5,11 2
13	14 1 0 0 0 0 ,8 1
14	8 1 1 0 0 1 ,17 1,20 5,29 2
16	9 0 0 0 1 2 ,12 5,18 4,22 5
17	11 1 0 0 2 0 ,2 4,15 1,31 4
18	5 0 0 2 1 0 ,20 3,28 3,31 4
20	14 0 0 0 1 0 ,8 4
21	11 0 1 1 0 0 ,15 2,19 3
22	6 1 0 0 0 1 ,16 1,23 5
23	10 0 0 2 1 0 ,5 3,9 4,23 3
24	13 0 1 0 0 0 ,9 2
25	10 0 1 0 0 0 ,18 2
27	8 0 0 0 1 0 ,27 4
29	21 0 0 0 1 0 ,5 4
32	4 2 0 0 2 1 ,3 4,7 1,12 1,15 5,27 4
35	9 0 0 0 1 2 ,11 5,14 4,25 5
37	9 0 0 1 0 1 ,29 5,32 3
38	9 0 0 1 0 0 ,34 3
39	6 0 1 0 0 0 ,35 2
40	21 0 0 1 0 0 ,5 3
41	10 2 0 0 0 0 ,12 1,18 1
42	2 0 1 1 0 0 ,30 2,35 3
43	9 1 0 1 0 0 ,31 3,32 1
44	5 0 1 0 0 0 ,28 2
45	12 0 1 0 0 0 ,12 2
46	9 0 0 1 0 0 ,34 3
47	4 0 0 0 1 0 ,10 4
50	6 1 0 0 1 2 ,1 4,16 5,32 1,37 5
51	11 0 0 0 1 0 ,0 4
54	11 0 0 1 1 0 ,15 4,19 3
57	9 1 0 0 2 0 ,11 4,15 4,22 1
58	3 0 0 2 0 0 ,6 3,18 3
59	4 1 0 1 1 0 ,2 1,7 3,13 4
60	9 1 0 0 0 0 ,32 1
62	5 0 1 0 0 1 ,11 5,21 2
65	7 2 0 1 0 0 ,2 1,13 3,32 1
66	9 1 0 0 0 0 ,25 1
67	10 0 0 0 0 2 ,2 5,37 5
68	9 0 1 0 0 0 ,32 2
69	2 0 1 0 1 0 ,14 4,36 2
71	11 1 2 0 0 1 ,0 2,2 1,8 2,19 5
72	8 0 0 1 0 0 ,17 3
75	11 0 1 0 1 0 ,5 2,29 4
76	21 0 0 0 1 0 ,5 4
77	13 0 0 0 0 1 ,9 5
82	15 0 1 0 0 1 ,15 2,20 5
83	2 1 0 0 0 0 ,24 1
84	16 0 0 1 0 0 ,33 3
85	14 0 1 0 0 0 ,8 2
86	2 0 1 0 0 0 ,26 2
88	7 0 0 1 0 0 ,3 3
89	9 0 0 1 0 0 ,22 3
90	17 0 0 0 0 1 ,2 5
92	9 0 1 0 0 0 ,25 2
93	2 1 0 1 0 0 ,4 1,21 3
94	14 0 0 0 0 1 ,8 5
95	9 0 0 0 0 1 ,1 5
96	16 0 0 1 0 0 ,33 3
97	16 0 0 0 0 1 ,33 5
99	6 1 0 0 0 1 ,5 5,35 1
