1	13 0 0 0 1 0 ,20 4
2	7 0 0 1 0 1 ,13 3,15 5
3	14 0 0 1 0 0 ,17 3
4	16 0 0 0 1 0 ,16 4
9	4 0 1 0 0 0 ,14 2
11	12 0 0 1 0 0 ,1 3
14	3 0 0 1 0 2 ,11 5,16 5,22 3
17	4 0 1 0 0 1 ,0 2,10 5
19	23 0 0 0 0 1 ,4 5
21	4 1 0 0 0 0 ,3 1
24	7 0 2 0 0 0 ,9 2,15 2
25	6 0 1 1 0 1 ,8 2,13 3,26 5
26	23 1 0 0 0 0 ,4 1
27	8 3 0 0 0 1 ,13 1,17 1,19 1,24 5
30	23 0 0 1 0 0 ,4 3
32	6 0 0 0 1 1 ,8 4,18 5
33	14 0 0 0 0 1 ,10 5
35	13 0 0 1 0 0 ,20 3
36	12 0 0 0 1 0 ,1 4
37	3 0 0 1 0 1 ,25 3,27 5
40	16 0 1 0 0 0 ,16 2
41	12 0 0 1 0 0 ,21 3
42	5 0 2 0 1 1 ,2 2,4 4,5 5,21 2
45	12 0 0 0 0 1 ,21 5
46	16 0 0 1 0 0 ,24 3
47	14 0 0 1 0 1 ,4 5,10 3
50	8 0 1 1 0 1 ,4 5,19 3,21 2
52	16 0 1 0 0 0 ,16 2
54	14 0 1 0 0 0 ,17 2
57	18 0 0 1 0 0 ,18 3
59	3 0 0 1 0 0 ,12 3
60	4 1 0 0 0 0 ,3 1
61	13 0 0 0 0 1 ,26 5
62	4 0 1 0 0 0 ,0 2
64	8 0 0 0 1 1 ,2 5,19 4
65	13 0 0 1 0 0 ,26 3
66	14 0 0 1 0 0 ,17 3
69	4 0 1 0 0 0 ,14 2
74	12 0 0 1 1 0 ,1 4,13 3
76	2 0 1 0 0 0 ,7 2
78	18 0 0 0 1 0 ,18 4
79	4 1 0 0 0 1 ,3 1,9 5
80	16 0 0 0 0 2 ,18 5,24 5
81	2 1 0 0 0 0 ,28 1
82	14 0 0 0 0 1 ,17 5
83	16 0 0 2 0 0 ,16 3,24 3
86	2 3 0 0 0 0 ,10 1,20 1,28 1
87	2 1 1 0 0 0 ,6 2,13 1
88	18 1 0 0 0 0 ,18 1
93	12 0 0 0 0 1 ,2 5
94	13 1 0 0 0 0 ,20 1
97	13 0 0 0 1 0 ,20 4
98	4 3 0 0 0 1 ,1 1,3 1,11 1,13 5
99	1 1 0 0 0 0 ,23 1
