1	9 1 0 1 0 0 ,14 3,22 1
4	16 0 0 0 1 0 ,6 4
9	12 2 0 0 0 0 ,6 1,22 1
15	6 1 0 0 0 0 ,12 1
16	11 0 0 0 0 1 ,1 5
17	10 0 0 0 0 1 ,13 5
21	15 0 1 0 0 0 ,11 2
23	9 0 0 0 0 1 ,14 5
24	5 1 0 1 0 0 ,4 3,21 1
28	6 1 1 0 0 0 ,12 1,21 2
29	8 0 0 0 0 1 ,3 5
30	10 0 0 1 1 0 ,8 4,11 3
31	8 0 0 1 0 0 ,3 3
32	16 0 1 1 0 1 ,6 3,15 5,19 2
33	8 0 0 0 0 2 ,5 5,21 5
35	21 0 0 0 1 0 ,15 4
36	13 0 0 0 1 0 ,21 4
37	12 0 1 0 0 0 ,22 2
38	16 0 1 0 0 0 ,17 2
39	1 1 0 0 0 0 ,16 1
40	10 0 0 0 1 0 ,13 4
43	21 0 0 0 0 2 ,15 5,19 5
47	8 1 0 0 0 0 ,7 1
49	8 1 1 0 0 0 ,7 1,8 2
50	22 0 0 0 0 1 ,19 5
51	12 0 0 0 1 0 ,22 4
52	5 1 0 0 0 0 ,4 1
56	16 1 0 0 0 1 ,15 1,17 5
58	15 0 0 2 0 0 ,6 3,11 3
59	6 1 0 0 0 0 ,10 1
60	9 1 0 0 0 0 ,14 1
64	16 0 0 0 0 1 ,17 5
65	16 0 0 1 0 0 ,17 3
66	8 0 0 0 0 1 ,7 5
67	4 1 0 0 1 0 ,17 1,20 4
68	12 1 0 0 0 0 ,22 1
70	1 1 0 0 0 0 ,2 1
71	16 0 0 0 0 1 ,6 5
72	9 1 0 1 0 0 ,0 3,21 1
75	1 1 0 0 0 0 ,9 1
77	21 0 0 0 0 1 ,15 5
79	11 2 0 1 0 0 ,1 1,11 1,19 3
80	15 1 0 0 1 0 ,11 1,19 4
81	21 1 0 0 0 0 ,15 1
82	8 0 0 1 0 0 ,5 3
86	9 0 0 1 0 0 ,0 3
88	6 0 1 0 0 0 ,12 2
90	8 1 0 0 1 0 ,7 1,8 4
91	9 0 0 1 0 2 ,0 3,1 5,11 5
92	12 0 0 1 0 0 ,22 3
94	10 1 0 0 0 0 ,13 1
96	6 0 1 1 0 0 ,12 2,19 3
98	2 0 1 0 0 0 ,18 2
99	5 1 0 0 0 1 ,4 1,10 5
