0	0 2 3 3 5 3 ,1 6,2 5,4 7,6 9,7 10,9 9,13 4,14 4,16 7,18 5,19 13,20 19
1	0 5 2 5 1 7 ,0 8,1 5,4 9,7 19,9 9,10 13,11 21,12 12,14 15,15 11,16 14,18 14,21 11
2	0 3 2 4 5 1 ,0 18,1 10,3 13,4 10,5 9,6 4,8 20,9 7,10 3,11 11,18 2,21 12
3	0 2 3 6 5 4 ,1 19,3 5,5 11,6 11,7 12,8 7,9 9,12 12,13 3,14 18,15 2,17 17,18 13,20 12
4	0 1 6 2 3 3 ,0 7,4 12,6 12,7 11,9 12,10 9,11 7,12 12,13 19,14 9,15 13,17 17,20 9
5	0 7 4 6 3 5 ,2 11,3 7,4 4,5 20,6 8,7 3,9 19,11 3,12 13,13 7,16 7,19 15,20 13,21 16
6	0 2 6 5 6 4 ,0 9,3 18,5 11,6 5,8 9,9 6,10 7,11 13,12 8,13 6,16 14,17 13,18 13,19 11,20 16
7	0 4 6 4 4 4 ,2 5,3 10,4 14,6 18,7 8,9 9,10 12,11 13,12 18,13 3,14 8,16 9,17 12,19 19,21 16
8	0 5 3 5 4 6 ,1 6,2 14,3 2,4 3,5 10,7 10,9 10,10 7,11 21,12 14,13 14,15 8,16 20,18 5,20 17,21 22
9	0 2 7 1 3 4 ,0 6,1 27,2 7,6 17,8 10,10 7,12 13,16 15,17 13,18 19,21 11
10	0 6 6 4 6 3 ,0 14,1 12,2 11,4 8,5 15,6 4,7 18,8 14,10 7,11 14,12 18,15 12,16 9,17 13,18 12,19 13,21 2
11	0 2 1 2 3 5 ,1 11,2 7,3 22,4 8,5 7,6 17,10 20,13 8,14 1,15 5,17 5,21 16
12	0 4 5 4 4 2 ,0 14,3 13,4 6,6 13,8 14,9 10,10 14,11 10,13 13,14 3,15 5,16 9,19 10,20 12,21 10
13	0 3 5 1 1 3 ,0 6,3 22,4 13,6 13,8 25,9 11,12 16,14 13,15 14,16 6,18 14
14	0 5 8 1 9 2 ,1 10,2 16,4 12,5 11,6 9,7 14,8 21,10 22,11 2,15 19,16 7,17 7,18 13,19 6,20 6,21 9
15	0 7 5 3 1 3 ,0 16,3 17,4 17,5 6,6 11,7 10,12 5,13 13,14 4,15 21,16 10,17 7,19 2,20 19,21 10
16	0 4 6 2 5 3 ,0 15,1 10,5 5,9 10,10 8,12 13,14 8,15 11,16 18,17 16,18 15,20 4,21 11
17	0 4 4 3 4 6 ,0 18,1 6,6 16,8 1,10 17,11 4,13 6,15 6,16 17,17 9,20 11,21 14
18	0 5 2 4 3 2 ,2 13,4 9,5 11,6 16,7 16,12 9,13 19,14 23,17 5,18 15,20 12,21 19
19	0 2 4 2 1 4 ,1 4,3 7,5 20,6 8,7 13,8 19,11 16,14 2,15 12,16 9,19 14,21 18
20	0 7 5 3 4 2 ,0 14,1 11,3 22,4 12,5 9,6 17,7 13,8 9,9 11,10 4,11 10,12 4,15 12,17 13,19 10,21 16
21	0 2 5 5 3 6 ,0 6,3 18,4 9,6 9,7 19,9 19,10 10,12 17,13 6,14 10,15 8,19 15,20 5,21 15
22	0 5 2 4 3 4 ,0 18,1 16,4 5,5 20,6 5,7 15,8 3,9 1,10 3,11 12,14 2,16 15,17 1,19 5,20 6,21 21
23	0 6 2 4 2 4 ,1 5,5 7,6 9,8 9,9 21,10 10,12 9,13 19,14 8,15 7,16 2,17 13,18 13,19 16
24	0 10 9 3 3 6 ,0 10,1 7,2 3,3 9,6 8,7 10,8 14,9 10,10 7,11 14,12 8,14 5,15 11,16 1,17 13,18 14,19 8,20 9,21 12
25	0 3 6 3 3 3 ,1 11,3 21,4 9,6 11,9 13,10 15,11 21,13 13,15 7,16 5,17 12,18 2,20 19,21 19
26	0 9 5 7 1 4 ,0 13,1 3,2 11,3 10,6 2,9 6,10 6,11 19,12 15,13 8,14 10,16 5,17 9,18 15,19 14,20 12
27	0 3 5 5 4 4 ,3 22,4 14,6 5,7 11,8 12,10 3,13 19,15 7,16 5,17 6,18 20,19 11,21 14
28	0 2 2 2 3 5 ,0 8,4 9,5 6,6 14,9 10,12 17,15 6,16 6,19 14,20 19
29	0 3 3 4 2 3 ,1 4,3 18,4 6,6 14,8 13,9 7,14 7,15 12,17 13,18 11,20 16
30	0 3 1 7 5 5 ,1 10,2 3,4 5,5 11,6 16,7 11,8 13,12 9,13 5,15 10,21 3
31	0 5 2 4 5 5 ,0 18,6 4,7 12,9 7,10 23,11 14,12 12,13 6,14 3,15 13,18 15,19 16,21 17
32	0 3 7 2 4 3 ,1 18,2 14,5 11,6 11,7 2,9 3,11 11,12 14,13 15,14 7,16 19,17 6,19 15
33	0 1 3 1 4 4 ,0 18,3 13,6 5,7 8,8 14,9 10,12 7,14 9,15 14,17 13,21 22
34	0 6 3 6 3 2 ,1 8,5 5,6 14,7 19,11 8,12 7,13 19,14 15,18 12,19 9,20 7,21 1
35	0 7 2 5 7 1 ,0 10,1 3,2 11,5 5,6 17,7 13,8 14,10 17,12 5,15 13,16 3,17 13,18 19,19 15,20 4,21 22
36	0 8 1 8 4 4 ,1 10,2 5,3 13,4 4,5 17,6 14,10 10,11 21,12 9,13 10,14 13,15 13,16 9,17 13,19 10,20 8,21 12
37	0 5 5 3 6 4 ,1 10,4 5,5 7,6 13,7 19,8 13,9 12,10 7,13 8,14 15,16 15,17 5,18 8,19 4,20 20,21 3
38	0 2 4 2 5 4 ,0 6,1 6,4 14,5 17,6 17,7 10,9 13,10 7,11 9,12 7,14 17,15 24,18 19,19 8,20 15
39	0 6 3 11 1 5 ,0 16,1 5,2 11,4 13,5 9,6 11,7 4,8 13,10 17,11 8,13 14,14 17,16 10,17 4,19 15,20 17,21 7
40	0 4 4 3 3 5 ,0 6,3 18,4 9,5 11,6 13,7 11,9 7,10 9,12 8,13 6,14 15,15 4,19 11,20 19
41	0 6 5 4 7 4 ,0 9,2 6,4 6,5 21,9 10,10 2,11 15,12 7,13 5,15 6,16 8,17 13,18 13,19 14,20 5
42	0 3 5 2 5 6 ,1 3,3 13,5 9,6 11,7 11,8 10,9 19,10 8,11 11,12 12,16 18,17 16,20 15,21 12
43	0 2 3 2 4 5 ,0 13,1 19,6 4,7 11,10 8,12 11,14 23,15 1,19 15,20 17
44	0 1 4 2 4 1 ,3 13,4 17,6 17,10 14,12 18,13 10,16 20,17 6,18 12,21 11
45	0 2 5 7 6 6 ,3 9,4 5,5 21,6 9,7 9,8 15,9 9,10 14,11 3,15 7,18 7,19 16,20 4,21 12
46	0 3 3 5 7 2 ,0 10,5 9,6 9,7 18,10 14,11 1,14 18,15 16,16 18,17 9,18 5,19 14,20 17
47	0 4 4 6 5 2 ,0 7,1 27,2 16,3 9,4 14,5 14,7 14,8 7,9 9,12 16,13 14,15 5,16 19,19 9,20 6,21 21
48	0 3 5 4 3 4 ,0 18,1 21,2 16,3 17,4 7,6 19,7 3,9 12,10 8,12 16,15 8,16 6,18 14,19 14,20 5
49	0 6 2 2 3 4 ,0 13,1 11,4 8,5 22,6 18,7 12,8 12,9 7,12 12,13 18,15 17,17 16,19 8,20 11,21 19
50	0 4 5 4 2 1 ,0 10,1 5,4 14,10 2,11 14,12 20,13 18,16 17,18 13,20 16
51	0 7 3 3 3 5 ,0 6,1 16,3 5,4 7,5 10,6 12,7 2,8 19,9 9,11 12,13 10,15 14,16 20,19 15,21 16
52	0 2 5 7 4 7 ,1 8,2 13,3 18,4 10,5 15,6 18,7 18,8 19,10 15,11 3,12 18,13 12,14 23,19 4,20 15,21 10
53	0 2 2 2 5 2 ,0 6,1 10,5 20,6 5,8 2,9 13,12 8,13 15,14 23,15 18,17 7,19 6,20 4
54	0 5 5 2 5 3 ,1 16,2 7,3 17,5 7,7 17,9 7,10 8,11 14,13 15,14 14,15 11,17 13,19 8,20 12,21 12
55	0 4 7 2 4 6 ,1 5,3 22,4 16,5 7,6 12,7 11,8 9,9 22,10 22,11 11,12 7,13 5,14 2,17 13,18 5,19 10,20 15,21 22
56	0 3 2 3 2 0 ,1 10,4 2,5 6,6 6,13 6,16 8,18 15,20 19
57	0 5 4 3 6 4 ,0 11,2 14,3 8,4 9,5 21,6 9,7 8,8 19,9 9,12 14,14 15,15 8,16 9,20 8
58	0 6 2 7 1 2 ,1 27,2 14,3 17,4 14,5 14,6 11,7 10,8 10,9 7,10 17,11 4,12 20,13 8,14 13,15 12,19 14
59	0 4 3 3 2 4 ,3 1,4 4,5 21,6 10,9 3,11 8,12 9,13 1,14 17,15 12,18 19,21 10
60	0 2 3 6 3 1 ,1 8,2 13,6 11,7 16,8 14,10 9,11 12,13 8,14 5,15 19,16 14,19 11,20 17
61	0 9 4 0 2 3 ,0 14,2 15,3 9,6 13,9 2,10 15,13 19,14 18,15 7,17 6,18 11,19 5,20 6
62	0 2 3 1 7 2 ,0 14,5 15,6 19,9 6,10 6,11 19,12 17,13 4,15 14,16 9,17 16,18 15,21 16
63	0 5 7 1 5 7 ,0 18,1 6,2 15,3 22,5 9,6 8,8 14,9 9,10 17,11 2,12 7,14 10,15 14,17 6,18 14,19 9,21 2
64	0 3 6 2 2 3 ,1 16,4 6,8 20,9 22,10 20,12 4,13 8,15 5,16 23,17 9,19 15,20 17,21 17
65	0 6 2 2 5 4 ,0 7,1 1,3 8,4 17,7 18,8 25,9 14,11 3,12 20,13 15,15 16,16 9,17 4,19 14,21 15
66	0 0 5 4 0 2 ,1 8,3 18,4 12,6 13,9 19,11 11,12 13,13 20,15 7,18 15,20 19
67	0 5 0 5 3 3 ,0 13,1 4,6 9,7 8,9 22,11 15,13 10,14 15,17 13,19 14,20 6
68	0 7 4 1 4 2 ,0 18,1 2,3 18,5 14,6 8,7 19,10 4,11 12,13 13,16 27,19 10,20 15,21 6
69	0 3 5 4 5 6 ,1 2,3 13,4 8,6 5,7 19,9 18,11 14,12 17,13 5,16 10,17 7,18 14,21 14
70	0 5 4 2 1 4 ,1 4,4 13,5 9,6 9,10 17,11 9,14 6,15 10,16 17,17 5,18 13,19 9,20 15
71	0 3 2 3 6 3 ,1 16,3 13,4 17,5 21,6 10,9 9,10 10,13 18,17 9,19 6,20 6,21 1
72	0 5 7 7 4 4 ,0 6,1 3,3 22,4 14,6 18,9 4,10 17,11 11,12 8,13 13,14 9,15 8,16 27,19 8,20 4
73	0 1 7 9 4 4 ,0 6,1 8,4 6,5 11,6 6,7 8,8 14,12 18,13 5,14 14,16 18,17 5,19 8,21 3
74	0 4 2 3 4 4 ,1 4,2 16,3 18,4 9,5 5,7 13,11 11,12 5,15 6,16 9,17 13
75	0 3 4 1 6 3 ,1 3,2 8,4 9,5 7,6 16,9 18,10 3,11 19,12 14,13 12,14 5,15 8,21 19
76	0 1 3 4 3 2 ,0 20,4 9,5 14,6 8,9 21,10 6,11 9,12 20,15 10,20 6
77	0 4 6 4 8 2 ,0 10,1 10,2 3,4 4,5 5,6 9,7 18,9 12,10 6,11 16,12 18,14 4,16 14,19 8,20 15,21 16
78	0 6 6 4 7 4 ,0 10,4 14,6 5,8 10,9 6,10 7,11 19,12 13,13 6,14 4,15 7,16 9,17 16,18 2,21 21
79	0 4 5 4 3 3 ,1 13,2 11,4 6,5 15,6 17,7 13,8 20,9 2,12 12,13 19,14 17,16 4,17 9,19 6,20 17
80	0 4 7 5 9 3 ,0 6,3 6,4 12,5 9,6 4,8 14,9 7,10 9,11 8,12 13,16 3,17 6,18 12,19 8,20 17
81	0 4 4 5 3 2 ,0 14,1 11,2 15,3 5,4 10,6 12,7 8,9 7,10 8,19 14
82	0 5 1 6 2 3 ,0 11,1 9,3 3,6 4,7 4,8 13,9 3,13 6,15 11,17 12,18 11,19 19,20 15,21 3
83	0 2 5 5 0 2 ,1 16,4 9,6 12,7 9,8 7,11 15,12 4,16 17,17 12,20 15
84	0 6 3 4 3 2 ,0 13,1 2,3 8,4 1,5 15,6 5,9 9,11 5,12 13,13 6,14 18,15 13,18 13,19 10
85	0 2 5 4 7 8 ,0 10,2 13,3 7,5 6,6 16,7 11,8 9,12 18,14 8,15 4,16 15,18 20,19 4,20 9,21 14
86	0 0 2 1 3 3 ,2 7,5 11,6 4,7 17,10 10,11 8,16 14,19 10
87	0 6 6 3 3 2 ,0 14,1 10,2 6,3 3,4 16,5 21,6 4,7 19,9 2,10 13,11 4,12 5,14 15,16 20,20 17
88	0 3 3 2 5 2 ,0 6,2 16,3 4,5 15,6 11,11 10,13 3,15 11,16 10,17 5,19 8
89	0 2 2 9 4 5 ,0 6,1 21,2 15,4 9,7 8,11 21,13 13,15 3,16 19,17 7,18 12,19 11,20 15
90	0 5 5 4 0 5 ,0 10,1 6,3 13,5 20,6 18,7 10,8 14,10 2,11 14,15 7,16 18,20 6,21 19
91	0 7 4 5 5 4 ,0 15,1 8,2 16,3 9,4 14,5 16,6 13,8 25,9 21,10 14,11 14,13 7,14 23,15 12,18 2,19 9,20 11,21 4
92	0 4 3 5 5 10 ,0 1,1 6,3 7,4 10,5 15,6 16,8 9,9 12,11 21,12 18,14 5,15 12,16 7,18 15,19 9,20 8
93	0 2 6 2 5 3 ,0 4,4 9,6 13,7 13,8 14,9 13,10 7,11 14,12 9,13 15,15 10,16 23,17 9,18 2,19 9,20 20,21 16
94	0 7 4 3 0 7 ,0 6,4 12,5 9,6 9,7 17,8 13,9 13,10 20,11 19,12 8,13 20,14 10,15 1,17 6,20 15,21 22
95	0 6 4 7 7 5 ,0 5,1 9,2 7,3 9,4 12,5 5,6 13,9 12,11 19,12 15,15 6,16 10,18 7,19 2,20 13
96	0 1 6 4 3 5 ,0 5,1 5,4 17,5 9,6 8,10 9,12 5,14 18,15 4,17 12,19 4,20 12
97	0 6 3 5 3 8 ,0 10,3 6,4 9,6 12,7 13,8 14,9 7,10 13,11 7,13 8,14 14,15 10,16 4,18 15,19 10,20 20
98	0 5 3 1 1 2 ,0 13,1 4,2 16,3 13,4 10,7 1,9 18,11 14,12 7,14 10,16 19,20 19,21 2
99	0 1 2 2 8 3 ,0 8,1 13,3 9,4 17,7 11,9 25,13 4,15 13,17 13,18 13,19 14
