0	13 0 0 1 0 0 ,4 3
1	13 0 1 0 1 0 ,3 4,11 2
2	13 0 0 0 1 0 ,5 4
3	13 1 0 0 0 0 ,11 1
5	15 0 0 0 1 0 ,3 4
6	5 0 0 0 0 1 ,6 5
7	17 0 1 0 0 0 ,7 2
9	13 1 0 0 0 0 ,11 1
10	13 0 0 0 0 1 ,11 5
12	13 1 0 0 0 0 ,5 1
14	1 2 1 0 0 0 ,7 2,9 1,12 1
15	15 2 0 0 0 0 ,0 1,3 1
18	14 0 0 0 1 0 ,10 4
19	17 0 1 0 0 0 ,7 2
20	16 1 0 0 0 0 ,1 1
24	6 0 0 0 1 0 ,14 4
25	13 1 0 0 0 0 ,4 1
30	16 1 0 0 0 0 ,0 1
32	3 0 0 1 0 0 ,16 3
35	15 0 1 0 0 0 ,2 2
36	16 0 1 0 0 0 ,0 2
37	16 0 0 0 0 1 ,1 5
39	16 0 0 1 1 0 ,1 3,7 4
44	13 0 0 1 0 0 ,4 3
45	14 0 0 0 1 1 ,3 4,15 5
47	9 0 0 0 1 0 ,8 4
48	17 0 0 0 1 0 ,7 4
49	14 1 0 0 0 0 ,15 1
50	11 0 0 0 1 1 ,2 4,13 5
52	13 0 0 1 0 0 ,5 3
54	15 0 0 1 0 0 ,2 3
55	13 1 0 0 0 0 ,11 1
57	14 1 0 0 0 0 ,15 1
60	16 1 0 0 0 0 ,1 1
62	17 0 0 1 0 0 ,7 3
64	13 0 1 0 0 0 ,4 2
65	11 1 1 0 1 0 ,0 4,9 2,13 1
67	15 0 0 0 1 0 ,2 4
69	15 0 0 1 0 0 ,9 3
72	13 0 0 1 1 0 ,4 3,15 4
73	13 0 0 1 0 0 ,11 3
74	15 1 0 0 0 0 ,3 1
75	14 0 0 0 1 1 ,9 4,10 5
77	13 1 0 0 0 0 ,4 1
79	6 0 1 0 0 0 ,14 2
82	14 0 1 1 0 0 ,2 2,15 3
84	13 0 1 0 0 1 ,5 5,10 2
85	14 1 0 0 1 1 ,0 4,1 5,10 1
88	15 0 1 0 0 0 ,9 2
89	14 0 1 0 0 0 ,10 2
90	15 0 0 1 0 0 ,9 3
91	16 0 0 0 1 0 ,0 4
93	15 1 0 0 0 0 ,3 1
94	9 0 0 0 0 1 ,8 5
96	16 1 0 0 0 0 ,1 1
99	11 0 0 0 0 1 ,13 5
