0	15 0 1 0 0 0 ,7 2
2	14 0 2 1 0 1 ,2 5,4 3,9 2,10 2
3	15 1 0 0 0 0 ,7 1
4	3 0 1 2 0 0 ,7 3,13 3,21 2
6	9 0 0 1 0 0 ,0 3
9	5 0 0 2 0 1 ,12 3,19 3,29 5
13	18 0 0 0 0 1 ,28 5
15	5 0 0 0 1 1 ,24 5,31 4
16	7 0 0 1 0 1 ,28 5,34 3
17	16 0 0 0 1 0 ,9 4
18	6 0 0 0 1 0 ,14 4
21	19 0 0 1 0 0 ,25 3
22	19 0 0 1 0 0 ,2 3
23	18 1 0 0 0 0 ,12 1
26	6 0 1 0 0 0 ,30 2
27	15 0 0 0 1 2 ,2 5,7 5,33 4
28	18 0 0 1 0 0 ,32 3
29	5 2 0 2 1 0 ,3 3,9 3,14 1,15 4,17 1
31	14 0 0 0 2 0 ,4 4,10 4
32	18 0 0 1 1 1 ,15 4,23 3,28 5
33	6 0 1 0 0 0 ,30 2
34	4 0 0 1 1 0 ,7 3,8 4
35	6 0 0 1 2 0 ,1 4,20 3,33 4
36	6 1 0 0 1 1 ,10 4,30 1,32 5
37	20 0 0 0 0 1 ,10 5
39	12 0 1 0 0 0 ,22 2
40	12 0 0 0 0 1 ,35 5
41	3 1 2 1 0 0 ,18 3,25 2,31 2,33 1
42	12 0 0 1 0 1 ,22 5,23 3
43	17 0 0 1 0 0 ,1 3
44	18 0 1 0 0 0 ,32 2
45	18 1 0 0 0 0 ,28 1
46	7 0 0 0 2 0 ,31 4,34 4
47	6 0 0 1 0 0 ,20 3
49	6 2 0 0 0 1 ,3 5,7 1,30 1
50	9 0 4 0 0 1 ,0 2,6 2,23 2,33 2,35 5
52	9 0 0 1 2 0 ,0 4,12 3,25 4
53	12 0 2 0 0 1 ,22 2,26 5,29 2
54	13 0 0 1 1 0 ,16 4,32 3
55	21 0 0 1 0 0 ,15 3
56	16 0 0 0 0 1 ,6 5
57	15 0 0 0 0 1 ,31 5
58	6 1 0 0 0 0 ,14 1
59	16 0 0 0 1 0 ,6 4
60	18 1 0 0 1 0 ,12 4,28 1
64	5 0 1 0 0 0 ,19 2
66	3 0 0 1 0 0 ,27 3
68	12 0 2 0 0 0 ,4 2,35 2
69	16 0 0 0 0 1 ,9 5
71	12 1 1 1 1 0 ,9 2,22 3,23 4,28 1
72	18 1 0 0 0 0 ,32 1
73	19 0 0 1 0 0 ,26 3
74	19 0 0 0 1 0 ,2 4
79	18 0 0 1 0 0 ,12 3
80	14 0 1 0 0 0 ,4 2
81	19 0 0 0 1 0 ,33 4
82	20 0 0 0 0 2 ,10 5,15 5
84	3 0 1 1 0 1 ,5 3,25 5,29 2
85	4 0 2 0 0 1 ,1 5,3 2,21 2
86	17 1 0 0 0 1 ,1 1,26 5
87	14 0 0 1 0 0 ,4 3
88	21 0 0 0 1 0 ,15 4
90	17 1 0 0 1 0 ,12 4,29 1
91	19 0 0 0 1 0 ,33 4
92	13 1 0 0 0 0 ,16 1
93	2 0 1 0 0 0 ,11 2
94	17 0 1 1 0 1 ,25 5,26 2,29 3
95	16 0 1 0 0 1 ,2 2,6 5
96	13 1 0 0 1 1 ,16 5,23 1,32 4
97	5 0 0 0 3 0 ,1 4,17 4,26 4
99	13 1 0 1 1 1 ,15 1,16 3,23 5,29 4
