0	11 0 0 0 2 1 ,9 4,15 4,34 5
2	7 0 1 0 0 0 ,23 2
3	11 0 0 0 1 1 ,34 5,38 4
4	11 0 1 1 0 1 ,8 3,13 2,16 5
5	9 0 0 1 0 1 ,20 3,29 5
6	20 0 0 1 1 0 ,25 4,29 3
7	9 1 0 1 0 1 ,5 3,12 1,17 5
8	20 0 1 0 0 0 ,0 2
9	19 0 0 0 1 0 ,4 4
10	19 0 0 0 1 0 ,4 4
11	5 0 0 1 0 0 ,33 3
12	19 0 0 0 1 0 ,11 4
15	4 0 2 1 0 0 ,3 3,6 2,36 2
16	15 0 2 0 0 1 ,6 5,17 2,24 2
17	7 1 1 0 0 2 ,5 5,10 2,27 1,29 5
18	8 0 1 0 0 0 ,14 2
19	11 0 0 1 1 1 ,9 4,13 3,21 5
20	19 1 0 0 0 0 ,15 1
21	25 0 0 0 1 0 ,19 4
22	21 0 0 1 0 1 ,19 3,29 5
23	11 1 1 0 0 0 ,3 2,29 1
24	20 0 0 0 0 1 ,25 5
25	19 0 0 0 0 1 ,15 5
26	8 0 0 1 0 0 ,14 3
27	11 0 0 2 0 1 ,3 3,9 5,38 3
28	19 0 1 0 0 0 ,15 2
29	7 2 0 0 0 2 ,3 1,12 1,27 5,35 5
31	19 0 1 0 0 1 ,4 2,15 5
32	11 1 1 1 2 0 ,1 4,13 2,16 4,24 1,32 3
33	6 1 0 1 0 0 ,2 1,31 3
34	9 0 0 0 1 0 ,20 4
35	16 0 0 1 0 1 ,8 5,16 3
37	25 0 0 0 1 0 ,19 4
39	1 3 1 2 1 2 ,0 5,7 1,11 3,16 4,19 5,21 1,25 3,32 1,35 2
40	10 0 0 0 0 1 ,26 5
43	9 0 1 0 0 1 ,19 5,20 2
44	18 0 0 1 0 0 ,38 3
45	4 2 0 0 0 1 ,17 5,21 1,36 1
46	18 1 0 0 0 0 ,38 1
47	15 0 1 0 0 0 ,21 2
48	19 1 0 0 0 2 ,1 5,17 5,25 1
49	8 1 0 1 1 0 ,1 3,19 4,28 1
50	16 1 0 0 0 0 ,8 1
51	15 0 0 0 1 1 ,5 5,31 4
53	19 0 0 0 1 0 ,11 4
54	7 1 1 1 2 0 ,0 4,12 3,27 1,35 2,38 4
55	10 0 0 0 0 1 ,26 5
56	20 0 0 0 1 0 ,0 4
57	23 0 0 0 1 0 ,9 4
58	11 1 0 0 0 1 ,0 5,13 1
59	5 0 1 0 0 1 ,33 2,35 5
61	15 0 1 0 0 0 ,5 2
62	21 0 0 0 1 0 ,17 4
63	16 0 1 0 0 0 ,24 2
66	15 0 0 0 0 1 ,21 5
67	16 0 0 0 1 2 ,9 4,24 5,35 5
68	9 1 1 0 0 0 ,12 2,31 1
69	18 0 2 0 0 0 ,9 2,32 2
70	11 1 1 0 0 1 ,11 5,13 1,29 2
71	4 1 0 1 0 0 ,11 3,36 1
73	3 0 0 1 0 0 ,30 3
74	1 1 1 1 0 1 ,3 2,14 3,16 5,18 1
75	8 0 1 0 0 1 ,28 2,31 5
76	6 0 0 1 0 2 ,2 5,6 5,16 3
77	16 1 0 0 0 0 ,8 1
78	4 0 0 0 1 0 ,22 4
79	19 0 1 0 0 0 ,15 2
80	7 0 1 0 0 1 ,1 2,23 5
81	19 0 0 1 0 0 ,31 3
82	8 0 0 0 0 1 ,28 5
83	11 1 1 1 0 1 ,1 2,32 5,34 1,38 3
84	19 0 0 0 1 0 ,4 4
85	19 0 0 1 0 0 ,1 3
86	19 2 0 0 0 0 ,4 1,35 1
89	5 0 0 0 0 2 ,32 5,37 5
90	11 1 1 0 0 0 ,13 2,21 1
92	16 0 2 0 0 0 ,8 2,32 2
93	9 0 1 0 0 0 ,12 2
94	15 0 0 1 2 0 ,6 3,8 4,24 4
95	16 0 1 1 0 0 ,24 2,25 3
98	19 0 0 0 1 0 ,4 4
99	7 0 0 1 1 1 ,10 5,25 4,31 3
