1	4 0 1 1 1 0 ,0 4,8 3,17 2
3	11 0 1 1 1 0 ,3 2,8 4,30 3
5	11 0 1 2 0 0 ,3 3,30 3,31 2
6	17 0 0 0 1 0 ,11 4
7	14 1 0 0 0 1 ,4 5,28 1
8	9 2 1 0 0 3 ,2 5,4 5,5 1,21 1,22 2,25 5
10	4 1 0 0 0 0 ,17 1
11	1 1 0 0 0 0 ,29 1
12	6 0 1 0 0 0 ,26 2
14	10 1 0 0 0 0 ,18 1
16	14 0 0 0 1 0 ,5 4
17	12 0 1 0 0 1 ,25 5,31 2
18	10 1 0 1 0 0 ,18 3,28 1
19	17 0 0 0 1 0 ,11 4
21	14 0 1 0 0 0 ,28 2
22	10 0 0 0 0 1 ,21 5
23	12 1 0 0 0 0 ,22 1
27	19 0 1 0 0 0 ,24 2
28	11 1 0 0 0 1 ,3 5,30 1
29	7 0 1 0 0 0 ,23 2
30	19 0 0 0 1 1 ,4 4,20 5
33	15 2 0 0 0 1 ,6 5,12 1,14 1
35	14 0 0 0 2 0 ,14 4,28 4
36	10 1 0 0 0 0 ,18 1
37	11 0 1 1 0 0 ,30 2,31 3
38	1 1 0 0 0 0 ,27 1
39	23 0 0 0 1 0 ,6 4
42	14 0 1 0 0 0 ,8 2
43	4 2 0 1 0 0 ,17 1,18 3,20 1
47	19 0 0 1 0 0 ,20 3
48	10 0 1 0 2 0 ,10 4,16 2,24 4
50	19 0 1 0 0 0 ,20 2
51	10 1 0 0 0 0 ,21 1
52	12 1 0 0 0 0 ,16 1
54	6 0 1 0 2 0 ,21 2,24 4,26 4
55	12 1 0 0 1 0 ,6 4,22 1
56	1 1 0 0 1 0 ,7 1,14 4
58	14 0 0 0 1 0 ,1 4
59	12 0 0 0 0 1 ,22 5
62	10 0 1 0 0 0 ,18 2
63	11 0 0 0 1 0 ,0 4
64	7 1 0 1 0 0 ,12 3,23 1
66	10 1 0 0 0 0 ,10 1
67	7 0 1 0 0 0 ,19 2
68	9 1 0 1 0 1 ,2 1,12 3,24 5
69	15 0 0 0 0 1 ,12 5
71	17 0 1 0 0 0 ,11 2
72	19 0 0 0 0 1 ,20 5
73	11 1 0 0 0 1 ,0 1,3 5
74	7 0 1 0 1 1 ,5 5,10 2,23 4
75	14 0 1 1 0 1 ,1 2,6 5,11 3
76	20 0 1 0 0 0 ,3 2
77	3 0 0 1 0 0 ,13 3
78	9 0 0 1 1 0 ,1 4,2 3
79	14 0 1 0 0 1 ,8 5,28 2
80	23 0 1 0 0 0 ,6 2
81	15 0 0 1 0 0 ,12 3
82	15 1 0 0 0 0 ,14 1
83	12 0 0 1 0 1 ,25 3,31 5
86	7 0 1 0 0 3 ,4 5,16 5,19 5,30 2
87	4 0 0 1 1 0 ,15 4,22 3
89	17 0 0 0 1 0 ,11 4
91	6 0 0 0 1 1 ,9 4,14 5
92	14 0 0 0 1 0 ,1 4
93	6 2 3 0 0 0 ,0 2,9 2,10 2,21 1,25 1
94	10 1 0 0 0 0 ,10 1
95	19 0 0 0 1 0 ,24 4
96	22 0 1 0 0 0 ,4 2
97	12 0 0 0 3 0 ,5 4,16 4,28 4
98	19 0 0 1 0 1 ,3 3,25 5
99	19 1 0 2 0 0 ,4 1,6 3,20 3
