1	18 0 1 0 0 0 ,35 2
2	17 0 0 2 0 0 ,4 3,30 3
3	7 0 0 1 1 0 ,28 3,30 4
5	14 0 0 0 0 1 ,27 5
6	7 0 0 1 0 0 ,13 3
7	12 1 0 0 1 0 ,19 1,34 4
8	9 0 0 2 0 0 ,5 3,26 3
9	7 0 1 1 0 1 ,6 2,9 5,16 3
11	12 0 0 0 1 0 ,19 4
12	9 0 0 1 1 0 ,26 4,35 3
14	7 0 1 0 0 1 ,2 5,14 2
15	17 0 1 0 0 1 ,4 2,23 5
16	12 0 0 0 2 0 ,25 4,32 4
18	12 0 0 0 0 1 ,25 5
20	9 0 0 1 0 0 ,11 3
21	9 1 1 0 0 0 ,26 2,27 1
24	5 0 0 0 1 1 ,15 5,28 4
27	6 1 0 0 0 0 ,20 1
28	18 0 0 1 0 0 ,35 3
29	10 0 0 1 1 1 ,17 5,25 3,30 4
31	16 0 1 0 0 0 ,34 2
32	6 0 0 0 1 0 ,20 4
33	15 0 0 0 1 0 ,5 4
34	12 0 0 2 1 1 ,16 5,22 4,32 3,34 3
35	7 0 0 1 0 0 ,1 3
36	6 1 0 1 0 1 ,4 5,20 1,23 3
37	23 0 0 1 0 0 ,2 3
39	2 0 1 1 0 0 ,19 3,29 2
40	5 0 0 1 1 1 ,7 5,22 4,30 3
42	12 0 1 1 0 0 ,22 2,31 3
43	18 0 1 0 0 0 ,23 2
44	6 0 2 1 1 0 ,2 2,8 2,21 4,27 3
45	16 0 0 0 1 0 ,16 4
46	7 0 2 0 1 0 ,5 4,14 2,23 2
48	10 0 1 0 1 1 ,2 5,17 2,33 4
49	15 0 0 1 0 0 ,32 3
51	6 0 0 0 3 0 ,2 4,8 4,11 4
52	14 0 0 0 0 1 ,27 5
53	21 0 1 0 0 0 ,30 2
56	18 0 0 1 0 0 ,31 3
57	7 1 0 2 0 0 ,9 1,14 3,31 3
58	6 0 0 0 0 1 ,10 5
59	15 0 0 1 0 0 ,32 3
61	6 0 1 0 0 0 ,18 2
62	15 0 1 0 0 0 ,32 2
64	3 0 1 1 0 0 ,3 3,12 2
65	18 0 0 0 1 0 ,23 4
66	11 1 0 0 0 1 ,21 1,30 5
67	12 1 0 0 0 0 ,19 1
69	14 0 1 0 1 0 ,23 2,33 4
70	9 1 0 0 0 0 ,6 1
72	18 1 0 0 1 0 ,2 4,35 1
73	6 0 1 1 0 0 ,13 3,18 2
75	6 0 3 0 0 0 ,4 2,16 2,18 2
76	9 0 0 1 0 0 ,6 3
77	16 0 1 0 0 0 ,34 2
78	11 0 1 0 0 0 ,21 2
79	7 1 0 0 0 0 ,9 1
81	6 1 1 0 0 0 ,10 1,16 2
82	6 0 1 0 1 0 ,12 4,22 2
83	15 0 0 0 3 0 ,5 4,31 4,35 4
84	7 1 0 1 0 0 ,13 1,31 3
85	10 0 0 1 0 1 ,17 3,34 5
87	11 0 0 0 1 0 ,21 4
89	9 0 1 0 0 0 ,11 2
91	4 0 0 1 1 1 ,19 3,24 4,35 5
92	9 0 0 1 0 0 ,6 3
93	14 0 0 1 0 1 ,4 5,33 3
95	7 0 0 1 1 0 ,1 4,33 3
98	3 0 0 1 0 0 ,0 3
99	18 0 1 0 0 0 ,31 2
