0	17 0 0 1 0 0 ,15 3
1	15 0 0 0 0 1 ,6 5
2	18 0 1 0 0 0 ,5 2
3	18 0 1 0 0 1 ,5 2,13 5
4	8 1 0 0 0 0 ,3 1
7	4 0 1 1 1 0 ,8 4,11 2,16 3
8	14 0 0 0 1 0 ,14 4
9	8 0 0 0 0 1 ,3 5
13	18 0 0 0 0 1 ,5 5
16	17 0 2 0 0 0 ,5 2,15 2
18	21 0 0 0 1 0 ,13 4
20	14 1 0 0 0 0 ,4 1
21	13 0 0 0 1 0 ,9 4
23	21 0 0 0 1 0 ,7 4
24	9 0 0 1 0 1 ,1 5,7 3
30	21 0 1 0 0 0 ,7 2
32	10 1 0 0 1 0 ,0 1,11 4
33	10 1 1 0 0 0 ,0 1,14 2
34	13 0 0 0 0 1 ,9 5
35	18 0 1 0 0 0 ,5 2
39	8 0 1 0 0 0 ,3 2
41	4 1 0 0 0 0 ,16 1
42	14 0 0 0 1 0 ,14 4
43	13 0 0 1 0 0 ,12 3
44	22 0 0 1 0 0 ,8 3
49	14 0 1 0 0 0 ,4 2
55	15 0 0 1 0 0 ,6 3
56	17 0 0 1 0 0 ,15 3
59	9 2 0 0 0 0 ,1 1,12 1
60	14 0 2 0 0 0 ,13 2,14 2
62	15 0 0 0 1 0 ,6 4
65	14 0 1 0 0 0 ,14 2
66	13 0 0 1 0 0 ,11 3
67	17 0 1 0 0 0 ,15 2
68	9 1 0 0 0 1 ,1 1,8 5
70	13 0 1 0 0 0 ,12 2
72	10 0 1 0 0 0 ,0 2
74	3 0 0 1 0 1 ,4 5,10 3
75	21 0 0 0 0 1 ,13 5
76	17 0 0 1 0 0 ,15 3
78	21 0 0 0 0 1 ,7 5
79	13 0 1 0 0 1 ,8 5,9 2
80	22 0 0 1 0 0 ,8 3
83	14 0 0 0 0 1 ,4 5
85	14 1 0 0 0 0 ,4 1
86	10 0 0 0 0 1 ,0 5
87	13 1 1 1 0 0 ,6 3,8 2,9 1
89	9 0 1 0 0 0 ,1 2
90	13 0 1 0 0 0 ,12 2
91	13 1 0 0 0 1 ,7 5,9 1
92	21 0 1 0 0 0 ,7 2
94	18 0 0 0 0 1 ,5 5
97	13 0 0 0 0 1 ,12 5
98	2 1 1 0 1 0 ,0 1,2 2,15 4
99	13 0 0 0 1 1 ,11 4,13 5
