0	0,1,2,3,4,5,6,7,8,9,10,11,12,13,14,15,16,17,18,19,20,21,
1	0,1,2,3,4,5,6,7,8,9,10,11,12,13,14,15,16,17,18,19,20,21,
2	0,1,2,3,4,5,6,7,8,9,10,11,12,13,14,15,16,17,18,19,20,21,
3	0,1,2,3,4,5,6,7,8,9,10,11,12,13,14,15,16,17,18,19,20,21,
4	0,1,2,3,4,5,6,7,8,9,10,11,12,13,14,15,16,17,18,19,20,21,
5	0,1,2,3,4,5,6,7,8,9,10,11,12,13,14,15,16,17,18,19,20,21,
6	1,2,3,4,8,9,10,11,12,13,14,15,16,18,19,21,
7	0,1,2,4,8,9,10,11,12,13,14,15,16,19,
8	1,2,3,4,5,6,7,9,11,15,17,19,20,
9	2,3,4,5,6,7,9,10,12,17,20,
10	0,1,7,12,13,14,17,19,
11	0,3,12,15,
13	0,16,17,
14	0,1,4,6,7,18,19,
19	3,7,15,
21	1,17,
22	4,
24	7,13,
27	17,
28	7,9,13,
29	17,
30	1,
35	1,17,
53	6,
57	0,1,
58	7,
71	1,
76	15,
81	4,
94	5,17,
100	3,
113	15,
133	1,
135	3,
136	7,
137	3,
156	19,
190	17,
197	1,
222	11,
231	0,
241	1,
243	19,
261	18,
266	17,
281	1,
294	7,
316	18,
318	0,
330	11,
332	16,
377	16,
392	16,
400	17,
411	1,
440	15,
479	17,
486	17,
487	1,
492	17,
495	17,
519	11,
574	15,
