6	8 0 1 0 0 0 ,11 2
7	10 0 0 0 2 0 ,3 4,4 4
8	2 1 1 2 0 1 ,10 2,15 3,18 3,26 5,28 1
9	7 0 0 0 0 1 ,25 5
10	19 1 0 0 0 0 ,26 1
11	8 0 1 1 0 0 ,1 3,5 2
13	6 0 1 0 0 0 ,6 2
14	14 1 0 0 0 0 ,27 1
15	7 1 0 0 0 0 ,25 1
16	12 0 0 0 0 1 ,15 5
17	15 0 0 1 0 1 ,0 5,12 3
19	13 0 1 0 0 0 ,18 2
20	23 0 0 1 0 0 ,0 3
22	4 0 0 0 1 0 ,14 4
23	8 1 0 1 0 1 ,1 5,7 1,24 3
24	5 0 0 1 3 0 ,3 3,8 4,13 4,24 4
25	14 0 1 0 1 1 ,7 2,8 4,17 5
26	8 2 1 2 0 0 ,0 3,11 2,16 3,19 1,28 1
28	14 1 0 0 0 0 ,8 1
31	8 1 0 0 0 1 ,17 5,23 1
33	8 0 0 1 0 0 ,20 3
34	6 1 0 0 0 0 ,9 1
35	14 0 1 0 1 0 ,7 4,27 2
36	14 0 0 0 0 1 ,27 5
37	17 0 0 1 0 0 ,16 3
39	19 0 1 0 0 0 ,17 2
40	23 0 0 0 0 1 ,0 5
41	3 0 1 0 0 0 ,2 2
42	8 1 0 0 0 0 ,23 1
43	13 0 1 0 0 0 ,18 2
44	16 0 0 0 1 0 ,5 4
45	6 0 0 0 1 0 ,6 4
46	14 0 0 0 1 0 ,7 4
47	12 1 0 0 0 0 ,3 1
48	15 1 0 0 0 0 ,12 1
49	16 1 0 0 0 0 ,5 1
50	8 0 0 0 1 1 ,20 5,28 4
52	15 0 0 1 0 2 ,0 5,12 5,16 3
53	14 0 0 0 0 1 ,8 5
54	12 0 0 1 1 0 ,15 4,19 3
55	7 1 0 1 0 0 ,17 3,25 1
57	10 1 0 0 0 2 ,4 5,19 5,26 1
58	6 0 0 1 0 0 ,9 3
59	8 0 1 0 1 0 ,7 2,23 4
60	3 0 0 1 0 0 ,22 3
61	6 0 1 0 0 0 ,9 2
62	14 1 1 0 0 0 ,5 2,27 1
64	10 1 0 1 0 0 ,4 1,26 3
65	17 0 0 0 0 1 ,16 5
66	19 0 0 0 0 1 ,26 5
68	3 1 0 0 0 0 ,2 1
70	17 0 1 1 0 0 ,0 2,16 3
72	15 0 1 0 0 0 ,12 2
73	12 0 1 0 0 0 ,28 2
74	12 0 0 0 1 0 ,28 4
76	14 1 0 0 0 1 ,7 1,27 5
77	8 0 0 0 1 0 ,11 4
80	14 1 0 0 0 0 ,19 1
83	19 0 0 0 1 0 ,26 4
84	12 0 0 0 2 0 ,3 4,12 4
86	1 1 0 0 0 0 ,29 1
88	8 0 1 0 0 0 ,23 2
89	13 0 1 1 0 0 ,5 2,18 3
90	4 0 0 0 1 1 ,5 5,21 4
91	12 0 0 0 0 1 ,24 5
95	13 0 1 0 0 0 ,18 2
96	13 1 0 0 1 0 ,17 4,18 1
97	14 0 0 0 1 0 ,19 4
99	5 1 0 0 0 0 ,13 1
