0	23 0 0 0 1 0 ,33 4
1	15 1 0 1 0 0 ,7 1,33 3
3	7 0 0 1 0 0 ,20 3
4	2 0 1 1 0 0 ,19 2,28 3
5	4 1 0 0 1 1 ,3 4,14 1,17 5
6	7 1 1 0 1 0 ,11 4,17 2,23 1
7	22 0 0 1 0 0 ,21 3
8	16 0 0 0 1 0 ,25 4
9	22 1 0 0 0 0 ,21 1
10	8 0 0 1 0 1 ,25 3,32 5
12	10 1 0 0 0 0 ,4 1
14	22 0 0 1 0 0 ,21 3
16	9 1 0 0 0 1 ,1 5,22 1
17	3 2 0 1 0 0 ,13 1,14 1,30 3
18	14 0 0 0 1 0 ,6 4
19	3 0 0 1 0 1 ,16 5,31 3
21	5 1 0 0 0 1 ,3 1,21 5
22	17 0 0 2 0 0 ,8 3,28 3
23	16 1 0 1 0 0 ,1 1,24 3
24	10 0 0 0 1 0 ,4 4
26	16 1 1 0 0 0 ,8 2,25 1
27	17 1 0 0 0 0 ,28 1
29	7 0 0 1 0 1 ,2 3,18 5
30	7 0 2 0 0 1 ,11 2,20 2,33 5
31	20 0 0 0 1 1 ,23 5,33 4
32	14 0 0 0 1 1 ,6 4,8 5
33	1 2 0 1 0 0 ,7 3,10 1,29 1
34	5 1 0 0 2 2 ,1 4,5 1,8 5,13 4,15 5
38	15 0 1 1 1 0 ,5 2,10 4,24 3
39	18 0 1 0 0 0 ,5 2
41	12 0 1 0 0 1 ,18 2,28 5
42	9 1 1 0 0 0 ,22 2,24 1
45	23 0 0 0 1 0 ,33 4
46	15 0 0 0 0 1 ,10 5
49	15 0 1 0 1 0 ,5 4,7 2
50	14 1 0 1 0 0 ,6 1,33 3
51	7 0 1 2 2 0 ,2 4,8 4,10 2,18 3,24 3
52	9 1 0 0 0 0 ,22 1
54	17 0 0 1 1 0 ,1 4,23 3
55	4 0 0 1 0 0 ,0 3
56	1 1 0 0 0 2 ,7 5,26 1,27 5
58	14 0 0 1 0 0 ,6 3
59	22 0 0 0 0 1 ,21 5
60	15 0 0 0 0 1 ,16 5
63	8 0 0 1 0 0 ,32 3
64	8 1 0 0 0 1 ,8 1,9 5
66	15 1 0 0 0 0 ,10 1
67	9 0 1 0 0 0 ,22 2
68	9 0 0 0 1 0 ,27 4
70	8 0 1 0 1 1 ,5 5,9 2,25 4
72	18 0 0 0 1 0 ,5 4
74	12 0 1 0 0 0 ,18 2
75	15 0 0 1 0 0 ,16 3
76	7 0 1 0 0 0 ,20 2
77	4 1 2 0 0 0 ,6 2,9 1,14 2
79	22 0 0 0 0 1 ,21 5
81	8 1 0 0 1 0 ,17 1,23 4
82	15 0 1 0 0 0 ,16 2
84	10 0 0 0 0 1 ,4 5
86	4 2 0 0 2 0 ,1 1,12 4,23 4,28 1
87	4 1 0 0 1 0 ,0 1,25 4
88	16 0 1 0 1 0 ,1 2,24 4
89	20 0 0 1 0 0 ,23 3
91	15 0 1 0 0 0 ,7 2
92	7 1 0 0 1 0 ,11 1,28 4
94	16 0 1 0 0 0 ,24 2
95	9 0 0 1 0 0 ,22 3
97	15 0 1 0 0 0 ,7 2
99	15 0 1 0 0 0 ,10 2
