0	13 0 0 0 0 2 ,10 5,19 5
8	18 0 0 0 1 0 ,26 4
9	8 1 0 0 0 1 ,1 1,21 5
10	10 0 0 0 1 0 ,29 4
16	14 0 0 0 0 1 ,2 5
17	2 0 1 0 0 0 ,8 2
18	17 1 0 0 0 0 ,14 1
19	14 0 0 1 0 0 ,2 3
20	10 1 0 0 1 0 ,13 1,14 4
22	4 2 1 0 0 0 ,1 1,2 2,3 1
23	12 1 1 1 0 0 ,5 2,17 1,19 3
25	16 0 1 0 0 1 ,20 5,21 2
27	10 0 0 1 0 0 ,23 3
29	1 1 0 0 0 0 ,22 1
31	18 0 0 0 2 0 ,20 4,26 4
32	16 1 0 0 0 1 ,21 1,26 5
34	10 1 0 0 0 0 ,23 1
35	6 1 0 0 1 0 ,15 4,28 1
36	8 0 1 0 0 1 ,11 2,26 5
37	4 1 0 0 0 1 ,3 1,10 5
38	13 0 0 1 0 1 ,2 3,12 5
40	8 0 1 0 0 0 ,1 2
41	4 0 2 0 0 0 ,3 2,28 2
42	14 1 0 0 0 0 ,2 1
43	12 0 0 0 1 0 ,17 4
44	16 0 1 0 1 0 ,20 2,21 4
45	6 1 0 0 0 0 ,15 1
47	10 0 0 1 0 1 ,0 3,4 5
48	14 0 1 0 0 0 ,5 2
49	3 0 0 1 0 1 ,27 5,31 3
50	14 0 0 0 0 1 ,6 5
51	1 1 0 0 0 0 ,24 1
52	1 1 2 1 0 0 ,5 3,18 1,21 2,23 2
54	10 0 0 0 2 1 ,4 5,16 4,27 4
55	20 0 0 1 0 0 ,20 3
56	10 0 0 1 1 0 ,10 4,29 3
57	12 0 0 2 0 0 ,17 3,19 3
59	10 0 0 0 1 0 ,13 4
60	11 0 0 0 1 0 ,30 4
61	11 0 1 1 0 0 ,6 2,30 3
66	15 0 0 0 2 0 ,0 4,16 4
67	15 0 0 0 0 1 ,16 5
69	10 0 1 0 0 1 ,13 5,23 2
70	12 0 0 1 1 0 ,12 3,17 4
71	10 0 2 1 0 0 ,6 2,21 2,29 3
73	14 0 0 0 1 0 ,5 4
74	12 0 1 1 1 0 ,19 2,20 3,25 4
75	19 0 0 0 0 1 ,27 5
76	15 0 0 0 0 1 ,9 5
77	14 1 0 1 0 0 ,5 3,14 1
78	17 0 0 1 0 0 ,14 3
79	8 1 1 0 1 0 ,11 2,14 4,16 1
80	8 0 1 0 1 0 ,1 4,27 2
81	2 0 1 0 0 0 ,7 2
82	14 0 0 0 0 1 ,6 5
83	17 0 1 0 1 0 ,14 4,27 2
84	10 1 0 0 0 0 ,23 1
87	12 1 1 0 0 0 ,16 1,25 2
88	6 1 0 1 0 0 ,15 1,20 3
90	9 0 0 0 1 2 ,0 5,9 5,28 4
91	8 1 0 0 1 2 ,9 5,11 4,23 1,25 5
92	13 0 0 0 1 0 ,12 4
94	11 0 1 1 0 0 ,0 2,30 3
95	13 1 0 0 0 0 ,12 1
96	19 1 0 0 0 0 ,27 1
97	11 2 0 0 0 0 ,25 1,30 1
98	9 0 1 1 0 0 ,0 3,28 2
