0	13 1 0 1 0 1 ,0 1,1 3,27 5
1	10 1 0 1 0 0 ,0 3,5 1
3	12 0 1 2 0 0 ,1 3,15 2,28 3
4	12 0 0 0 1 0 ,2 4
5	2 0 1 1 1 0 ,8 2,13 3,14 4
6	11 1 0 0 1 2 ,0 1,4 5,6 5,13 4
7	17 1 0 0 1 0 ,6 1,26 4
8	10 1 0 1 0 0 ,5 3,23 1
12	1 1 1 0 0 0 ,15 2,24 1
13	10 1 0 0 0 0 ,5 1
14	15 0 0 1 0 2 ,3 5,23 3,26 5
16	20 0 1 0 0 0 ,26 2
17	13 0 2 1 0 0 ,1 2,12 3,18 2
18	6 0 0 1 0 0 ,7 3
19	6 0 0 1 0 1 ,7 3,12 5
20	13 1 0 1 0 0 ,16 1,20 3
21	10 1 0 0 1 1 ,14 5,28 1,29 4
22	11 0 1 0 0 0 ,9 2
23	11 1 1 0 0 0 ,6 2,13 1
24	13 0 1 0 0 0 ,1 2
25	11 1 0 0 0 0 ,13 1
27	9 0 1 0 0 0 ,30 2
29	20 0 0 1 0 0 ,26 3
30	2 0 2 0 1 0 ,3 4,17 2,22 2
31	13 0 0 0 1 0 ,16 4
33	13 0 0 1 0 0 ,16 3
34	12 0 1 1 0 0 ,15 3,27 2
35	9 1 0 0 0 0 ,30 1
36	12 0 0 0 1 0 ,4 4
37	13 0 0 0 1 1 ,25 5,29 4
38	17 0 0 0 0 1 ,3 5
39	7 1 0 0 0 1 ,21 5,22 1
40	13 0 1 0 1 0 ,18 2,20 4
42	15 0 0 0 0 1 ,0 5
43	12 0 1 0 0 0 ,15 2
44	17 0 0 0 1 0 ,6 4
45	10 0 0 0 0 1 ,5 5
46	12 1 0 2 0 0 ,2 3,18 1,27 3
47	10 1 0 1 0 0 ,14 1,18 3
49	16 0 0 0 3 0 ,6 4,12 4,28 4
51	9 0 0 0 1 1 ,0 4,30 5
52	12 0 1 0 0 1 ,15 2,26 5
53	7 1 1 0 0 0 ,11 2,22 1
54	15 1 0 1 1 0 ,10 4,23 3,26 1
57	13 0 1 0 0 0 ,1 2
58	15 0 1 0 0 1 ,20 2,23 5
60	15 1 0 0 0 0 ,0 1
61	4 0 0 1 1 0 ,19 4,23 3
62	9 1 0 0 0 0 ,30 1
64	15 0 0 1 0 0 ,21 3
66	12 2 0 0 0 1 ,6 1,12 5,15 1
67	7 1 1 0 1 1 ,18 5,22 2,28 4,29 1
68	13 0 2 0 0 0 ,10 2,16 2
70	19 0 1 0 0 0 ,20 2
71	17 0 0 0 1 0 ,27 4
72	11 0 1 0 0 0 ,9 2
74	20 0 0 0 1 0 ,10 4
76	13 0 0 0 1 0 ,29 4
77	20 0 0 0 0 1 ,10 5
78	11 1 0 0 0 0 ,9 1
80	12 0 0 1 0 0 ,4 3
82	10 0 2 0 0 2 ,11 5,13 2,21 2,25 5
83	19 0 0 0 0 2 ,10 5,20 5
85	26 0 0 0 0 1 ,12 5
86	11 0 0 1 0 0 ,9 3
87	15 0 0 0 1 0 ,21 4
88	7 1 1 0 0 0 ,16 2,22 1
91	15 1 0 1 1 0 ,3 3,21 1,28 4
92	18 0 0 1 0 1 ,20 3,25 5
93	13 1 0 0 0 0 ,16 1
94	13 1 0 0 0 0 ,1 1
95	10 0 0 1 0 0 ,11 3
96	11 0 0 3 1 0 ,9 3,12 4,25 3,27 3
99	12 0 0 0 0 1 ,2 5
