0	9 0 0 0 1 0 ,30 4
1	9 0 1 0 2 0 ,18 4,26 4,29 2
2	13 0 0 1 0 0 ,8 3
3	5 0 1 0 0 1 ,3 5,4 2
4	24 0 0 0 1 0 ,7 4
6	18 0 0 0 1 1 ,19 5,28 4
9	6 0 1 0 0 0 ,17 2
10	7 1 0 1 1 0 ,15 3,27 1,32 4
11	18 0 0 0 1 0 ,32 4
12	7 2 0 0 1 0 ,4 1,16 1,35 4
13	7 2 0 0 0 0 ,11 1,13 1
14	18 0 0 0 1 0 ,6 4
15	3 0 1 2 1 0 ,6 3,8 4,14 3,18 2
16	11 1 2 0 0 0 ,25 2,32 1,35 2
20	8 0 0 1 0 0 ,33 3
21	1 1 0 1 0 0 ,2 1,20 3
22	18 0 1 0 0 0 ,18 2
23	10 1 0 0 0 0 ,29 1
24	18 0 0 0 1 1 ,18 5,19 4
25	11 0 1 0 1 0 ,20 2,28 4
27	15 1 0 0 1 0 ,12 1,28 4
30	8 0 0 0 0 1 ,33 5
32	9 0 1 1 0 0 ,32 3,34 2
34	11 1 0 0 0 0 ,25 1
35	11 1 0 0 1 0 ,22 4,31 1
36	10 1 0 0 0 0 ,29 1
38	12 0 0 0 1 0 ,0 4
39	18 0 0 1 0 0 ,28 3
41	18 0 0 0 1 1 ,6 4,35 5
42	9 0 0 1 1 0 ,7 4,11 3
44	9 0 1 0 0 1 ,20 2,26 5
46	7 0 0 1 2 0 ,4 3,7 4,16 4
47	8 0 0 0 1 0 ,10 4
48	12 0 0 1 1 0 ,0 4,8 3
50	11 0 0 0 0 1 ,25 5
51	6 1 1 0 0 2 ,11 5,17 2,28 1,35 5
52	2 1 1 0 1 0 ,21 2,24 4,34 1
54	25 0 0 0 1 0 ,35 4
55	19 0 0 0 0 1 ,19 5
57	15 0 0 0 0 2 ,27 5,35 5
59	9 0 1 2 0 0 ,6 3,24 2,34 3
60	15 1 0 0 0 1 ,19 1,22 5
61	3 1 0 1 1 2 ,0 4,1 3,12 1,13 5,30 5
62	6 0 2 0 0 0 ,17 2,28 2
64	7 1 0 0 1 0 ,15 4,18 1
66	24 0 0 0 1 0 ,7 4
67	15 0 0 0 1 1 ,12 5,27 4
68	18 0 0 0 0 1 ,32 5
70	15 0 0 0 1 0 ,12 4
71	8 1 0 0 1 0 ,10 4,22 1
73	17 1 0 0 0 0 ,24 1
75	11 0 0 0 0 2 ,22 5,31 5
77	15 0 0 1 0 0 ,12 3
78	10 0 0 1 0 0 ,29 3
79	17 0 0 0 0 1 ,24 5
80	11 0 0 1 0 0 ,25 3
81	10 0 0 0 0 1 ,16 5
82	7 1 0 0 0 1 ,4 1,24 5
83	7 1 0 0 0 0 ,13 1
84	4 0 0 0 1 0 ,9 4
85	13 1 0 1 0 0 ,8 3,32 1
86	24 0 0 0 1 0 ,7 4
87	15 1 0 0 0 0 ,12 1
88	15 0 0 1 0 1 ,19 3,27 5
90	10 0 0 1 0 0 ,29 3
91	11 0 0 0 1 1 ,7 4,31 5
92	18 1 0 0 1 0 ,6 4,19 1
93	9 1 0 0 0 0 ,34 1
94	3 0 0 1 0 0 ,5 3
95	11 0 0 0 1 0 ,20 4
96	18 0 0 0 1 0 ,18 4
97	2 0 1 0 0 0 ,23 2
99	9 0 1 0 0 0 ,34 2
