1	12 1 0 0 0 0 ,3 1
3	9 0 0 0 2 1 ,4 4,16 4,19 5
5	16 0 1 0 0 0 ,15 2
7	12 0 0 0 1 1 ,3 4,7 5
12	6 2 1 0 0 2 ,8 1,11 2,14 1,15 5,17 5
14	14 1 0 0 0 0 ,6 1
17	9 1 0 0 0 0 ,4 1
20	9 1 0 0 0 0 ,8 1
23	14 0 1 0 0 0 ,6 2
24	6 1 0 1 0 0 ,6 3,14 1
26	9 1 0 0 0 0 ,8 1
27	16 0 0 0 1 0 ,15 4
28	21 0 1 0 0 0 ,7 2
30	17 0 0 0 0 1 ,10 5
31	21 0 0 0 1 0 ,7 4
32	17 0 0 1 0 0 ,10 3
35	12 0 0 0 1 1 ,11 4,17 5
37	14 0 0 0 1 1 ,6 4,12 5
38	9 0 0 0 0 1 ,5 5
41	4 0 1 0 0 0 ,9 2
43	8 0 1 1 0 1 ,2 3,7 5,12 2
44	14 0 1 0 0 1 ,12 5,16 2
45	7 0 0 0 0 1 ,1 5
47	9 1 1 0 0 0 ,8 2,19 1
49	9 0 1 0 1 0 ,4 2,10 4
51	8 0 0 0 0 1 ,2 5
52	12 0 0 0 0 1 ,11 5
53	9 0 0 0 1 0 ,13 4
56	16 1 0 0 0 0 ,15 1
57	12 1 0 0 0 0 ,3 1
58	6 0 0 0 1 0 ,14 4
59	17 0 0 0 0 1 ,12 5
61	7 0 1 0 0 0 ,1 2
65	12 0 0 0 0 1 ,3 5
68	9 1 0 0 0 0 ,5 1
69	19 0 0 0 1 0 ,17 4
72	19 0 1 0 0 0 ,17 2
73	12 1 0 1 0 0 ,3 1,16 3
74	1 1 1 0 0 0 ,0 1,19 2
77	5 0 0 0 0 1 ,18 5
79	19 0 1 0 0 0 ,17 2
81	9 0 0 0 0 1 ,13 5
82	19 1 0 0 0 0 ,17 1
83	9 0 0 1 1 1 ,5 3,7 5,15 4
84	9 0 1 0 1 0 ,8 4,19 2
86	14 1 0 0 0 0 ,6 1
90	14 0 0 1 0 0 ,6 3
92	14 0 0 0 1 0 ,16 4
97	4 0 1 0 0 0 ,9 2
98	12 2 0 0 0 1 ,10 5,11 1,16 1
99	9 0 1 0 0 0 ,4 2
