0	12 0 0 0 1 0 ,24 4
1	14 0 0 0 0 1 ,26 5
3	6 0 1 0 2 0 ,17 4,22 2,24 4
4	19 0 0 1 0 1 ,1 3,18 5
6	3 0 0 1 0 1 ,1 5,20 3
7	12 0 1 0 0 0 ,6 2
8	19 0 0 0 1 0 ,19 4
10	11 1 0 0 0 0 ,14 1
11	11 0 0 1 0 0 ,23 3
12	3 1 0 0 1 0 ,3 1,22 4
14	5 0 1 0 0 1 ,8 2,21 5
15	3 0 1 0 0 0 ,3 2
21	3 1 0 1 0 0 ,7 1,27 3
22	11 0 0 1 0 0 ,15 3
23	6 1 1 0 0 0 ,0 2,9 1
24	11 0 1 0 0 0 ,23 2
25	9 0 0 0 0 1 ,16 5
27	11 0 1 0 0 0 ,13 2
28	1 1 0 0 0 0 ,2 1
29	6 1 1 0 0 0 ,9 1,21 2
30	7 0 0 0 1 0 ,12 4
31	11 0 1 0 0 1 ,14 5,18 2
32	9 0 0 0 1 0 ,10 4
33	9 0 0 1 0 0 ,16 3
36	19 0 1 0 1 0 ,1 4,19 2
37	12 0 0 1 0 0 ,24 3
38	11 1 0 0 0 0 ,15 1
40	11 0 1 1 0 1 ,1 5,6 3,15 2
43	9 1 0 0 0 1 ,16 1,19 5
44	7 0 0 0 0 1 ,0 5
45	7 1 0 0 0 0 ,12 1
47	9 0 0 1 1 0 ,6 4,10 3
48	5 0 1 0 0 1 ,4 5,10 2
50	13 0 1 0 0 1 ,19 5,27 2
51	13 0 0 0 1 0 ,27 4
52	11 1 0 0 0 0 ,13 1
54	14 1 0 1 0 0 ,21 1,26 3
56	11 0 0 0 2 0 ,14 4,21 4
57	14 1 0 0 0 0 ,26 1
60	6 0 0 0 1 0 ,9 4
63	12 0 0 0 0 1 ,25 5
64	19 0 0 1 0 0 ,18 3
69	14 0 1 0 0 0 ,26 2
70	11 0 1 0 0 0 ,23 2
71	12 0 0 1 0 0 ,25 3
72	11 0 0 1 1 0 ,13 4,19 3
74	11 1 0 0 0 0 ,23 1
75	7 0 1 0 0 0 ,12 2
76	11 1 0 0 0 0 ,14 1
77	19 1 0 0 0 0 ,1 1
79	11 1 0 0 1 0 ,1 1,15 4
80	13 0 0 0 1 0 ,27 4
81	5 1 0 1 0 0 ,6 1,8 3
82	3 0 1 1 0 0 ,7 2,22 3
84	12 0 1 0 0 0 ,6 2
85	11 1 0 1 0 0 ,23 3,26 1
86	2 0 1 0 0 0 ,5 2
89	19 0 0 1 0 0 ,18 3
92	6 0 1 0 0 0 ,17 2
93	12 1 0 0 0 0 ,25 1
94	12 1 1 0 0 1 ,18 5,24 1,26 2
95	1 2 0 0 0 0 ,11 1,15 1
96	14 0 1 0 0 0 ,21 2
97	11 1 0 1 1 0 ,13 4,18 1,25 3
