0	11 0 0 0 0 1 ,20 5
1	12 0 0 0 0 1 ,3 5
3	16 0 0 1 0 0 ,1 3
5	15 0 0 0 1 0 ,7 4
6	7 1 0 0 0 0 ,19 1
8	18 1 0 0 0 0 ,12 1
9	20 0 0 0 0 1 ,11 5
10	9 0 0 0 0 1 ,18 5
11	2 1 1 0 0 0 ,15 2,16 1
12	9 1 0 0 0 0 ,18 1
16	10 0 0 0 0 2 ,0 5,12 5
17	7 1 0 0 0 0 ,19 1
18	7 1 0 0 0 0 ,13 1
19	18 0 1 0 0 0 ,12 2
21	10 1 0 0 0 0 ,0 1
22	20 0 0 0 0 1 ,4 5
24	20 1 0 0 0 0 ,11 1
25	15 0 0 0 1 0 ,7 4
26	12 0 0 0 1 0 ,3 4
28	5 0 1 0 0 0 ,9 2
35	10 0 0 0 1 0 ,16 4
36	12 0 0 1 0 0 ,3 3
37	18 0 0 0 1 0 ,12 4
38	18 0 1 0 0 0 ,12 2
39	13 1 1 0 0 0 ,6 2,7 1
41	9 1 0 0 0 0 ,18 1
44	14 0 0 1 0 0 ,2 3
45	13 0 0 0 0 1 ,6 5
47	5 0 0 0 0 1 ,17 5
50	3 1 0 1 0 1 ,1 3,5 1,6 5
51	9 1 0 0 0 0 ,18 1
55	10 0 1 0 0 0 ,16 2
56	15 1 0 1 0 1 ,4 5,7 3,11 1
57	16 0 0 0 0 1 ,1 5
59	5 0 1 0 0 1 ,9 2,11 5
60	14 1 0 0 0 0 ,2 1
61	11 0 1 0 0 0 ,20 2
64	5 2 0 0 0 0 ,9 1,18 1
65	15 0 0 1 0 0 ,7 3
66	4 1 0 0 1 0 ,1 1,10 4
67	10 0 0 1 0 0 ,16 3
70	9 1 1 0 0 0 ,0 2,14 1
72	7 1 0 0 0 0 ,13 1
76	9 0 0 0 0 1 ,14 5
77	18 0 0 0 1 0 ,12 4
78	3 0 1 0 0 0 ,5 2
81	20 0 0 0 0 1 ,11 5
82	7 0 0 0 1 2 ,1 4,4 5,13 5
84	10 0 1 0 0 0 ,0 2
85	9 0 0 1 0 0 ,14 3
86	13 1 0 0 0 0 ,6 1
87	14 0 1 0 0 0 ,2 2
90	14 0 0 0 1 0 ,2 4
92	4 0 0 0 1 0 ,8 4
93	20 0 0 1 0 0 ,11 3
94	14 0 0 0 1 1 ,2 4,4 5
96	7 0 0 0 0 1 ,19 5
97	11 0 0 0 1 0 ,20 4
