0	14 0 0 0 1 0 ,26 4
2	6 1 1 1 1 0 ,8 2,24 1,30 3,33 4
3	6 0 0 1 0 1 ,7 5,8 3
4	8 0 1 1 0 0 ,19 2,29 3
5	5 0 1 0 0 0 ,4 2
6	16 0 1 0 0 0 ,19 2
7	12 1 0 0 0 0 ,16 1
8	12 0 0 0 0 2 ,6 5,8 5
9	14 0 1 0 0 0 ,26 2
10	12 0 0 0 0 1 ,12 5
11	11 0 0 0 0 1 ,10 5
12	3 0 0 2 0 0 ,18 3,24 3
14	10 0 0 1 0 0 ,33 3
15	9 0 1 0 0 0 ,14 2
16	9 0 0 0 0 1 ,17 5
17	15 0 0 0 1 1 ,19 4,31 5
18	9 0 0 0 1 0 ,14 4
25	16 0 0 0 0 1 ,30 5
26	14 0 0 0 1 0 ,5 4
27	4 0 1 1 1 0 ,1 2,9 4,12 3
31	16 1 0 0 0 0 ,19 1
32	14 0 0 1 0 0 ,5 3
34	6 1 1 0 0 0 ,0 2,20 1
35	5 0 1 1 0 0 ,2 2,29 3
37	6 1 1 0 0 1 ,13 2,15 1,20 5
38	12 1 0 1 0 0 ,16 1,31 3
41	10 0 1 0 0 0 ,21 2
42	14 0 0 1 0 0 ,26 3
44	8 1 0 0 1 0 ,0 1,8 4
46	14 0 0 0 1 0 ,5 4
47	11 0 0 0 0 1 ,11 5
49	7 1 0 0 0 0 ,27 1
50	4 1 0 0 1 1 ,2 1,22 4,31 5
55	12 1 1 0 0 0 ,6 2,16 1
56	11 0 0 0 1 0 ,10 4
57	5 0 1 0 0 0 ,2 2
58	14 1 0 0 0 0 ,5 1
60	11 0 0 0 0 1 ,15 5
61	16 0 0 0 0 1 ,19 5
62	6 1 1 0 0 0 ,7 1,10 2
65	16 1 0 0 0 0 ,30 1
66	8 0 0 2 0 0 ,25 3,28 3
67	10 0 0 1 0 0 ,33 3
68	11 0 0 1 0 0 ,11 3
69	12 0 0 1 0 0 ,16 3
72	9 0 0 0 0 1 ,23 5
73	8 0 0 2 0 0 ,21 3,25 3
74	9 0 1 0 0 1 ,15 5,23 2
75	12 0 0 0 0 1 ,16 5
76	10 0 0 0 0 1 ,21 5
77	9 1 0 0 0 0 ,28 1
78	9 1 1 0 1 0 ,5 2,12 4,17 1
79	6 0 0 3 0 0 ,1 3,17 3,30 3
80	16 0 1 0 0 0 ,19 2
82	6 0 1 0 1 1 ,0 5,13 4,23 2
85	5 1 1 0 1 1 ,3 5,11 2,27 4,29 1
86	12 0 1 0 0 1 ,6 5,31 2
87	8 1 1 0 0 0 ,25 2,29 1
88	9 0 0 0 1 0 ,28 4
89	6 0 1 1 0 0 ,14 3,24 2
90	9 2 0 0 0 0 ,11 1,28 1
91	16 0 0 0 1 0 ,30 4
92	14 0 0 0 0 1 ,26 5
93	7 0 1 0 0 0 ,27 2
95	5 1 0 0 0 1 ,16 1,32 5
96	5 0 0 1 0 0 ,4 3
98	6 1 0 0 0 0 ,1 1
