0	16 0 2 0 1 0 ,1 4,12 2,15 2
4	13 0 0 1 0 0 ,8 3
5	16 0 0 0 1 0 ,15 4
6	9 1 0 0 0 0 ,20 1
7	13 0 0 0 1 0 ,9 4
13	8 0 0 0 0 1 ,21 5
15	16 1 0 0 0 0 ,15 1
17	11 0 1 0 0 0 ,0 2
18	2 0 1 0 0 0 ,14 2
20	1 1 0 0 0 1 ,1 5,19 1
21	4 0 0 1 1 1 ,5 4,7 3,12 5
24	10 0 1 0 0 0 ,17 2
25	8 1 0 0 0 0 ,18 1
26	11 0 0 0 0 1 ,0 5
27	21 0 0 0 0 1 ,4 5
28	6 0 0 2 0 0 ,11 3,12 3
30	16 0 1 0 0 0 ,15 2
31	13 0 0 1 0 0 ,9 3
33	9 1 0 0 0 0 ,7 1
36	16 0 1 0 0 0 ,15 2
37	5 1 0 0 0 0 ,16 1
39	9 1 0 0 0 0 ,7 1
40	2 2 1 0 0 0 ,2 1,6 2,21 1
43	8 0 1 0 0 1 ,4 5,21 2
44	10 1 0 0 0 0 ,17 1
45	4 0 0 0 1 0 ,10 4
47	13 1 0 0 0 0 ,8 1
49	8 1 0 0 0 0 ,18 1
51	16 2 0 0 0 0 ,1 1,4 1
52	16 0 1 0 0 0 ,12 2
57	2 0 2 0 0 0 ,8 2,13 2
59	6 1 0 0 0 0 ,2 1
65	9 1 0 0 2 1 ,1 1,7 4,8 4,17 5
66	16 0 0 0 0 1 ,15 5
67	8 0 1 0 0 0 ,18 2
68	21 0 1 0 0 0 ,4 2
73	8 0 0 0 1 0 ,18 4
74	10 0 1 0 0 0 ,17 2
75	13 0 1 0 1 0 ,4 4,8 2
76	6 0 0 0 1 0 ,2 4
77	13 0 1 0 0 0 ,9 2
79	13 1 0 0 0 0 ,8 1
80	16 0 0 0 1 0 ,1 4
84	21 0 0 0 1 0 ,4 4
86	11 0 0 1 0 0 ,0 3
87	9 0 0 1 0 0 ,20 3
90	13 0 0 0 1 0 ,9 4
91	16 1 0 0 1 0 ,1 1,12 4
97	5 1 0 1 0 2 ,0 1,3 5,11 3,20 5
98	5 0 0 0 1 0 ,16 4
