0	16 0 1 0 0 0 ,4 2
2	10 0 0 1 0 1 ,9 3,13 5
3	13 0 0 0 1 2 ,4 4,11 5,19 5
6	10 0 1 0 0 0 ,9 2
7	7 1 1 0 0 0 ,7 2,36 1
8	18 1 0 1 1 0 ,2 1,12 3,23 4
9	18 1 0 0 0 0 ,12 1
10	10 1 0 1 0 1 ,2 5,7 3,33 1
11	16 0 1 0 0 0 ,11 2
12	16 0 0 0 0 1 ,11 5
14	1 1 1 0 0 0 ,23 2,26 1
15	7 0 1 0 1 1 ,1 4,6 5,11 2
16	23 0 0 0 0 1 ,2 5
17	6 0 0 0 0 1 ,21 5
18	10 0 0 1 1 0 ,3 4,6 3
19	9 0 1 0 1 0 ,12 4,30 2
22	10 0 0 0 1 0 ,25 4
23	19 0 1 0 0 0 ,27 2
24	4 0 1 0 2 1 ,14 2,16 5,19 4,23 4
25	6 0 0 2 0 0 ,20 3,22 3
26	5 0 0 0 0 1 ,29 5
27	7 1 0 1 0 0 ,5 3,36 1
28	13 0 0 0 1 0 ,24 4
29	10 0 3 0 0 0 ,6 2,8 2,9 2
30	10 0 0 0 1 1 ,24 5,31 4
31	19 0 0 0 1 0 ,27 4
32	7 0 1 0 0 1 ,19 2,36 5
35	7 0 0 1 0 0 ,1 3
37	10 1 0 0 0 0 ,34 1
38	11 0 0 0 1 3 ,13 5,17 4,33 5,35 5
40	10 0 0 2 1 0 ,8 3,9 3,27 4
41	18 0 0 1 0 0 ,23 3
42	4 1 0 2 0 1 ,0 5,16 3,18 1,35 3
43	4 0 2 1 1 0 ,4 4,11 2,12 3,14 2
44	10 0 0 0 1 0 ,34 4
46	14 0 0 0 0 1 ,10 5
47	12 0 0 0 1 1 ,27 5,32 4
48	12 0 2 0 0 0 ,16 2,32 2
51	12 0 1 0 0 0 ,32 2
52	7 1 1 2 1 0 ,4 1,17 2,22 4,24 3,30 3
53	3 0 0 2 0 1 ,10 3,28 3,34 5
54	15 1 0 0 0 0 ,17 1
55	11 1 0 0 0 2 ,2 5,3 5,27 1
56	16 0 0 0 1 0 ,4 4
57	15 0 0 0 2 0 ,8 4,13 4
58	4 0 2 0 1 0 ,17 4,18 2,25 2
63	9 0 1 0 0 0 ,30 2
64	14 0 0 0 0 2 ,0 5,5 5
65	9 0 2 0 0 1 ,7 5,19 2,30 2
69	14 0 0 1 0 0 ,0 3
71	6 1 1 0 0 0 ,8 2,21 1
72	15 0 0 1 0 0 ,5 3
73	13 1 0 0 1 0 ,10 4,16 1
74	4 1 1 0 0 0 ,18 1,31 2
75	10 0 0 1 1 0 ,27 3,31 4
76	15 1 0 0 0 1 ,5 1,35 5
77	14 1 0 0 0 0 ,0 1
78	13 0 1 0 0 0 ,16 2
79	16 1 0 0 0 0 ,8 1
80	15 0 0 0 1 0 ,17 4
81	6 0 0 1 0 0 ,20 3
85	10 1 0 0 3 0 ,4 1,12 4,25 4,35 4
87	11 0 0 0 0 1 ,33 5
88	18 0 0 0 0 1 ,23 5
89	12 1 0 0 1 0 ,13 1,32 4
90	23 0 0 0 0 1 ,2 5
92	16 0 0 0 1 0 ,8 4
93	15 0 0 1 0 0 ,5 3
96	3 0 1 1 0 0 ,3 2,15 3
98	13 1 1 1 0 0 ,2 2,12 3,24 1
99	14 0 1 0 0 0 ,10 2
