0	14 0 0 1 1 1 ,6 5,20 3,25 4
3	13 1 0 0 1 0 ,12 1,28 4
7	15 0 0 0 1 0 ,9 4
8	12 0 1 0 1 0 ,28 4,34 2
9	6 0 0 1 0 0 ,26 3
11	16 0 0 1 0 0 ,12 3
16	12 0 0 0 0 2 ,4 5,22 5
17	18 0 0 0 1 0 ,11 4
19	11 0 0 0 0 1 ,2 5
20	13 0 0 1 0 0 ,17 3
21	21 0 0 0 0 1 ,23 5
22	14 1 0 0 1 0 ,6 1,12 4
23	21 0 0 0 0 1 ,29 5
24	7 0 1 0 0 0 ,8 2
26	11 1 0 0 0 0 ,2 1
27	12 1 0 0 1 0 ,12 1,27 4
28	5 0 1 0 1 1 ,16 4,17 2,34 5
30	17 0 1 0 1 0 ,11 2,24 4
32	11 1 0 1 0 0 ,5 3,10 1
34	15 0 1 0 0 0 ,25 2
35	16 0 0 0 0 1 ,20 5
36	11 1 0 0 0 0 ,10 1
37	7 2 0 0 0 0 ,8 1,20 1
38	7 0 0 0 0 2 ,3 5,13 5
39	7 1 0 1 0 1 ,2 5,13 1,24 3
40	11 0 1 1 0 2 ,3 5,5 3,9 2,17 5
43	6 0 0 1 1 1 ,9 3,12 5,21 4
44	12 0 1 0 0 0 ,27 2
45	15 0 0 0 2 0 ,1 4,20 4
46	12 1 0 1 0 0 ,20 3,27 1
47	12 0 1 1 0 0 ,4 2,32 3
48	17 0 0 0 1 0 ,24 4
49	17 1 0 0 1 0 ,23 4,24 1
50	7 0 2 0 0 4 ,9 2,18 5,22 2,24 5,25 5,29 5
52	7 0 0 0 1 0 ,8 4
53	15 0 1 0 0 0 ,25 2
54	19 0 0 0 1 0 ,32 4
57	5 1 0 1 0 0 ,5 3,16 1
59	15 0 0 0 1 0 ,1 4
60	12 0 0 1 1 0 ,27 3,34 4
61	15 0 1 0 0 1 ,22 5,25 2
62	14 0 2 1 0 0 ,1 2,6 3,12 2
63	15 0 0 0 1 1 ,9 4,29 5
64	15 0 0 1 0 1 ,22 3,23 5
65	1 1 1 0 0 1 ,5 2,6 5,33 1
66	3 0 0 1 0 0 ,31 3
70	2 0 3 1 0 0 ,3 2,11 2,14 3,15 2
71	5 0 2 0 0 0 ,1 2,19 2
72	12 0 1 0 0 0 ,4 2
73	18 0 0 2 1 0 ,11 3,29 3,32 4
76	6 0 1 0 1 1 ,21 2,30 5,32 4
77	18 0 0 1 0 0 ,11 3
78	7 0 1 1 0 0 ,18 2,23 3
79	7 1 0 1 0 0 ,13 1,32 3
80	6 0 0 1 0 0 ,26 3
81	12 0 1 0 0 0 ,27 2
83	5 0 0 1 0 0 ,19 3
84	16 0 0 1 1 0 ,3 4,29 3
87	13 0 0 1 0 0 ,17 3
89	18 0 0 0 1 0 ,11 4
90	15 0 0 1 0 0 ,1 3
91	6 1 1 0 1 0 ,7 2,23 4,32 1
93	8 0 0 2 0 0 ,14 3,30 3
94	6 1 0 0 2 0 ,7 4,10 4,34 1
95	13 0 0 0 0 1 ,28 5
96	8 0 1 0 0 0 ,14 2
97	11 0 0 1 0 0 ,10 3
98	3 0 0 1 0 0 ,0 3
99	11 0 1 1 0 0 ,4 3,10 2
