0	5 0 0 0 1 2 ,1 4,5 5,16 5
1	3 1 0 1 0 0 ,8 3,17 1
2	21 0 0 0 1 0 ,4 4
3	22 0 0 0 1 0 ,11 4
4	8 0 1 0 0 0 ,15 2
5	17 0 0 0 0 2 ,5 5,19 5
6	22 0 0 0 1 0 ,11 4
7	14 0 0 0 1 0 ,6 4
8	10 1 0 1 0 0 ,10 3,21 1
10	13 1 0 0 0 0 ,9 1
13	10 0 1 0 1 0 ,0 2,13 4
15	21 0 0 0 0 1 ,4 5
16	17 0 1 0 0 0 ,14 2
20	10 0 0 0 0 1 ,21 5
21	22 0 0 0 1 0 ,16 4
22	22 0 0 1 0 0 ,16 3
23	8 0 0 0 2 0 ,15 4,19 4
25	21 0 1 0 0 0 ,4 2
26	5 0 0 0 2 0 ,3 4,16 4
27	13 1 0 1 1 0 ,5 1,11 4,13 3
31	6 1 0 0 2 0 ,2 4,12 1,18 4
32	5 1 1 1 0 0 ,1 1,9 3,12 2
33	8 0 0 0 1 0 ,2 4
35	19 0 0 0 1 0 ,5 4
36	10 0 0 1 0 0 ,0 3
37	21 0 0 0 0 1 ,4 5
39	22 0 1 0 0 0 ,11 2
40	13 0 1 0 0 0 ,12 2
41	14 0 0 1 0 0 ,6 3
42	12 1 0 0 0 0 ,20 1
43	10 0 0 0 1 0 ,21 4
44	16 0 0 0 0 1 ,10 5
46	17 0 0 0 0 1 ,14 5
47	12 1 0 0 0 0 ,20 1
48	13 1 0 2 0 0 ,4 1,10 3,13 3
49	13 0 0 1 0 1 ,9 5,13 3
52	13 0 1 0 0 0 ,12 2
53	22 0 0 0 0 1 ,11 5
55	5 1 0 0 0 1 ,3 1,7 5
56	22 0 0 0 1 0 ,16 4
58	13 0 1 0 0 0 ,12 2
59	14 1 0 0 0 0 ,6 1
61	13 0 0 0 1 0 ,9 4
63	8 0 1 0 0 0 ,15 2
64	17 1 0 0 0 0 ,14 1
65	17 1 0 0 0 1 ,14 5,19 1
66	16 0 1 0 0 0 ,10 2
67	15 0 0 0 0 1 ,7 5
68	14 0 0 2 0 0 ,6 3,11 3
70	12 0 1 0 0 1 ,17 2,20 5
75	12 1 0 0 1 0 ,12 4,17 1
78	10 0 1 0 0 0 ,0 2
79	14 0 1 1 0 0 ,6 3,16 2
80	6 0 1 0 0 0 ,18 2
83	12 0 1 0 2 0 ,4 4,17 4,19 2
84	12 0 0 0 0 1 ,20 5
85	17 0 0 0 0 1 ,19 5
86	17 0 0 0 1 0 ,14 4
89	12 0 0 0 1 0 ,17 4
90	10 0 0 1 0 0 ,0 3
93	15 0 0 0 0 1 ,7 5
95	16 0 0 1 0 0 ,10 3
97	19 0 0 0 1 0 ,5 4
