0	23 0 0 0 1 0 ,16 4
1	8 1 0 0 0 1 ,4 1,12 5
2	12 0 0 0 2 0 ,18 4,26 4
3	13 0 0 0 0 1 ,12 5
5	13 0 0 0 0 1 ,11 5
7	7 1 0 0 0 0 ,2 1
9	5 1 0 1 0 0 ,25 3,27 1
11	14 0 0 0 0 1 ,29 5
12	13 0 1 0 0 0 ,11 2
13	17 0 0 0 1 0 ,7 4
14	8 0 1 0 1 0 ,5 4,27 2
15	22 0 0 1 0 0 ,18 3
16	4 0 1 0 2 0 ,16 2,20 4,29 4
17	23 0 0 0 1 0 ,16 4
18	12 0 0 0 2 0 ,28 4,32 4
19	10 0 0 1 0 2 ,11 3,18 5,21 5
20	11 0 0 1 0 0 ,22 3
21	5 3 0 0 0 1 ,0 5,2 1,9 1,13 1
25	18 0 0 0 1 0 ,10 4
26	17 0 0 0 1 0 ,30 4
27	8 0 0 1 1 0 ,14 3,34 4
29	17 0 0 0 0 1 ,30 5
30	8 0 2 0 0 1 ,8 5,12 2,14 2
31	5 0 0 0 1 1 ,19 5,26 4
32	7 0 1 0 1 0 ,17 2,27 4
33	12 0 1 0 0 0 ,26 2
34	14 0 0 0 0 1 ,29 5
36	8 0 0 2 0 0 ,10 3,14 3
37	8 0 0 2 0 0 ,4 3,13 3
39	19 0 0 0 0 2 ,32 5,33 5
41	8 0 0 0 1 0 ,4 4
44	16 1 1 0 0 0 ,5 1,31 2
47	24 0 0 0 1 0 ,33 4
48	5 0 1 0 0 1 ,9 5,25 2
49	19 1 0 0 0 0 ,32 1
50	11 1 0 0 1 1 ,5 4,9 5,12 1
51	7 0 0 1 0 1 ,17 5,23 3
52	1 1 0 0 1 0 ,1 1,16 4
53	14 0 0 0 2 0 ,7 4,8 4
54	6 1 1 0 0 1 ,3 5,22 2,27 1
58	12 1 1 0 0 0 ,28 1,30 2
59	16 0 0 0 1 1 ,31 4,33 5
60	24 0 0 1 0 0 ,33 3
61	8 2 0 0 1 0 ,13 1,16 4,31 1
62	16 0 0 0 1 0 ,31 4
63	6 1 1 0 1 0 ,18 2,22 4,24 1
66	8 0 1 0 1 0 ,13 2,18 4
67	6 0 0 0 0 1 ,24 5
68	13 0 0 2 1 0 ,7 3,10 4,11 3
69	12 0 1 0 0 0 ,28 2
70	5 0 1 0 0 0 ,6 2
71	17 1 0 0 2 0 ,7 4,10 1,32 4
72	3 0 0 1 0 0 ,15 3
74	5 1 0 0 1 0 ,6 1,28 4
75	9 0 0 0 0 2 ,8 5,34 5
76	8 0 1 0 0 0 ,23 2
77	16 0 1 0 0 0 ,31 2
78	16 0 2 0 0 0 ,5 2,10 2
79	24 0 0 0 0 1 ,33 5
80	17 0 1 0 0 0 ,7 2
82	22 0 0 0 1 0 ,18 4
83	11 0 2 0 0 0 ,22 2,26 2
84	8 0 1 0 1 1 ,10 4,23 2,32 5
86	17 0 1 0 0 0 ,30 2
87	5 0 1 0 0 1 ,5 5,6 2
92	8 1 0 1 0 0 ,13 1,31 3
93	17 0 0 0 1 0 ,30 4
94	24 0 1 0 0 0 ,33 2
95	10 0 0 0 0 1 ,21 5
96	6 1 0 0 0 0 ,3 1
98	8 2 0 0 0 0 ,23 1,28 1
99	7 0 0 0 0 2 ,2 5,16 5
