0	3 0 0 1 3 0 ,1 4,14 4,15 4,23 3
1	11 0 0 0 1 0 ,1 4
2	10 0 3 0 0 0 ,3 2,12 2,21 2
3	15 0 1 0 0 1 ,3 5,18 2
4	14 0 1 1 0 0 ,5 3,17 2
6	7 0 0 1 0 0 ,11 3
7	17 0 0 0 0 1 ,9 5
8	20 1 0 0 0 0 ,15 1
9	9 0 0 0 1 1 ,0 5,15 4
10	20 0 0 0 1 0 ,15 4
12	6 0 0 1 0 0 ,10 3
13	7 0 1 0 0 1 ,8 5,20 2
14	4 0 1 0 0 0 ,19 2
16	7 0 0 0 0 1 ,20 5
17	16 0 1 0 0 0 ,18 2
18	10 0 1 0 0 1 ,4 2,16 5
19	20 1 0 0 0 0 ,2 1
21	18 1 0 0 0 0 ,14 1
24	18 0 0 0 1 0 ,14 4
25	18 0 1 0 0 0 ,14 2
26	13 1 0 0 0 1 ,6 1,21 5
28	14 0 0 0 0 2 ,2 5,5 5
30	4 1 1 0 0 0 ,17 2,19 1
31	16 0 0 2 0 1 ,2 3,6 5,18 3
34	10 0 0 0 1 0 ,12 4
35	20 0 0 0 1 0 ,15 4
37	15 0 0 0 1 1 ,6 4,8 5
42	22 0 0 0 0 1 ,16 5
44	20 0 0 0 0 1 ,2 5
45	14 0 0 0 0 1 ,5 5
47	15 0 1 0 0 0 ,8 2
51	11 1 0 2 0 0 ,1 3,3 1,17 3
54	4 1 0 1 1 0 ,7 4,14 3,16 1
57	9 1 0 0 1 0 ,0 1,6 4
58	15 0 0 1 0 0 ,3 3
59	13 1 0 0 0 1 ,18 5,21 1
60	16 0 0 0 1 0 ,18 4
61	7 0 0 0 1 0 ,13 4
63	22 0 0 0 0 1 ,16 5
65	10 0 0 0 0 1 ,4 5
67	13 1 1 0 0 1 ,2 2,5 1,21 5
69	7 0 0 0 1 0 ,11 4
70	17 0 0 0 0 2 ,6 5,9 5
71	15 0 0 0 2 0 ,3 4,9 4
72	22 1 0 0 0 0 ,16 1
74	15 0 0 1 0 1 ,8 3,16 5
77	10 0 0 1 0 0 ,4 3
78	7 1 0 0 0 0 ,13 1
79	15 0 0 1 0 0 ,17 3
80	4 0 0 0 1 0 ,22 4
82	6 0 0 1 0 0 ,10 3
83	18 0 0 0 1 0 ,14 4
90	9 0 0 1 0 0 ,0 3
91	17 0 0 1 1 0 ,2 4,9 3
93	4 1 0 0 0 0 ,19 1
95	10 0 0 0 1 0 ,12 4
96	7 0 1 0 0 1 ,13 2,17 5
97	20 0 0 1 0 0 ,15 3
99	22 0 0 1 0 0 ,6 3
