0	28 0 0 0 0 1 ,16 5
1	15 0 0 1 1 0 ,11 4,30 3
4	3 0 0 1 0 1 ,8 3,14 5
5	7 0 0 0 1 2 ,1 5,16 4,29 5
6	9 0 1 1 2 0 ,3 3,4 2,16 4,17 4
8	16 0 0 0 1 0 ,12 4
10	13 0 1 1 1 1 ,12 5,13 4,24 3,33 2
12	14 0 1 0 0 1 ,33 2,35 5
13	13 1 0 0 0 0 ,26 1
14	7 1 0 0 0 1 ,0 5,21 1
15	15 0 0 0 1 0 ,21 4
16	15 0 1 0 0 2 ,7 5,10 5,30 2
17	13 1 0 1 0 0 ,26 1,29 3
18	7 1 0 1 0 1 ,1 1,7 3,35 5
19	18 0 0 1 0 1 ,7 5,35 3
21	15 0 1 0 1 0 ,10 4,14 2
22	7 1 1 0 0 0 ,1 1,4 2
23	7 1 0 0 0 0 ,2 1
24	7 0 3 0 0 0 ,2 2,14 2,30 2
25	6 1 0 0 0 0 ,5 1
26	13 0 0 0 1 0 ,24 4
27	3 1 0 0 0 0 ,27 1
28	4 0 0 1 1 0 ,6 3,34 4
30	8 0 0 0 1 1 ,14 4,20 5
32	16 1 0 0 0 0 ,13 1
34	13 0 2 1 0 0 ,9 2,26 3,35 2
35	13 0 0 1 0 0 ,24 3
36	13 0 0 0 0 2 ,16 5,17 5
37	15 1 0 0 1 0 ,12 1,21 4
38	19 0 1 0 0 1 ,7 2,16 5
39	19 0 0 0 1 0 ,29 4
41	9 0 0 2 0 1 ,3 3,21 3,28 5
42	9 0 0 1 0 0 ,18 3
43	14 0 0 1 0 0 ,33 3
44	12 0 0 1 0 0 ,32 3
45	15 0 1 1 1 0 ,10 2,11 3,14 4
49	13 0 0 0 1 0 ,26 4
50	9 0 0 2 1 0 ,9 3,18 3,30 4
51	14 0 1 0 0 1 ,11 2,31 5
52	18 0 0 1 0 0 ,35 3
55	12 0 0 2 0 1 ,11 3,24 3,32 5
56	15 0 0 1 0 0 ,30 3
57	6 0 0 1 1 0 ,23 4,33 3
58	4 1 0 0 0 0 ,15 1
60	4 0 0 1 1 0 ,15 3,22 4
61	7 0 1 0 0 0 ,2 2
63	9 0 0 0 0 1 ,4 5
64	8 0 0 2 0 0 ,3 3,20 3
65	13 0 0 0 1 0 ,17 4
67	13 1 0 0 0 0 ,26 1
68	13 0 0 1 1 1 ,6 4,16 5,26 3
69	9 1 0 0 0 0 ,18 1
70	19 1 0 0 0 1 ,11 5,29 1
71	7 0 1 1 0 0 ,0 2,31 3
72	6 1 1 0 1 0 ,6 1,7 4,23 2
74	16 1 0 1 1 0 ,6 4,12 3,13 1
75	15 1 1 1 1 0 ,6 4,9 2,13 1,29 3
76	7 1 1 0 0 1 ,2 2,30 1,31 5
77	10 1 0 0 0 1 ,19 5,28 1
78	9 0 1 1 1 1 ,9 5,10 4,12 3,18 2
79	4 0 0 1 2 0 ,5 3,13 4,25 4
80	16 0 0 0 0 1 ,13 5
83	17 1 0 0 0 0 ,6 1
84	3 0 2 0 0 0 ,5 2,27 2
88	14 0 0 0 1 0 ,33 4
89	15 0 0 1 0 0 ,21 3
90	10 0 0 1 0 1 ,9 3,19 5
91	13 0 0 0 0 1 ,28 5
92	13 0 1 0 0 0 ,28 2
93	12 0 0 0 1 0 ,32 4
94	7 0 0 1 0 0 ,22 3
96	14 1 0 0 0 0 ,31 1
99	19 0 1 1 0 0 ,11 2,29 3
