0	6 1 1 0 0 0 ,2 2,5 1
2	8 0 0 0 0 2 ,12 5,20 5
3	10 0 1 0 1 0 ,10 4,18 2
8	6 1 0 1 0 2 ,5 1,6 5,16 3,18 5
9	12 1 0 0 0 0 ,21 1
10	17 0 0 1 0 0 ,11 3
11	8 0 0 1 0 0 ,12 3
12	6 1 1 0 0 1 ,5 2,18 5,20 1
13	10 0 0 0 0 1 ,6 5
14	20 0 0 0 1 0 ,18 4
16	13 1 0 0 0 0 ,20 1
18	9 0 1 0 0 0 ,16 2
19	14 0 0 0 1 0 ,4 4
20	6 0 0 0 0 1 ,3 5
23	2 0 1 0 0 0 ,19 2
24	14 0 0 1 0 0 ,4 3
25	6 0 1 1 0 0 ,17 2,20 3
27	9 0 0 0 1 0 ,16 4
29	14 0 0 0 0 1 ,4 5
35	10 0 0 1 0 0 ,2 3
37	10 1 0 0 0 0 ,10 1
38	12 0 0 1 0 0 ,21 3
40	12 0 1 0 0 0 ,21 2
44	12 0 0 0 1 0 ,21 4
46	9 1 0 0 0 0 ,13 1
47	2 0 1 0 0 0 ,14 2
48	10 0 1 1 0 0 ,7 2,10 3
50	10 0 1 1 0 0 ,2 3,11 2
51	2 1 1 0 0 0 ,0 2,13 1
52	10 1 0 0 0 0 ,7 1
55	10 0 1 0 0 0 ,7 2
56	9 0 0 2 0 0 ,11 3,13 3
59	6 1 0 0 0 0 ,3 1
60	20 0 0 0 1 0 ,18 4
63	6 0 1 0 0 0 ,5 2
64	10 0 1 0 0 0 ,10 2
67	9 0 1 0 1 0 ,4 2,13 4
69	12 0 1 0 0 0 ,21 2
71	3 0 0 1 1 0 ,1 3,17 4
74	10 0 0 0 0 1 ,7 5
80	3 0 0 1 1 0 ,11 4,15 3
81	10 0 1 0 0 0 ,2 2
84	17 1 0 0 0 0 ,11 1
87	2 0 1 0 1 0 ,11 4,22 2
96	1 1 0 0 0 0 ,9 1
98	13 0 0 1 0 0 ,20 3
99	4 0 0 0 1 0 ,8 4
