0	14 0 2 0 0 0 ,10 2,12 2
3	13 0 0 0 1 0 ,6 4
4	18 0 0 0 0 1 ,5 5
6	1 1 0 0 1 0 ,0 4,8 1
7	23 0 0 0 0 1 ,10 5
9	10 0 0 0 0 1 ,9 5
10	12 0 1 1 0 0 ,3 2,7 3
11	12 2 0 0 0 1 ,3 1,5 1,7 5
13	12 0 0 0 1 0 ,3 4
16	9 0 0 1 0 0 ,2 3
17	9 0 0 1 0 0 ,2 3
18	10 0 0 2 1 1 ,3 3,5 5,9 3,14 4
19	18 0 0 0 0 1 ,5 5
20	15 0 0 0 1 0 ,7 4
21	15 0 0 1 0 0 ,18 3
23	17 0 0 0 1 0 ,1 4
24	17 0 0 0 0 1 ,1 5
25	11 0 0 1 0 0 ,17 3
26	15 0 0 1 0 0 ,7 3
27	13 0 1 0 0 0 ,6 2
28	9 0 1 0 0 0 ,0 2
29	11 0 0 0 1 0 ,16 4
30	17 0 0 0 1 0 ,1 4
35	23 0 0 1 0 0 ,10 3
39	4 1 0 0 0 0 ,20 1
40	9 0 1 0 1 0 ,2 2,12 4
41	11 0 0 1 0 0 ,16 3
42	5 0 0 0 1 1 ,11 5,18 4
44	5 0 0 0 0 1 ,19 5
47	11 0 1 1 0 0 ,16 2,17 3
50	9 0 1 0 0 0 ,0 2
55	11 0 0 0 0 1 ,4 5
57	14 1 0 0 0 1 ,12 1,18 5
59	11 1 0 1 0 0 ,1 3,15 1
60	6 0 0 0 1 0 ,13 4
61	11 1 1 0 0 0 ,4 1,12 2
65	10 1 1 0 0 0 ,9 2,15 1
67	17 1 0 0 0 0 ,1 1
68	4 1 0 2 0 0 ,15 3,16 1,20 3
72	11 0 0 0 0 1 ,4 5
73	6 1 0 0 0 0 ,13 1
74	14 0 1 0 0 0 ,14 2
75	13 0 0 0 1 1 ,6 4,14 5
76	9 2 0 0 0 1 ,2 1,3 1,12 5
77	23 0 0 0 0 1 ,10 5
80	9 1 0 0 0 0 ,0 1
81	6 2 0 0 0 0 ,13 1,16 1
82	23 0 0 0 1 0 ,10 4
83	13 0 0 2 0 0 ,6 3,18 3
84	11 0 1 0 0 0 ,15 2
86	11 1 1 0 0 0 ,3 1,15 2
88	11 0 1 1 0 0 ,5 2,17 3
89	23 0 0 0 1 0 ,10 4
95	11 0 1 0 0 0 ,15 2
96	11 0 1 0 0 0 ,17 2
98	14 0 0 1 0 0 ,14 3
