0	14 0 0 1 0 0 ,23 3
2	16 1 0 0 1 0 ,14 1,27 4
4	21 0 0 0 1 0 ,27 4
5	22 0 0 0 0 1 ,15 5
6	10 0 0 0 3 0 ,15 4,17 4,33 4
7	10 0 1 1 0 0 ,9 3,20 2
8	11 2 2 0 0 0 ,4 2,5 1,16 2,24 1
9	16 0 0 2 0 0 ,16 3,22 3
10	17 0 0 1 0 0 ,21 3
11	11 0 1 0 0 0 ,5 2
12	10 1 0 1 0 0 ,1 1,14 3
13	12 0 0 0 0 1 ,25 5
14	13 0 1 0 1 1 ,17 5,21 2,26 4
15	16 1 0 0 0 0 ,24 1
16	10 0 0 1 1 0 ,3 3,19 4
18	12 1 1 0 0 1 ,19 2,21 1,25 5
20	10 0 2 0 0 0 ,9 2,29 2
21	22 0 0 0 1 0 ,39 4
22	2 0 1 0 0 0 ,30 2
23	17 0 1 0 0 0 ,21 2
24	6 1 1 0 0 0 ,14 2,18 1
25	6 2 1 0 0 0 ,7 2,9 1,18 1
26	11 0 1 0 0 0 ,7 2
27	10 1 0 1 0 0 ,25 1,38 3
28	14 0 1 0 0 0 ,23 2
29	19 0 0 0 1 0 ,32 4
30	11 1 0 0 1 0 ,7 4,17 1
31	6 0 0 1 0 1 ,18 3,38 5
33	14 0 0 0 1 0 ,26 4
35	12 1 0 1 0 0 ,25 1,29 3
36	19 0 1 0 0 1 ,11 2,27 5
37	2 0 1 0 1 1 ,11 4,24 5,34 2
40	16 0 1 1 0 0 ,4 3,39 2
41	10 1 1 0 1 1 ,8 5,14 4,27 2,33 1
42	10 1 1 1 1 0 ,1 3,3 2,6 4,22 1
43	10 0 1 1 1 0 ,5 2,9 3,32 4
44	11 2 0 0 0 1 ,5 1,20 5,27 1
45	14 0 1 0 0 0 ,29 2
46	16 0 0 1 0 1 ,15 3,22 5
48	9 1 0 1 2 1 ,13 4,14 1,23 4,33 3,35 5
49	4 0 1 0 0 0 ,10 2
50	16 0 0 0 1 1 ,4 4,11 5
51	22 0 0 0 1 0 ,15 4
52	5 0 1 0 1 1 ,2 2,23 5,39 4
53	3 0 0 1 0 0 ,12 3
54	10 0 1 0 0 0 ,3 2
55	20 0 0 0 0 1 ,20 5
57	16 2 0 0 0 0 ,16 1,24 1
58	16 0 0 0 1 0 ,28 4
59	15 0 1 0 0 1 ,16 5,19 2
60	19 0 2 0 0 0 ,11 2,15 2
61	16 0 1 0 0 0 ,28 2
62	15 1 0 0 2 1 ,4 4,8 5,11 1,19 4
63	11 2 0 1 0 0 ,6 1,8 3,32 1
64	16 0 0 0 0 1 ,28 5
65	16 0 0 0 1 1 ,14 5,37 4
66	13 0 0 1 0 1 ,16 5,17 3
68	10 0 0 2 1 0 ,1 3,13 4,37 3
69	15 1 0 1 0 0 ,19 1,32 3
70	21 0 0 1 0 1 ,27 5,39 3
71	11 1 1 0 1 0 ,6 1,15 4,19 2
72	18 0 0 0 1 0 ,8 4
73	11 0 1 0 0 1 ,6 2,13 5
74	14 0 0 0 0 1 ,26 5
75	10 0 0 1 0 1 ,1 3,37 5
77	5 1 0 0 0 0 ,31 1
79	16 0 1 0 0 0 ,22 2
80	10 0 1 0 0 0 ,38 2
81	6 1 0 2 1 0 ,4 3,18 1,20 3,39 4
82	4 0 1 0 2 0 ,10 2,21 4,36 4
83	10 0 1 1 0 0 ,3 3,33 2
84	19 0 0 1 0 0 ,32 3
85	1 1 1 1 0 0 ,0 1,7 3,20 2
86	9 0 0 0 1 2 ,21 5,35 4,39 5
87	14 0 1 1 0 0 ,29 3,37 2
88	20 0 0 1 0 0 ,20 3
89	14 1 0 0 0 0 ,26 1
90	20 0 0 0 0 1 ,13 5
91	11 0 0 1 0 0 ,6 3
92	19 0 0 0 1 0 ,32 4
93	14 1 0 0 1 0 ,8 1,29 4
94	16 0 1 0 0 1 ,13 2,28 5
95	10 1 0 0 0 1 ,5 5,9 1
96	16 0 0 0 0 1 ,22 5
97	16 0 0 0 2 0 ,24 4,37 4
98	5 0 0 0 1 1 ,11 5,31 4
99	5 0 0 1 1 0 ,2 3,24 4
