0	13 0 1 0 0 0 ,31 2
1	3 1 0 0 0 0 ,38 1
2	16 1 1 0 0 0 ,15 1,33 2
4	10 1 0 0 0 0 ,17 1
5	12 1 0 0 1 0 ,11 1,27 4
6	16 0 0 1 0 0 ,12 3
7	16 0 1 0 0 0 ,33 2
8	4 0 0 0 1 1 ,17 5,20 4
9	3 1 0 1 0 0 ,8 3,22 1
13	8 0 1 0 1 0 ,2 4,5 2
14	17 0 0 0 1 0 ,36 4
17	8 1 1 0 0 0 ,4 2,18 1
18	3 2 1 0 0 1 ,10 5,22 1,27 1,37 2
19	10 2 0 0 0 0 ,28 1,39 1
21	10 1 0 1 0 0 ,24 1,39 3
22	10 0 0 1 0 0 ,39 3
23	5 0 0 1 1 1 ,13 4,33 5,36 3
24	8 0 1 1 0 0 ,5 3,28 2
26	9 0 2 0 0 0 ,14 2,27 2
29	4 0 0 0 2 0 ,1 4,3 4
32	12 0 1 0 0 0 ,27 2
33	3 1 0 0 0 0 ,22 1
34	13 0 0 1 0 0 ,31 3
36	9 1 0 0 0 0 ,4 1
37	6 1 0 1 1 0 ,1 1,33 3,37 4
38	12 0 1 0 0 0 ,27 2
39	9 0 0 0 1 0 ,14 4
40	9 0 0 0 1 0 ,34 4
41	2 0 1 0 1 1 ,19 5,23 2,24 4
42	14 1 0 0 0 0 ,24 1
43	6 0 1 1 0 0 ,11 2,16 3
44	14 1 0 0 0 0 ,19 1
45	10 1 0 0 1 0 ,30 1,33 4
46	13 1 1 1 0 0 ,2 2,9 3,19 1
49	12 1 0 0 0 1 ,2 5,8 1
50	10 1 0 0 0 0 ,28 1
51	9 0 1 0 0 0 ,14 2
52	17 0 0 0 0 1 ,36 5
53	2 1 1 1 0 1 ,0 2,4 1,11 5,17 3
54	8 1 0 0 0 1 ,5 1,28 5
55	9 0 0 1 0 1 ,4 3,11 5
56	6 0 0 1 0 0 ,16 3
57	12 2 0 1 0 0 ,8 3,9 1,15 1
58	16 0 0 0 0 1 ,12 5
60	12 0 1 0 1 1 ,8 5,12 4,15 2
61	14 0 1 0 0 0 ,29 2
62	13 0 0 1 0 1 ,9 5,24 3
64	2 1 1 0 0 0 ,7 2,34 1
65	8 0 0 0 0 1 ,18 5
66	10 1 0 0 0 0 ,28 1
68	18 0 0 0 0 1 ,15 5
69	12 1 0 0 0 0 ,27 1
70	10 1 0 0 1 0 ,30 4,36 1
71	8 1 0 0 0 0 ,18 1
72	14 0 0 1 0 0 ,24 3
74	2 0 1 0 0 0 ,25 2
75	7 0 1 0 0 1 ,1 2,29 5
76	14 0 0 1 0 0 ,19 3
77	9 0 1 1 0 0 ,4 2,39 3
78	13 0 0 0 0 1 ,31 5
79	2 2 3 0 2 0 ,11 1,18 1,24 2,26 4,35 2,36 4,38 2
80	13 0 1 0 0 0 ,31 2
81	14 0 0 0 0 2 ,15 5,29 5
82	5 1 0 0 0 0 ,13 1
83	13 0 0 0 1 0 ,9 4
84	10 0 0 0 0 1 ,30 5
85	14 0 1 0 1 0 ,2 4,29 2
86	14 0 0 0 1 0 ,19 4
87	17 0 0 1 0 0 ,11 3
88	8 0 1 0 0 0 ,5 2
90	1 1 0 0 0 0 ,32 1
93	2 1 1 1 0 0 ,6 2,17 1,21 3
94	9 2 0 0 1 0 ,12 4,14 1,31 1
96	18 0 0 0 1 0 ,15 4
97	9 0 1 0 1 0 ,2 2,34 4
99	10 0 0 0 0 1 ,10 5
