2	16 1 0 0 0 0 ,9 1
3	7 0 1 0 0 0 ,7 2
4	19 0 0 0 1 0 ,20 4
5	18 0 0 0 0 1 ,1 5
6	13 0 0 0 0 1 ,6 5
7	8 0 0 0 0 1 ,16 5
9	9 0 2 0 2 0 ,5 2,9 2,12 4,21 4
10	13 0 0 1 0 1 ,17 3,21 5
11	19 1 0 0 0 0 ,20 1
13	13 0 0 0 1 0 ,21 4
14	12 0 1 1 1 0 ,1 3,3 4,18 2
16	10 0 0 1 0 0 ,10 3
18	19 0 1 0 0 0 ,20 2
20	13 0 0 0 1 0 ,6 4
21	7 0 0 2 0 0 ,7 3,19 3
24	16 0 0 0 1 1 ,9 4,17 5
25	11 0 1 0 0 0 ,19 2
28	10 0 1 1 0 0 ,10 2,15 3
29	12 1 0 0 0 0 ,11 1
31	11 0 1 0 1 0 ,19 2,22 4
34	18 0 0 2 0 0 ,1 3,17 3
35	21 0 0 0 1 0 ,22 4
37	9 0 0 1 0 0 ,8 3
38	8 0 1 0 0 0 ,16 2
41	18 1 0 0 0 0 ,1 1
42	6 0 1 1 0 2 ,1 3,2 5,12 2,22 5
43	15 1 0 0 0 0 ,18 1
46	18 0 0 1 0 0 ,1 3
48	12 1 0 0 0 0 ,3 1
49	12 0 0 0 0 1 ,11 5
51	12 0 0 0 1 0 ,3 4
52	9 0 0 0 0 1 ,8 5
54	9 0 0 0 0 1 ,5 5
55	11 1 0 0 0 0 ,19 1
56	7 0 0 0 0 1 ,14 5
57	6 1 0 0 0 0 ,2 1
59	16 0 0 1 0 0 ,9 3
61	9 0 0 0 0 1 ,4 5
64	16 0 0 1 0 0 ,9 3
67	13 0 1 0 0 0 ,6 2
69	9 0 1 1 0 0 ,5 2,9 3
71	6 1 1 0 0 1 ,0 2,16 1,22 5
72	19 0 1 0 0 0 ,20 2
74	7 1 0 1 1 0 ,4 3,7 1,18 4
75	11 0 0 2 0 0 ,12 3,19 3
76	9 1 0 0 0 0 ,8 1
77	3 0 0 2 0 1 ,0 3,20 5,23 3
78	13 1 0 0 0 0 ,6 1
79	10 0 0 0 1 1 ,10 5,17 4
80	19 0 1 0 0 0 ,12 2
82	6 1 0 0 0 1 ,0 1,18 5
83	19 0 0 0 0 2 ,15 5,20 5
84	19 0 0 0 0 1 ,15 5
85	12 0 1 0 0 0 ,11 2
86	7 0 0 3 0 0 ,3 3,11 3,24 3
87	12 1 0 0 0 0 ,11 1
88	15 0 0 1 0 0 ,18 3
89	7 1 1 0 0 0 ,6 1,14 2
90	19 0 0 0 0 1 ,12 5
92	19 1 0 0 0 0 ,15 1
94	5 0 0 0 0 1 ,13 5
95	7 1 0 0 0 0 ,24 1
96	20 0 0 0 0 1 ,17 5
97	7 1 0 1 0 0 ,7 1,12 3
98	7 0 0 1 0 0 ,24 3
99	9 1 0 1 0 1 ,4 1,15 5,22 3
