0	8 0 0 0 0 1 ,8 5
1	20 0 0 0 0 1 ,2 5
2	24 0 0 0 0 1 ,4 5
3	7 0 2 1 0 0 ,1 2,15 2,21 3
4	13 0 0 0 0 1 ,12 5
6	1 1 0 0 0 0 ,28 1
9	20 0 0 0 0 1 ,10 5
10	13 1 0 0 0 0 ,12 1
11	10 1 1 0 0 0 ,0 2,27 1
12	18 1 0 0 0 0 ,11 1
13	20 0 0 0 1 0 ,1 4
14	3 0 0 1 1 0 ,3 3,11 4
15	5 0 0 1 0 0 ,17 3
16	13 1 0 0 0 0 ,21 1
17	20 0 0 0 1 0 ,2 4
20	18 0 1 0 0 0 ,26 2
22	8 0 0 0 1 0 ,16 4
23	20 0 0 0 1 0 ,1 4
24	8 0 2 0 0 0 ,8 2,21 2
26	18 0 1 0 0 0 ,11 2
28	18 0 0 0 0 1 ,26 5
30	7 1 1 0 0 1 ,13 2,16 1,23 5
32	5 1 1 0 0 0 ,16 1,17 2
33	8 1 0 0 0 0 ,8 1
34	6 0 0 0 2 1 ,6 4,22 4,27 5
35	18 0 0 0 1 1 ,1 5,11 4
36	14 1 0 0 0 0 ,19 1
38	14 0 1 0 1 0 ,4 4,19 2
39	6 0 2 0 0 0 ,6 2,20 2
42	20 0 0 0 0 1 ,10 5
43	14 0 0 0 0 1 ,27 5
44	5 1 0 0 0 2 ,2 1,14 5,18 5
45	10 1 0 1 0 0 ,0 1,10 3
46	8 2 0 0 1 1 ,10 1,16 1,18 4,22 5
47	11 0 0 0 1 0 ,20 4
48	11 2 0 0 1 0 ,5 1,10 1,26 4
49	3 0 0 1 0 1 ,19 5,25 3
50	20 1 0 0 0 1 ,4 5,18 1
51	24 0 0 1 0 0 ,4 3
52	14 1 0 0 0 0 ,27 1
53	7 0 0 0 0 1 ,15 5
54	13 1 1 1 0 0 ,4 3,12 2,21 1
55	11 1 0 0 0 0 ,5 1
56	9 0 1 0 2 1 ,9 4,18 5,24 4,27 2
57	20 0 0 0 0 1 ,2 5
58	11 1 0 0 0 0 ,9 1
65	7 0 0 0 0 1 ,13 5
67	20 0 0 0 0 1 ,18 5
68	13 0 0 0 0 1 ,21 5
69	15 0 0 0 0 1 ,23 5
70	10 0 1 0 0 1 ,0 2,12 5
71	10 1 1 0 0 1 ,0 1,9 2,26 5
73	8 1 0 0 1 1 ,4 4,16 1,23 5
76	11 1 1 0 0 0 ,5 2,19 1
77	1 1 0 0 0 0 ,7 1
80	18 0 0 0 1 0 ,11 4
81	9 0 0 0 0 1 ,24 5
83	10 0 1 0 1 0 ,0 4,19 2
88	11 0 0 0 1 0 ,5 4
89	11 1 0 0 0 1 ,1 5,5 1
90	11 0 1 2 0 1 ,2 3,5 2,19 3,20 5
92	20 0 1 0 0 1 ,2 2,10 5
93	11 0 0 0 1 0 ,9 4
95	18 0 1 0 0 0 ,26 2
96	13 1 0 0 0 0 ,21 1
99	18 0 0 1 0 0 ,11 3
