0	14 0 0 0 1 0 ,22 4
2	4 1 1 0 0 0 ,11 1,34 2
3	12 0 1 0 1 0 ,14 4,34 2
4	4 0 0 0 1 0 ,32 4
6	15 1 0 0 0 1 ,6 1,34 5
8	6 0 2 0 0 1 ,4 5,5 2,26 2
9	23 0 0 1 0 0 ,15 3
11	8 1 1 0 0 1 ,17 1,22 2,34 5
14	19 0 0 1 0 1 ,2 3,15 5
15	8 0 0 0 1 0 ,17 4
16	3 1 0 1 0 1 ,10 5,26 1,27 3
18	9 0 1 0 0 0 ,36 2
19	16 0 0 1 0 0 ,26 3
21	8 0 2 1 0 0 ,17 2,20 3,33 2
23	23 0 1 0 0 0 ,15 2
26	5 1 0 0 0 0 ,12 1
27	4 2 0 0 0 1 ,17 1,19 5,21 1
28	3 1 0 0 0 0 ,24 1
29	7 1 0 0 1 1 ,4 1,18 4,29 5
33	11 0 1 1 0 0 ,10 2,23 3
34	5 0 0 0 0 1 ,8 5
35	11 0 0 0 1 1 ,20 4,22 5
36	15 0 0 0 0 1 ,6 5
37	19 0 0 0 0 1 ,31 5
40	10 1 0 0 0 1 ,18 5,22 1
41	14 1 0 0 0 1 ,15 5,22 1
42	14 0 0 0 0 1 ,28 5
43	9 0 0 1 0 0 ,36 3
46	9 0 1 0 1 0 ,2 4,25 2
47	16 1 0 0 0 0 ,10 1
49	19 0 0 0 1 0 ,31 4
50	8 0 0 1 1 1 ,23 5,28 3,33 4
52	14 1 0 1 0 0 ,2 3,28 1
53	16 0 0 1 0 0 ,10 3
54	6 1 0 0 0 0 ,5 1
55	5 1 0 0 0 0 ,30 1
56	4 0 0 1 0 0 ,11 3
58	19 0 0 0 0 1 ,2 5
59	5 0 1 0 0 0 ,1 2
61	19 1 0 0 0 0 ,2 1
62	5 0 0 1 0 1 ,0 5,4 3
63	14 1 0 0 0 0 ,9 1
68	8 0 1 0 0 0 ,33 2
69	5 0 0 1 0 0 ,1 3
70	9 0 0 1 0 1 ,14 5,25 3
71	17 0 0 1 0 0 ,4 3
72	15 0 0 0 1 0 ,6 4
73	3 1 0 2 0 1 ,18 1,23 3,31 5,35 3
74	17 0 1 0 0 0 ,4 2
75	2 0 1 1 0 0 ,2 3,16 2
76	3 0 0 1 1 0 ,7 3,20 4
77	15 0 0 1 0 0 ,6 3
80	3 1 1 0 2 0 ,9 4,13 1,15 4,24 2
81	9 1 1 0 0 0 ,10 1,36 2
83	14 0 1 0 0 0 ,28 2
84	9 0 0 2 1 0 ,14 3,25 3,34 4
85	14 0 0 0 1 1 ,9 4,26 5
86	9 1 0 0 1 0 ,15 4,25 1
88	14 1 0 1 0 0 ,22 1,28 3
89	5 0 0 1 2 0 ,4 3,12 4,13 4
91	14 1 0 0 0 1 ,9 5,34 1
92	7 0 1 0 1 0 ,3 4,29 2
93	4 0 0 1 0 0 ,21 3
94	9 0 1 1 0 0 ,3 3,6 2
95	5 0 2 0 1 0 ,3 2,10 4,30 2
96	6 0 1 1 0 0 ,5 3,36 2
97	5 0 1 0 0 2 ,26 5,30 2,31 5
99	3 0 0 1 0 0 ,37 3
