0	13 0 0 0 1 1 ,0 5,4 4
1	7 0 0 1 3 0 ,12 3,19 4,21 4,25 4
3	5 1 1 0 0 0 ,3 2,30 1
5	5 1 2 1 0 1 ,0 2,3 2,8 5,25 3,28 1
8	15 0 0 0 2 1 ,5 4,12 5,17 4
12	10 0 1 0 0 0 ,7 2
13	6 1 0 0 0 0 ,24 1
14	1 2 1 0 0 0 ,0 1,1 2,2 1
15	23 0 0 0 0 1 ,15 5
17	6 0 1 1 0 1 ,6 2,8 5,14 3
18	3 0 0 3 0 0 ,25 3,27 3,31 3
19	23 0 0 0 1 0 ,15 4
20	1 2 0 1 0 0 ,19 3,24 1,29 1
21	15 1 0 0 0 0 ,5 1
22	10 0 1 0 0 0 ,9 2
24	5 1 0 0 0 0 ,3 1
27	8 0 0 0 0 1 ,18 5
28	17 0 0 0 0 1 ,14 5
30	9 0 2 0 0 0 ,1 2,32 2
32	9 0 0 0 0 1 ,1 5
33	15 0 1 1 0 0 ,5 2,15 3
35	10 0 0 0 0 1 ,7 5
36	8 0 0 1 2 0 ,4 4,16 4,18 3
38	12 1 0 0 0 0 ,32 1
41	5 1 0 0 0 1 ,5 5,13 1
43	12 0 0 0 0 1 ,16 5
44	9 0 0 0 0 1 ,11 5
45	23 0 1 0 0 1 ,8 2,15 5
46	13 0 0 0 2 0 ,4 4,8 4
47	10 0 1 0 0 0 ,7 2
48	6 1 0 1 0 0 ,21 3,30 1
49	9 1 0 0 0 0 ,11 1
50	17 0 0 0 0 1 ,14 5
51	12 1 0 0 1 0 ,4 1,32 4
53	17 0 0 0 1 0 ,14 4
54	24 0 0 0 0 1 ,8 5
56	6 0 0 1 1 0 ,6 4,16 3
58	20 0 0 0 1 0 ,12 4
59	14 0 0 0 1 0 ,21 4
60	4 1 1 0 0 0 ,20 1,28 2
61	10 0 0 0 1 1 ,25 4,28 5
62	24 0 0 1 0 0 ,8 3
63	10 0 1 1 0 0 ,5 3,28 2
64	1 1 1 0 0 0 ,12 2,23 1
65	10 0 1 0 0 0 ,9 2
67	6 0 0 0 1 0 ,30 4
68	15 0 0 0 0 1 ,17 5
70	10 1 0 0 0 0 ,9 1
72	5 0 0 0 0 1 ,22 5
74	12 1 0 0 0 1 ,12 1,32 5
76	5 0 0 0 0 1 ,26 5
77	5 1 0 0 0 0 ,13 1
78	15 0 0 1 0 1 ,0 3,12 5
79	15 0 2 0 0 0 ,15 2,17 2
81	5 0 0 1 0 0 ,13 3
82	15 0 1 0 0 0 ,17 2
83	10 1 0 0 0 0 ,7 1
84	9 0 1 1 1 0 ,0 3,9 4,11 2
86	9 1 0 0 0 0 ,11 1
87	3 1 0 1 1 0 ,0 1,10 3,24 4
91	4 0 1 1 0 0 ,17 2,20 3
94	17 0 0 1 1 0 ,15 4,25 3
97	14 0 0 1 0 0 ,21 3
99	10 1 0 0 0 0 ,9 1
