0	2 1 1 0 1 0 ,10 2,11 1,28 4
1	12 0 0 0 0 1 ,28 5
2	7 0 1 1 0 0 ,2 2,6 3
3	18 0 0 0 0 1 ,3 5
4	5 0 1 0 0 0 ,26 2
5	5 0 0 1 0 0 ,26 3
6	16 0 0 1 0 0 ,4 3
7	17 0 0 0 1 0 ,13 4
8	12 0 0 1 0 0 ,28 3
10	14 0 0 1 0 0 ,15 3
12	5 0 0 1 1 1 ,3 3,24 5,32 4
13	13 0 0 0 0 1 ,29 5
15	7 1 0 0 0 0 ,5 1
17	9 0 0 2 0 0 ,9 3,31 3
18	17 1 0 0 0 0 ,13 1
19	11 0 0 0 0 1 ,22 5
20	7 1 0 0 1 0 ,5 1,16 4
21	7 0 1 1 0 0 ,8 3,22 2
24	11 0 0 1 0 0 ,9 3
25	6 1 1 0 0 1 ,23 5,25 2,29 1
27	18 0 1 0 0 0 ,3 2
28	15 1 0 0 0 0 ,20 1
29	13 1 0 0 0 0 ,29 1
33	17 0 1 0 0 0 ,14 2
34	7 0 1 0 0 1 ,8 2,31 5
35	15 0 0 0 0 1 ,23 5
36	7 0 1 0 0 0 ,8 2
39	13 0 0 1 0 0 ,29 3
45	15 0 0 0 1 0 ,18 4
47	15 0 1 0 2 0 ,2 4,3 4,18 2
48	16 0 0 0 0 1 ,4 5
50	15 1 0 0 0 0 ,2 1
51	18 1 0 0 0 0 ,3 1
53	6 0 2 0 1 0 ,0 2,12 4,25 2
54	15 0 0 1 0 0 ,18 3
55	6 0 2 2 1 0 ,12 3,13 3,18 4,20 2,25 2
56	7 0 0 0 1 0 ,6 4
57	3 0 1 1 0 0 ,0 3,11 2
60	18 0 0 1 0 0 ,3 3
61	15 1 0 0 2 0 ,13 4,14 4,18 1
62	14 0 1 0 0 0 ,15 2
63	15 0 0 0 0 1 ,20 5
65	2 0 1 0 0 0 ,30 2
66	11 1 0 1 0 1 ,2 1,9 5,14 3
68	9 1 0 0 2 0 ,0 4,4 4,12 1
69	9 1 0 0 0 1 ,17 5,18 1
70	10 0 0 1 0 1 ,4 3,27 5
72	9 0 0 0 1 0 ,17 4
73	6 2 0 0 0 0 ,7 1,13 1
75	1 1 0 0 0 0 ,21 1
77	8 0 0 0 2 0 ,2 4,32 4
78	10 0 0 0 2 0 ,13 4,27 4
80	15 0 1 0 0 0 ,12 2
81	15 0 1 0 0 0 ,23 2
83	1 1 0 0 0 1 ,1 1,14 5
84	15 0 1 0 0 0 ,20 2
86	15 0 0 0 0 1 ,12 5
87	14 0 0 0 0 1 ,15 5
89	15 0 0 0 0 1 ,20 5
91	6 1 0 2 0 1 ,2 3,7 5,29 3,31 1
92	3 0 0 2 0 0 ,14 3,19 3
94	10 1 0 0 0 0 ,27 1
95	11 1 1 0 0 0 ,4 1,22 2
96	7 0 0 1 1 1 ,5 5,16 4,23 3
97	11 0 1 0 0 0 ,22 2
98	14 0 0 0 1 0 ,15 4
