0	15 0 2 0 0 0 ,4 2,29 2
1	4 1 0 0 0 1 ,0 1,34 5
2	2 0 2 0 0 0 ,1 2,35 2
3	18 1 0 1 0 1 ,16 5,31 3,34 1
4	12 0 0 2 1 0 ,14 3,23 3,30 4
5	4 1 0 0 0 0 ,0 1
6	14 0 0 0 1 1 ,22 5,33 4
7	18 0 1 0 0 0 ,31 2
8	15 0 0 1 0 0 ,3 3
10	15 0 0 0 1 1 ,3 4,4 5
12	4 1 1 0 0 0 ,23 1,24 2
14	13 0 0 0 1 0 ,23 4
15	4 0 1 1 1 1 ,0 2,8 3,11 4,27 5
16	18 0 0 1 1 0 ,2 3,5 4
17	5 0 1 1 0 2 ,8 2,10 5,13 3,34 5
18	21 0 0 0 1 0 ,13 4
19	22 0 0 0 0 1 ,5 5
20	14 1 0 0 0 1 ,22 5,36 1
21	18 0 1 0 0 0 ,34 2
22	12 0 0 1 0 0 ,14 3
24	18 0 0 0 1 0 ,31 4
25	21 0 0 1 0 0 ,16 3
28	13 0 0 0 1 0 ,21 4
29	13 1 0 0 1 0 ,7 1,21 4
30	4 0 1 0 0 0 ,26 2
31	21 0 0 1 1 0 ,13 3,19 4
32	14 0 0 1 1 0 ,6 3,30 4
34	12 0 1 0 0 0 ,37 2
35	14 1 1 0 0 0 ,8 1,31 2
37	2 1 0 0 0 0 ,28 1
38	4 0 1 1 0 0 ,8 3,24 2
39	12 0 1 0 1 1 ,13 5,19 4,37 2
40	15 1 0 1 0 2 ,1 1,2 3,7 5,29 5
41	14 0 1 0 1 0 ,22 2,29 4
42	12 0 1 0 1 0 ,16 2,37 4
45	14 0 1 0 0 1 ,16 5,33 2
46	3 0 1 1 0 0 ,1 2,17 3
47	14 1 0 0 0 0 ,22 1
48	18 0 0 0 0 1 ,31 5
49	17 0 0 0 0 1 ,36 5
50	18 1 1 0 1 0 ,2 1,19 4,31 2
51	5 0 0 1 0 0 ,12 3
52	15 0 1 0 0 0 ,30 2
54	15 0 0 2 0 0 ,3 3,4 3
55	15 0 0 1 1 1 ,4 3,27 5,29 4
56	4 2 0 0 1 1 ,2 4,3 1,16 5,26 1
57	14 0 0 0 1 0 ,8 4
58	5 1 1 0 0 0 ,12 1,36 2
59	12 0 1 0 0 0 ,14 2
60	13 0 0 0 0 1 ,23 5
61	14 0 0 0 2 0 ,6 4,7 4
64	2 1 0 0 0 0 ,28 1
65	10 0 0 1 0 1 ,14 3,25 5
66	15 0 0 1 1 0 ,3 4,4 3
67	8 0 0 1 1 0 ,5 4,11 3
68	10 0 1 0 0 0 ,25 2
70	18 0 0 0 1 0 ,2 4
71	21 0 1 0 0 0 ,13 2
72	14 0 1 0 0 1 ,30 2,33 5
73	14 1 0 0 1 1 ,27 5,33 1,36 4
75	22 0 0 0 0 1 ,5 5
76	22 0 1 0 0 0 ,19 2
77	21 0 0 0 1 1 ,4 5,19 4
78	18 0 0 1 0 0 ,2 3
79	18 0 0 0 1 0 ,34 4
80	16 0 0 0 0 2 ,1 5,27 5
81	22 0 0 0 1 0 ,19 4
82	16 0 0 0 1 0 ,1 4
83	1 2 0 1 1 0 ,6 3,8 1,13 4,18 1
84	12 0 0 0 1 0 ,37 4
86	3 1 1 2 0 0 ,1 2,5 3,20 3,22 1
87	2 0 1 0 0 0 ,9 2
88	3 0 0 1 0 0 ,32 3
89	12 2 0 0 0 0 ,14 1,36 1
90	8 1 0 0 1 0 ,11 1,27 4
91	13 1 0 0 0 1 ,6 1,21 5
92	10 1 0 1 0 0 ,16 1,25 3
94	14 0 1 0 0 0 ,33 2
95	15 0 0 1 1 0 ,30 3,36 4
96	15 0 0 0 0 1 ,7 5
97	4 2 0 0 0 1 ,5 1,15 5,26 1
98	14 0 0 1 1 0 ,6 3,27 4
99	5 2 0 0 0 0 ,12 1,34 1
