0	14 0 0 0 1 0 ,22 4
1	4 0 2 1 1 0 ,15 2,24 2,30 3,34 4
3	4 1 0 0 0 0 ,14 1
4	9 1 2 0 0 0 ,8 2,11 2,28 1
5	12 0 1 1 0 0 ,23 2,25 3
6	1 2 0 0 0 1 ,2 1,7 1,31 5
7	12 1 0 0 1 0 ,0 4,25 1
8	11 0 0 0 1 0 ,1 4
10	10 0 1 0 1 0 ,1 2,20 4
11	5 0 1 1 0 0 ,0 3,36 2
13	12 0 0 0 1 1 ,23 4,25 5
14	14 0 0 0 1 1 ,8 4,22 5
15	16 1 0 0 0 0 ,24 1
18	13 1 0 1 0 1 ,2 1,29 5,33 3
19	11 0 0 0 0 1 ,1 5
20	19 0 1 0 0 0 ,12 2
21	3 1 2 1 1 0 ,6 3,16 4,21 2,29 2,35 1
22	18 0 1 0 0 0 ,8 2
24	15 0 1 0 0 0 ,26 2
25	13 0 0 1 0 0 ,30 3
26	18 0 1 0 1 0 ,8 4,31 2
27	5 0 0 0 0 2 ,19 5,26 5
28	9 0 0 0 0 1 ,11 5
29	17 0 0 0 1 0 ,33 4
30	17 0 0 0 1 0 ,13 4
33	12 1 0 0 1 0 ,15 1,24 4
34	12 0 0 0 0 2 ,13 5,15 5
35	15 2 0 0 0 0 ,8 1,28 1
36	8 1 0 0 0 0 ,9 1
37	9 1 1 1 0 1 ,10 5,11 2,23 1,26 3
38	22 0 0 0 1 0 ,31 4
40	6 1 0 2 1 1 ,3 5,12 3,17 4,23 3,25 1
41	6 1 0 0 0 0 ,21 1
42	22 0 0 1 0 1 ,0 5,31 3
43	8 0 0 1 0 1 ,9 3,35 5
44	6 0 0 1 0 0 ,5 3
45	19 0 0 0 0 1 ,27 5
47	6 0 0 1 0 1 ,5 3,28 5
48	18 0 0 0 0 1 ,8 5
49	13 1 0 0 0 0 ,2 1
50	14 0 1 1 0 0 ,29 3,35 2
52	5 0 0 1 1 1 ,13 4,28 5,36 3
56	11 0 0 2 0 0 ,17 3,29 3
57	10 0 0 1 1 0 ,20 4,26 3
58	4 0 0 0 1 1 ,0 5,18 4
59	19 0 0 1 0 0 ,27 3
60	17 0 0 0 0 1 ,33 5
61	11 0 2 0 0 0 ,10 2,17 2
62	14 0 0 1 1 0 ,27 4,35 3
63	5 0 0 2 1 0 ,23 3,30 3,32 4
65	8 0 0 0 2 0 ,9 4,15 4
67	15 0 1 1 0 0 ,28 3,29 2
70	26 0 0 0 0 1 ,0 5
71	16 0 0 0 1 0 ,24 4
74	12 0 0 2 0 0 ,10 3,23 3
75	14 0 0 1 0 1 ,12 5,35 3
76	22 0 0 0 0 1 ,31 5
77	19 0 0 0 0 1 ,27 5
78	17 0 0 0 0 1 ,33 5
80	10 0 1 0 0 0 ,20 2
81	17 0 0 0 2 0 ,12 4,13 4
83	6 1 0 0 0 0 ,3 1
85	15 0 1 0 0 0 ,26 2
86	5 1 0 1 0 0 ,16 3,32 1
87	13 0 0 1 0 0 ,2 3
88	12 0 1 0 0 0 ,25 2
89	11 0 1 1 0 1 ,17 2,22 3,24 5
90	19 0 1 0 0 0 ,27 2
91	6 0 0 1 1 1 ,0 4,2 5,21 3
92	4 0 0 1 0 0 ,14 3
93	2 0 2 0 0 0 ,2 2,4 2
95	13 0 0 0 1 0 ,30 4
96	22 0 0 1 0 0 ,31 3
97	12 0 1 0 0 1 ,10 2,12 5
98	14 0 1 0 0 0 ,22 2
