0	7 0 0 0 0 1 ,4 5
1	8 0 1 0 0 0 ,16 2
2	6 1 0 0 0 0 ,5 1
4	5 0 0 0 1 1 ,19 5,22 4
5	13 1 0 0 0 0 ,21 1
6	11 0 1 0 0 0 ,12 2
7	11 0 0 0 1 0 ,23 4
9	18 0 0 0 0 1 ,0 5
10	9 0 1 1 0 0 ,18 3,20 2
11	9 0 0 0 1 0 ,17 4
12	3 0 0 1 2 0 ,3 4,15 3,17 4
13	10 0 0 0 0 1 ,7 5
17	7 0 0 0 0 1 ,11 5
19	14 0 1 0 0 1 ,0 2,3 5
21	11 0 0 1 0 0 ,12 3
22	10 0 0 0 0 2 ,1 5,8 5
23	18 0 1 0 0 0 ,0 2
24	18 0 1 0 0 0 ,0 2
26	3 0 0 1 0 0 ,9 3
27	5 0 0 1 0 0 ,14 3
31	15 0 0 0 1 0 ,8 4
33	11 1 0 0 0 0 ,23 1
34	13 0 1 1 0 0 ,8 3,21 2
35	9 0 1 0 0 1 ,20 5,22 2
36	5 0 1 0 0 0 ,14 2
38	13 0 1 0 0 0 ,21 2
39	10 1 0 0 1 0 ,7 4,18 1
40	7 1 0 0 1 0 ,20 1,25 4
41	13 0 0 0 0 1 ,21 5
46	17 0 0 1 0 0 ,24 3
47	11 1 0 0 1 0 ,23 4,24 1
48	9 1 0 0 0 0 ,17 1
50	14 1 0 1 0 0 ,0 3,3 1
52	11 0 1 0 0 0 ,18 2
53	15 0 0 0 1 0 ,22 4
54	15 1 0 0 0 0 ,8 1
56	14 0 0 0 1 0 ,3 4
57	1 1 1 0 0 0 ,23 2,26 1
58	7 0 1 0 0 0 ,11 2
60	13 0 0 1 0 0 ,21 3
63	10 0 0 0 0 1 ,1 5
64	7 0 1 0 0 0 ,4 2
67	8 0 0 1 0 0 ,6 3
69	15 0 0 1 0 0 ,22 3
70	3 0 0 1 1 0 ,13 3,24 4
72	11 0 1 0 0 0 ,12 2
74	17 0 0 0 1 0 ,24 4
76	15 0 1 0 0 0 ,8 2
78	10 1 0 0 0 0 ,7 1
79	17 1 0 0 0 0 ,24 1
85	8 1 0 1 0 0 ,16 3,20 1
87	4 0 1 0 1 0 ,10 4,12 2
91	8 0 1 0 0 1 ,6 5,12 2
92	18 0 0 0 1 0 ,0 4
94	7 1 0 0 0 1 ,2 5,22 1
95	17 0 0 0 1 0 ,24 4
96	6 0 1 0 0 1 ,2 2,5 5
97	7 1 0 1 0 0 ,16 1,25 3
98	8 0 1 0 0 1 ,16 2,18 5
99	15 1 0 0 0 0 ,22 1
