1	19 0 0 1 0 1 ,15 5,25 3
2	9 0 0 0 0 1 ,16 5
3	10 0 0 0 1 0 ,3 4
4	20 0 0 0 1 0 ,27 4
6	18 0 1 1 0 0 ,11 2,15 3
7	10 0 0 1 0 0 ,6 3
9	11 0 0 1 0 0 ,1 3
11	14 1 0 0 0 0 ,19 1
13	5 1 0 0 1 0 ,4 4,13 1
14	15 2 0 0 0 1 ,14 1,25 5,26 1
15	9 0 0 0 1 0 ,16 4
16	20 0 0 0 1 1 ,14 4,27 5
17	20 0 1 0 0 0 ,27 2
21	18 0 1 0 1 0 ,11 4,30 2
22	6 2 1 0 0 0 ,4 1,5 2,29 1
23	8 0 0 2 0 1 ,2 3,6 3,12 5
24	19 0 0 0 0 1 ,15 5
25	3 0 0 1 0 0 ,17 3
26	19 0 0 0 0 1 ,15 5
28	21 0 0 0 0 1 ,14 5
30	8 0 0 1 1 0 ,11 3,20 4
31	10 0 0 1 0 0 ,8 3
32	9 0 0 0 1 1 ,9 5,28 4
33	21 0 0 0 0 1 ,14 5
34	10 1 0 0 0 0 ,8 1
35	11 0 0 0 0 2 ,2 5,29 5
37	11 0 1 0 0 1 ,21 2,24 5
38	5 0 0 0 1 1 ,8 5,13 4
39	3 1 1 0 0 0 ,8 1,10 2
40	1 1 0 0 0 0 ,22 1
41	6 1 0 0 0 1 ,18 1,30 5
42	10 0 1 1 0 0 ,3 2,7 3
45	6 0 0 0 2 0 ,5 4,21 4
46	14 2 0 1 0 1 ,9 1,11 3,19 1,26 5
47	11 1 1 1 0 0 ,1 3,15 1,27 2
50	15 0 0 1 0 0 ,4 3
51	8 1 0 0 0 0 ,20 1
54	9 0 0 0 0 1 ,28 5
56	20 0 1 1 0 0 ,14 3,30 2
58	3 1 0 0 0 1 ,4 5,10 1
59	11 0 0 1 0 0 ,2 3
60	14 0 0 1 0 1 ,7 5,19 3
61	15 0 0 0 0 1 ,24 5
62	8 0 2 1 0 0 ,9 2,12 3,25 2
64	6 0 0 2 0 1 ,1 3,7 3,18 5
65	2 0 1 0 0 0 ,0 2
66	11 0 1 1 0 0 ,27 2,29 3
67	20 0 0 0 0 1 ,30 5
69	10 0 0 0 1 0 ,6 4
77	11 0 1 0 0 1 ,1 2,7 5
78	15 0 0 0 0 2 ,25 5,26 5
82	11 0 0 0 0 1 ,21 5
83	18 0 1 0 0 0 ,7 2
85	15 1 0 0 0 0 ,4 1
86	8 0 0 1 0 2 ,9 5,20 3,30 5
87	16 1 0 1 0 0 ,9 1,11 3
88	14 0 0 0 0 1 ,19 5
89	5 1 0 0 0 1 ,23 5,30 1
90	10 0 0 1 1 1 ,3 3,24 5,26 4
91	10 1 0 0 0 0 ,3 1
93	15 1 1 0 0 0 ,4 1,9 2
96	14 0 0 0 1 0 ,19 4
97	20 0 0 0 0 2 ,25 5,27 5
98	11 0 1 1 0 0 ,14 3,29 2
99	18 0 0 1 0 0 ,11 3
