0	0,1,2,3,4,5,6,7,8,9,10,11,12,13,14,15,16,17,18,19,20,21,22,23,24,25,
1	0,1,2,3,4,5,6,7,8,9,10,11,12,13,14,15,16,17,18,19,20,21,22,23,24,25,
2	0,1,2,3,4,5,6,7,8,9,10,11,12,13,14,15,16,17,18,19,20,21,22,23,24,25,
3	0,1,2,3,4,5,6,7,8,9,10,11,12,13,14,15,16,17,18,19,20,21,22,24,
4	0,1,2,3,4,5,6,7,8,9,10,11,12,13,14,15,16,17,18,19,20,21,23,24,
5	0,1,2,3,4,6,8,9,11,12,13,15,16,17,19,20,21,22,24,
6	0,1,2,3,4,6,11,14,15,18,22,23,25,
7	0,1,6,15,18,22,23,25,
8	4,7,10,13,16,23,
9	4,7,9,10,11,14,18,19,21,23,
10	2,4,5,6,8,9,10,11,12,13,16,20,21,24,
11	0,1,5,10,12,13,14,20,21,
12	2,4,7,9,10,12,13,14,20,24,
13	4,7,
15	13,
20	15,21,
25	7,
34	9,
56	9,
87	19,
89	4,
92	2,
110	6,
126	13,
183	0,
201	18,
210	4,
240	0,
252	16,
262	6,
299	13,
331	4,
357	10,
494	5,
502	19,
536	20,
552	5,
568	4,
