1	19 0 0 0 0 1 ,10 5
4	12 0 1 0 0 0 ,8 2
6	19 0 0 2 0 0 ,4 3,10 3
8	7 0 1 1 0 0 ,13 3,15 2
9	22 1 0 0 0 0 ,2 1
10	9 0 0 0 1 1 ,9 5,12 4
11	14 0 1 0 0 0 ,17 2
13	7 1 1 1 0 0 ,0 1,2 2,13 3
14	13 0 0 0 3 0 ,15 4,17 4,18 4
15	19 0 0 0 0 1 ,19 5
16	11 0 1 0 0 0 ,7 2
19	21 0 0 0 0 1 ,6 5
21	15 1 0 0 0 0 ,23 1
27	19 1 0 0 0 1 ,2 5,10 1
34	16 0 0 1 0 1 ,10 5,18 3
35	16 1 0 0 0 0 ,22 1
37	10 1 1 0 1 0 ,0 2,7 1,8 4
38	11 0 0 0 1 0 ,1 4
40	7 0 1 0 0 0 ,20 2
42	11 0 1 2 0 0 ,1 3,7 3,23 2
44	21 0 0 0 1 0 ,6 4
46	15 0 0 0 1 0 ,23 4
48	13 0 1 0 0 0 ,9 2
49	7 1 0 0 0 0 ,13 1
51	24 0 0 0 0 1 ,4 5
52	16 0 0 0 0 1 ,18 5
53	22 0 0 0 0 1 ,2 5
55	15 1 1 0 0 0 ,19 2,23 1
56	24 0 1 0 0 0 ,4 2
57	13 0 1 0 0 0 ,9 2
58	21 0 0 1 0 0 ,6 3
61	19 0 0 1 0 0 ,19 3
62	19 0 0 0 0 1 ,19 5
63	22 0 0 0 0 1 ,2 5
64	7 0 2 0 1 1 ,3 2,4 4,15 5,16 2
65	16 0 1 0 0 0 ,22 2
67	9 0 0 0 0 1 ,12 5
68	2 1 0 0 0 0 ,14 1
69	5 0 0 0 0 2 ,4 5,21 5
71	10 0 1 0 1 0 ,0 4,23 2
73	10 0 0 0 1 0 ,3 4
74	13 0 1 0 0 1 ,4 5,15 2
75	11 0 0 0 1 0 ,1 4
76	16 0 0 0 1 0 ,18 4
78	3 0 0 1 0 0 ,5 3
79	11 0 1 0 1 0 ,2 4,7 2
82	13 0 0 1 0 0 ,9 3
83	10 0 0 0 1 1 ,3 4,10 5
84	7 0 1 1 0 1 ,8 3,20 5,22 2
86	2 1 1 1 0 0 ,7 3,14 1,17 2
87	21 0 0 1 0 0 ,6 3
89	15 0 0 0 0 1 ,23 5
90	7 0 0 0 0 1 ,16 5
91	16 0 0 1 0 0 ,22 3
92	13 1 0 0 0 0 ,9 1
94	3 0 0 1 0 0 ,11 3
95	10 0 0 1 0 0 ,0 3
96	12 0 0 2 0 0 ,8 3,17 3
97	14 1 0 2 1 0 ,6 1,17 3,19 4,22 3
98	16 0 0 0 0 2 ,6 5,22 5
