2	11 1 0 0 0 0 ,3 1
4	5 1 0 0 1 0 ,2 4,13 1
5	14 1 0 0 0 1 ,13 1,15 5
6	8 1 0 0 0 0 ,16 1
9	3 0 0 1 0 0 ,14 3
10	10 0 0 1 0 1 ,6 5,8 3
11	3 0 0 1 0 0 ,18 3
14	10 0 1 0 0 0 ,8 2
15	9 0 0 1 0 1 ,6 5,12 3
16	16 0 0 1 0 0 ,6 3
19	9 1 0 0 0 0 ,12 1
21	14 0 0 0 1 0 ,19 4
25	16 0 1 0 0 0 ,6 2
27	14 0 0 0 1 0 ,19 4
28	17 0 1 0 0 0 ,17 2
29	17 0 0 0 1 0 ,17 4
31	16 0 0 0 1 0 ,5 4
35	14 0 0 0 0 1 ,4 5
37	13 0 0 1 1 0 ,7 4,17 3
39	10 0 0 0 0 1 ,8 5
40	14 0 0 0 0 1 ,19 5
41	5 1 0 0 0 1 ,1 5,5 1
43	16 0 0 1 0 0 ,5 3
44	17 0 0 0 0 1 ,15 5
46	14 1 0 0 0 0 ,19 1
47	2 1 0 0 0 0 ,20 1
50	17 0 0 0 1 0 ,15 4
51	14 1 0 0 0 0 ,4 1
55	10 0 0 0 0 1 ,10 5
58	8 0 0 0 1 1 ,3 4,16 5
59	5 1 0 0 0 0 ,2 1
60	11 0 0 0 1 0 ,3 4
64	14 0 0 0 0 1 ,13 5
65	10 0 0 0 0 1 ,0 5
66	8 0 0 0 2 0 ,4 4,11 4
68	17 0 0 0 0 1 ,17 5
69	14 0 1 0 0 0 ,13 2
72	17 0 1 1 0 0 ,15 2,17 3
75	8 0 1 0 0 1 ,12 5,16 2
77	14 0 0 0 0 1 ,13 5
78	11 0 1 0 0 0 ,3 2
79	2 1 0 0 0 0 ,20 1
84	13 1 0 0 2 0 ,4 4,6 1,7 4
88	8 0 1 0 0 0 ,11 2
91	8 0 1 0 0 0 ,11 2
92	10 0 0 3 0 0 ,5 3,7 3,10 3
93	10 0 1 0 0 0 ,10 2
94	10 0 0 1 0 0 ,0 3
97	5 0 0 0 0 1 ,9 5
99	10 1 2 0 0 1 ,0 2,5 5,7 2,15 1
