0	20 0 1 0 0 0 ,22 2
1	5 0 0 1 0 1 ,7 3,15 5
2	6 2 0 0 1 0 ,0 4,5 1,21 1
3	12 0 0 1 0 0 ,13 3
8	12 0 1 0 0 0 ,9 2
11	15 0 1 1 0 0 ,3 3,16 2
12	22 0 0 0 1 0 ,3 4
13	16 0 0 1 0 0 ,14 3
14	13 0 1 0 0 0 ,12 2
15	13 0 1 0 1 0 ,0 4,12 2
17	21 0 0 0 0 1 ,19 5
18	22 0 0 1 0 0 ,0 3
19	12 1 0 0 0 0 ,13 1
21	20 0 0 0 0 1 ,22 5
23	22 0 0 1 0 0 ,0 3
25	11 0 0 0 2 2 ,4 4,12 5,19 4,22 5
28	23 0 0 0 1 0 ,10 4
29	15 0 1 1 0 0 ,6 3,20 2
33	17 0 0 1 0 0 ,15 3
34	23 0 0 0 0 1 ,10 5
35	18 0 0 0 1 0 ,20 4
37	2 1 1 0 0 0 ,8 2,18 1
38	12 1 0 0 0 0 ,9 1
39	20 0 0 1 0 0 ,22 3
40	6 0 2 0 0 0 ,2 2,16 2
43	4 0 0 0 1 0 ,11 4
45	23 0 0 0 1 0 ,10 4
46	6 0 0 0 1 1 ,1 4,20 5
47	14 0 0 1 0 0 ,21 3
48	6 1 0 0 0 0 ,5 1
49	6 0 0 1 1 0 ,0 4,18 3
50	18 0 2 0 0 0 ,19 2,20 2
51	14 0 0 0 0 1 ,21 5
52	6 0 1 0 1 0 ,2 4,9 2
53	13 1 0 0 0 0 ,12 1
55	13 1 0 0 1 0 ,0 4,12 1
56	15 0 0 0 1 0 ,6 4
57	12 1 0 0 0 1 ,9 1,22 5
58	21 0 0 1 0 0 ,19 3
60	12 0 1 1 0 0 ,9 2,16 3
61	15 0 0 0 0 1 ,16 5
62	23 0 0 0 0 1 ,10 5
63	6 0 1 0 0 0 ,18 2
66	11 0 1 0 0 0 ,4 2
68	6 0 1 1 0 0 ,1 2,14 3
69	5 0 0 0 1 1 ,14 4,17 5
70	15 1 0 0 0 0 ,6 1
71	15 0 0 1 0 0 ,6 3
72	21 0 1 0 0 0 ,19 2
75	22 0 0 0 0 1 ,3 5
76	18 0 0 0 0 2 ,3 5,20 5
77	12 0 0 0 1 0 ,13 4
78	11 0 1 1 0 0 ,4 3,14 2
80	11 0 1 0 1 0 ,4 2,9 4
82	15 0 0 1 1 0 ,14 4,16 3
89	12 0 0 0 1 2 ,13 4,15 5,21 5
90	5 0 1 0 1 1 ,6 4,7 2,19 5
91	13 0 1 0 0 0 ,12 2
92	6 0 1 0 0 2 ,3 5,5 2,10 5
96	6 0 1 0 0 0 ,5 2
99	17 0 0 0 1 0 ,15 4
