0	20 0 0 0 1 0 ,2 4
1	18 0 0 0 1 0 ,3 4
3	20 0 1 0 0 0 ,2 2
4	8 0 0 0 1 0 ,5 4
7	16 1 0 0 0 0 ,9 1
11	15 0 0 1 0 0 ,19 3
12	10 0 1 0 0 0 ,10 2
13	15 0 0 0 1 0 ,19 4
14	13 0 0 1 0 0 ,1 3
15	1 1 1 0 0 0 ,10 2,14 1
16	15 0 0 0 0 1 ,19 5
17	3 1 2 1 0 0 ,4 2,5 1,6 3,11 2
19	9 0 0 0 0 1 ,17 5
21	10 0 0 1 0 0 ,10 3
22	18 0 0 0 0 1 ,3 5
23	9 1 0 0 0 0 ,17 1
24	9 1 0 0 0 0 ,17 1
25	11 0 0 0 1 1 ,8 4,13 5
26	2 1 1 0 0 1 ,9 5,12 1,21 2
27	12 2 0 0 0 0 ,3 1,8 1
28	20 1 0 0 0 0 ,2 1
30	5 0 0 0 1 0 ,16 4
31	13 0 0 0 1 0 ,1 4
34	20 0 0 0 1 0 ,2 4
37	10 0 0 0 0 1 ,12 5
38	16 0 1 1 0 0 ,3 3,9 2
41	4 1 1 0 0 0 ,6 1,7 2
42	9 0 0 0 0 2 ,0 5,20 5
44	8 1 0 0 1 0 ,7 1,11 4
51	11 1 0 1 0 0 ,3 3,13 1
53	10 0 0 1 0 0 ,10 3
60	5 0 1 0 0 1 ,12 2,18 5
61	3 1 0 0 0 0 ,4 1
65	9 0 0 0 1 0 ,0 4
67	8 1 0 0 1 0 ,5 1,11 4
69	11 0 0 1 0 0 ,13 3
73	15 0 0 1 0 0 ,19 3
74	9 0 1 0 0 0 ,17 2
75	20 0 0 0 0 1 ,11 5
76	3 0 0 1 1 0 ,9 4,15 3
77	10 1 1 0 0 0 ,8 1,12 2
79	8 1 0 0 0 0 ,5 1
80	8 1 0 0 1 0 ,5 1,9 4
85	5 1 0 0 2 0 ,8 4,16 1,20 4
87	8 1 1 0 0 0 ,1 2,7 1
88	11 0 1 0 0 0 ,13 2
90	20 0 0 0 1 0 ,2 4
95	12 0 1 0 0 1 ,8 2,11 5
96	13 0 1 0 1 0 ,1 4,3 2
97	8 0 0 1 0 0 ,7 3
98	8 1 0 0 0 1 ,2 5,7 1
