5	7 0 0 0 1 0 ,11 4
9	5 0 0 1 0 0 ,0 3
10	14 0 1 0 0 0 ,2 2
11	10 0 0 1 1 0 ,3 4,22 3
12	5 1 0 0 0 0 ,23 1
13	5 0 1 0 0 1 ,2 5,6 2
14	1 1 0 1 0 1 ,1 1,4 3,16 5
15	5 0 1 0 0 0 ,0 2
16	14 0 1 0 0 0 ,21 2
20	7 0 2 0 0 0 ,11 2,15 2
21	14 0 0 0 1 1 ,2 4,19 5
25	25 0 0 0 0 1 ,8 5
26	6 1 0 0 0 0 ,16 1
28	14 0 1 1 0 0 ,2 3,8 2
29	14 0 1 0 0 1 ,19 5,21 2
32	9 0 1 0 1 1 ,13 5,21 4,22 2
34	14 0 0 0 1 0 ,21 4
37	5 0 1 0 0 0 ,6 2
44	18 0 1 0 0 0 ,15 2
45	3 0 0 1 0 0 ,12 3
48	2 0 1 0 0 0 ,18 2
52	25 0 0 0 0 1 ,8 5
54	8 1 0 0 0 1 ,4 1,7 5
55	25 0 0 0 1 0 ,8 4
56	14 1 0 0 1 0 ,14 4,21 1
57	7 0 0 1 1 0 ,17 3,19 4
58	4 0 0 0 1 0 ,10 4
60	5 1 0 0 0 0 ,6 1
61	10 1 1 0 0 0 ,3 2,21 1
62	25 0 0 0 1 0 ,8 4
63	8 0 1 2 0 1 ,4 2,7 3,14 5,22 3
68	18 1 0 0 0 0 ,15 1
69	18 0 0 0 1 0 ,19 4
70	4 0 0 0 1 0 ,5 4
71	18 0 0 1 0 1 ,8 5,15 3
74	18 0 0 0 0 1 ,14 5
75	2 0 1 0 1 0 ,3 4,9 2
77	7 1 0 0 0 1 ,11 1,15 5
82	9 0 0 0 1 0 ,13 4
86	5 0 0 0 1 0 ,23 4
87	14 0 0 0 0 1 ,22 5
89	11 0 0 0 0 1 ,4 5
90	4 0 0 0 1 0 ,20 4
91	14 1 0 0 0 0 ,22 1
96	7 0 0 0 2 1 ,14 4,15 5,17 4
