1	19 0 0 1 0 0 ,2 3
2	10 0 0 1 0 0 ,12 3
3	19 2 0 0 0 0 ,9 1,13 1
4	18 0 1 0 0 1 ,4 5,20 2
6	13 0 0 0 1 1 ,13 5,19 4
9	19 0 0 1 0 0 ,2 3
11	9 0 0 1 0 0 ,21 3
13	18 1 0 0 0 0 ,4 1
16	13 0 0 1 0 0 ,19 3
17	20 0 0 1 0 0 ,9 3
18	18 0 1 0 0 0 ,4 2
21	13 1 0 1 0 0 ,2 3,5 1
22	4 1 0 0 0 0 ,10 1
24	18 0 1 0 0 0 ,4 2
29	17 1 0 0 0 0 ,18 1
30	18 0 0 0 1 1 ,4 4,13 5
31	2 0 1 0 0 0 ,11 2
33	13 0 0 0 1 0 ,1 4
34	18 0 0 0 1 0 ,15 4
37	8 1 0 1 0 0 ,7 1,9 3
38	9 1 0 0 0 0 ,8 1
39	13 0 0 1 0 0 ,5 3
40	10 1 0 0 0 0 ,16 1
41	13 1 0 0 0 0 ,19 1
42	9 0 0 1 0 1 ,8 5,16 3
44	18 0 0 0 1 2 ,2 5,4 4,9 5
45	13 0 0 0 1 1 ,5 5,19 4
46	8 1 0 0 1 0 ,7 1,18 4
49	4 0 0 0 1 0 ,3 4
50	8 0 0 2 0 0 ,7 3,12 3
51	25 0 0 0 0 1 ,20 5
53	17 1 0 0 0 0 ,18 1
56	12 0 0 1 0 0 ,22 3
57	10 0 0 2 1 0 ,1 4,12 3,13 3
58	1 1 0 0 0 0 ,6 1
59	10 0 0 0 1 0 ,16 4
62	10 1 0 0 0 1 ,12 1,15 5
64	12 0 0 0 0 1 ,22 5
66	10 0 1 0 0 0 ,16 2
67	19 0 0 0 1 1 ,2 4,20 5
69	13 2 0 0 0 0 ,15 1,19 1
70	13 0 0 1 0 1 ,1 3,9 5
71	4 0 1 0 0 0 ,10 2
73	17 0 0 0 0 1 ,18 5
74	7 0 1 0 0 0 ,14 2
76	9 0 0 0 1 1 ,20 5,21 4
77	9 0 1 1 0 0 ,1 2,8 3
78	18 0 0 0 0 1 ,15 5
79	9 0 0 0 0 1 ,0 5
81	9 0 0 0 1 0 ,0 4
82	2 0 1 0 0 0 ,17 2
83	17 0 0 0 0 1 ,18 5
84	18 0 1 0 0 1 ,13 5,15 2
85	9 0 1 0 0 0 ,21 2
87	19 1 0 0 0 0 ,2 1
88	17 1 0 0 0 0 ,18 1
89	20 0 0 1 0 0 ,9 3
90	7 0 0 0 0 1 ,14 5
91	12 1 0 0 2 0 ,5 4,15 1,22 4
94	4 1 0 0 0 0 ,10 1
95	8 0 1 0 0 1 ,7 2,20 5
96	8 1 0 0 0 0 ,7 1
99	25 0 0 1 0 0 ,20 3
