1	8 0 0 0 0 3 ,26 5,27 5,28 5
2	3 2 0 0 0 0 ,11 1,27 1
4	14 2 0 0 0 0 ,0 1,23 1
7	14 0 1 1 1 0 ,0 4,3 3,10 2
8	10 1 1 0 0 0 ,18 1,30 2
9	13 0 0 0 1 0 ,6 4
13	1 1 0 0 0 0 ,1 1
15	8 1 0 1 0 0 ,17 3,29 1
17	21 0 0 0 0 1 ,30 5
18	5 1 0 0 1 0 ,10 4,34 1
19	6 0 0 1 0 0 ,14 3
20	10 0 0 1 0 0 ,13 3
21	21 0 0 0 1 0 ,30 4
22	8 1 0 0 0 0 ,29 1
23	10 1 0 0 0 0 ,13 1
24	11 0 0 2 0 0 ,8 3,10 3
25	3 1 0 0 0 1 ,4 1,12 5
26	5 1 0 0 0 0 ,32 1
27	17 0 1 0 0 0 ,17 2
30	17 0 0 1 1 0 ,17 3,30 4
31	5 0 1 0 0 0 ,31 2
35	20 0 0 1 0 0 ,35 3
36	8 0 0 1 0 1 ,22 3,26 5
37	7 1 0 0 0 0 ,21 1
38	21 0 0 0 0 1 ,30 5
39	10 1 1 0 0 0 ,13 2,20 1
40	7 0 0 1 0 1 ,18 5,21 3
41	10 0 0 0 1 0 ,13 4
43	17 1 0 0 0 0 ,12 1
44	5 0 0 2 1 0 ,0 3,28 3,34 4
45	17 0 0 1 0 0 ,12 3
46	3 0 2 0 0 0 ,4 2,29 2
47	20 0 0 0 1 0 ,35 4
48	4 0 1 0 1 0 ,8 2,25 4
49	13 1 0 0 0 0 ,6 1
52	15 1 0 0 0 0 ,20 1
53	8 0 2 0 1 1 ,3 4,8 2,12 5,27 2
54	15 1 0 0 0 0 ,15 1
55	15 0 1 0 0 0 ,20 2
56	5 0 0 0 0 1 ,16 5
57	11 0 1 1 0 0 ,8 2,17 3
58	5 0 0 1 1 0 ,14 3,32 4
60	20 0 0 1 0 0 ,35 3
61	8 0 0 0 1 0 ,5 4
63	7 0 0 1 0 0 ,21 3
64	20 0 1 0 0 0 ,26 2
65	5 0 2 1 1 0 ,6 2,8 2,24 4,29 3
68	5 0 0 0 1 1 ,6 5,33 4
69	9 1 0 0 1 0 ,9 4,17 1
70	14 0 0 0 1 0 ,0 4
71	16 0 0 0 0 1 ,23 5
72	10 0 0 1 1 0 ,18 4,35 3
73	3 2 1 0 1 0 ,3 2,11 1,20 4,29 1
74	16 0 0 0 1 0 ,23 4
75	20 0 1 0 0 0 ,35 2
76	5 1 0 0 1 0 ,24 1,26 4
78	14 0 0 1 1 0 ,3 4,26 3
79	15 0 0 0 1 0 ,15 4
81	20 1 0 0 0 0 ,26 1
82	15 2 0 1 0 0 ,10 3,15 1,30 1
83	5 1 0 1 0 0 ,12 3,33 1
84	8 0 0 0 1 0 ,5 4
85	9 0 0 0 1 0 ,7 4
86	15 0 0 0 1 1 ,15 4,20 5
87	9 1 0 0 0 2 ,6 1,7 5,17 5
88	14 0 1 0 1 0 ,0 2,23 4
89	9 0 1 0 0 1 ,15 2,19 5
90	5 0 0 1 0 1 ,31 3,35 5
91	8 0 0 0 0 2 ,9 5,22 5
92	16 0 1 0 0 0 ,23 2
93	15 0 0 1 0 0 ,15 3
94	3 1 0 1 0 0 ,2 3,10 1
96	9 0 0 0 1 0 ,19 4
98	3 2 1 0 0 1 ,3 1,10 5,11 1,20 2
