1	11 1 1 0 1 0 ,6 2,14 1,26 4
3	22 0 0 0 0 1 ,13 5
5	12 1 0 1 0 0 ,0 1,25 3
7	18 0 0 0 0 1 ,0 5
9	8 0 0 1 0 0 ,8 3
10	12 1 0 0 1 0 ,5 4,24 1
11	14 0 1 0 0 0 ,16 2
12	3 0 2 1 1 0 ,10 2,14 2,15 4,19 3
13	9 0 0 1 0 0 ,4 3
14	12 1 0 0 0 0 ,25 1
15	13 0 1 1 1 0 ,10 3,13 4,22 2
16	16 0 1 0 0 0 ,26 2
18	11 0 0 0 1 1 ,23 5,25 4
19	5 1 1 1 0 0 ,11 3,14 1,17 2
20	16 0 0 0 1 0 ,14 4
23	2 0 1 0 0 0 ,20 2
24	13 0 0 2 0 0 ,0 3,22 3
26	14 0 2 0 1 0 ,10 2,13 2,16 4
27	11 1 1 0 1 0 ,0 4,2 2,23 1
30	13 0 1 0 0 0 ,15 2
33	11 1 0 0 0 1 ,12 1,13 5
34	2 0 2 0 0 0 ,2 2,9 2
35	12 0 0 0 1 0 ,24 4
36	4 0 0 0 1 1 ,7 4,23 5
37	18 0 0 0 0 1 ,2 5
40	14 0 0 0 1 0 ,16 4
41	10 0 0 0 1 0 ,11 4
44	13 1 0 0 0 1 ,14 5,15 1
45	2 1 1 1 0 0 ,2 3,3 2,4 1
46	14 0 1 0 0 0 ,16 2
48	4 0 0 0 1 0 ,21 4
52	11 0 1 0 0 0 ,6 2
54	9 0 1 0 0 0 ,4 2
55	11 0 0 0 1 0 ,12 4
56	9 0 0 1 0 0 ,4 3
57	11 1 0 0 0 0 ,12 1
58	12 0 2 0 0 0 ,25 2,26 2
63	13 0 0 1 0 0 ,5 3
64	12 0 0 1 0 0 ,24 3
66	12 0 0 0 1 0 ,24 4
67	2 1 0 0 0 0 ,18 1
69	13 0 1 0 0 1 ,0 5,5 2
71	8 0 0 0 1 1 ,6 4,8 5
72	13 0 0 1 0 0 ,22 3
75	16 0 0 1 0 0 ,14 3
76	5 0 0 1 0 0 ,17 3
79	11 0 0 1 0 0 ,6 3
81	12 0 1 0 0 0 ,25 2
82	14 0 0 0 1 0 ,10 4
83	13 0 0 0 1 0 ,5 4
84	22 0 0 0 0 1 ,13 5
86	22 1 0 0 0 0 ,13 1
87	13 0 0 2 0 1 ,2 3,10 3,15 5
91	18 0 0 1 0 0 ,2 3
92	2 1 1 0 0 0 ,16 2,18 1
93	2 0 1 0 1 1 ,1 2,12 5,26 4
94	16 0 0 0 1 0 ,26 4
96	13 1 0 0 0 1 ,15 1,22 5
97	10 0 0 1 0 0 ,11 3
