0	6 1 1 1 0 0 ,4 2,10 1,24 3
1	18 0 0 0 1 0 ,20 4
2	17 1 0 0 0 0 ,25 1
3	18 1 0 0 0 0 ,36 1
4	13 0 0 2 0 0 ,20 3,28 3
5	12 0 2 0 0 1 ,0 5,10 2,28 2
7	5 2 0 0 0 1 ,5 5,10 1,30 1
9	2 1 1 0 0 0 ,22 2,24 1
10	4 1 1 0 1 1 ,2 5,11 4,13 2,21 1
11	4 0 0 1 0 0 ,8 3
13	12 1 0 0 0 0 ,10 1
14	16 1 0 0 0 0 ,11 1
15	8 0 1 0 1 0 ,0 4,17 2
17	5 1 1 0 0 1 ,12 5,30 1,36 2
18	12 0 0 0 0 2 ,14 5,20 5
20	4 3 1 0 0 0 ,8 1,9 1,21 1,31 2
21	16 0 2 0 0 0 ,2 2,3 2
22	8 0 1 1 0 1 ,3 3,9 2,32 5
23	16 0 0 1 0 0 ,27 3
24	24 0 1 0 0 0 ,0 2
25	13 1 1 0 1 0 ,2 1,12 4,25 2
27	18 0 0 0 1 0 ,18 4
28	4 2 0 0 1 0 ,18 4,21 1,37 1
29	23 0 0 1 0 0 ,16 3
30	16 0 1 0 0 0 ,11 2
32	12 0 0 0 1 1 ,11 4,14 5
33	13 0 1 0 0 0 ,28 2
34	18 0 0 0 0 1 ,36 5
36	4 1 0 1 0 0 ,3 1,33 3
37	12 1 1 0 0 2 ,5 1,10 5,14 2,27 5
39	8 0 0 0 1 1 ,13 4,36 5
41	12 1 0 0 0 2 ,5 5,24 1,25 5
42	12 0 0 0 0 1 ,24 5
44	5 2 1 0 0 1 ,19 2,23 1,31 1,36 5
46	24 0 0 1 0 0 ,0 3
47	17 0 0 0 1 0 ,3 4
48	5 0 0 0 0 2 ,1 5,29 5
50	10 0 0 0 1 0 ,26 4
51	8 1 1 1 1 0 ,9 4,17 1,27 3,31 2
52	10 0 0 2 0 0 ,3 3,26 3
53	6 0 0 1 1 0 ,4 3,28 4
54	13 0 0 0 3 0 ,12 4,16 4,25 4
56	16 1 0 0 0 0 ,27 1
57	5 1 1 0 0 1 ,18 2,30 1,31 5
58	18 0 0 1 0 0 ,20 3
59	18 0 0 0 1 0 ,18 4
61	16 0 0 1 0 0 ,2 3
62	10 0 0 0 1 1 ,27 4,32 5
63	12 0 1 0 0 0 ,10 2
64	4 0 1 0 1 0 ,7 4,13 2
65	5 0 0 0 0 1 ,34 5
66	10 0 0 0 1 0 ,37 4
67	5 0 0 0 0 2 ,15 5,17 5
70	12 0 1 0 0 0 ,24 2
71	24 0 0 0 0 1 ,0 5
73	23 0 0 1 0 0 ,16 3
74	5 1 1 0 0 1 ,0 5,28 2,30 1
75	4 1 0 0 0 0 ,33 1
76	5 1 1 0 1 0 ,2 2,16 4,30 1
77	16 0 0 0 0 1 ,11 5
78	18 1 0 0 0 0 ,20 1
79	2 0 1 0 0 0 ,6 2
80	10 1 0 0 0 0 ,26 1
81	13 0 1 0 0 0 ,5 2
82	5 0 0 0 0 1 ,35 5
83	23 0 0 0 0 1 ,16 5
84	4 2 1 0 0 0 ,4 1,21 1,37 2
85	6 0 0 0 1 0 ,19 4
87	10 0 0 1 0 0 ,37 3
89	8 1 0 0 0 0 ,9 1
90	17 0 0 0 1 1 ,18 4,25 5
92	17 0 0 0 1 0 ,3 4
94	16 0 0 1 0 0 ,2 3
95	5 0 0 0 1 1 ,23 4,31 5
97	18 0 1 0 0 0 ,20 2
98	10 0 1 0 1 0 ,16 4,26 2
