0	13 0 0 0 1 0 ,23 4
1	10 1 0 0 1 0 ,20 1,22 4
2	13 0 0 0 1 0 ,23 4
3	24 0 1 0 0 0 ,6 2
4	18 0 0 0 1 1 ,4 5,21 4
5	10 0 0 0 0 1 ,2 5
6	7 1 1 0 0 0 ,14 1,19 2
7	24 0 0 0 1 0 ,6 4
8	13 0 2 0 0 0 ,11 2,23 2
10	4 0 1 1 1 0 ,0 2,16 4,26 3
11	7 2 0 0 0 0 ,7 1,23 1
14	18 0 0 0 2 0 ,6 4,11 4
16	12 0 1 0 1 0 ,5 4,17 2
17	12 0 0 2 0 0 ,5 3,29 3
19	12 0 0 0 0 2 ,6 5,17 5
21	10 0 1 0 0 0 ,31 2
22	12 1 0 0 1 0 ,21 4,29 1
23	11 0 0 0 0 2 ,4 5,14 5
24	19 1 0 0 0 1 ,16 1,26 5
25	10 1 0 0 0 0 ,9 1
26	5 0 1 0 0 1 ,8 2,30 5
27	13 0 0 1 1 0 ,16 3,20 4
29	7 1 1 0 0 1 ,15 2,22 1,32 5
31	18 0 1 0 0 2 ,11 5,16 5,26 2
32	10 0 0 1 0 0 ,2 3
33	10 0 1 0 1 0 ,11 2,28 4
34	10 0 0 0 0 2 ,21 5,28 5
35	19 0 0 0 1 0 ,27 4
36	2 0 1 0 0 1 ,3 5,25 2
37	18 0 1 0 0 0 ,21 2
38	3 2 0 0 1 1 ,9 4,12 1,14 1,32 5
42	19 1 0 0 0 1 ,6 5,26 1
44	7 0 0 1 2 0 ,3 4,4 3,7 4
47	12 0 1 0 1 0 ,11 4,29 2
48	10 0 0 1 1 1 ,4 5,21 3,31 4
50	7 0 2 0 0 1 ,3 5,7 2,31 2
52	14 1 0 0 0 0 ,18 1
54	11 0 0 1 0 1 ,5 5,14 3
55	11 1 0 0 0 0 ,14 1
56	9 0 0 0 0 1 ,8 5
60	7 0 0 0 1 1 ,15 5,18 4
61	19 0 0 1 0 0 ,16 3
62	19 0 0 1 0 0 ,27 3
64	12 0 1 0 0 0 ,29 2
65	8 1 1 0 1 0 ,24 2,29 4,31 1
67	14 0 1 0 0 0 ,18 2
68	10 0 0 1 0 1 ,9 5,20 3
69	9 0 1 0 0 0 ,8 2
71	7 1 0 0 0 1 ,11 1,19 5
72	10 1 0 0 0 1 ,27 5,31 1
73	23 0 0 0 0 1 ,32 5
74	12 0 1 0 0 0 ,17 2
75	8 0 0 0 0 1 ,24 5
76	10 0 0 1 2 0 ,6 4,18 3,22 4
77	18 0 0 1 0 0 ,5 3
79	3 1 1 2 1 1 ,4 4,10 3,20 5,26 3,27 2,28 1
80	13 0 1 1 0 0 ,5 3,23 2
81	10 0 1 0 0 0 ,2 2
82	8 1 0 0 1 1 ,18 4,24 1,32 5
84	3 1 0 1 0 0 ,1 3,22 1
85	19 1 0 0 0 0 ,27 1
86	19 0 0 0 1 0 ,27 4
87	3 0 1 0 0 0 ,12 2
88	19 0 0 1 0 1 ,16 3,26 5
89	1 1 0 1 0 0 ,13 1,17 3
93	4 0 1 0 0 0 ,0 2
97	23 0 1 0 0 0 ,32 2
99	23 1 0 0 0 0 ,32 1
