1	11 0 0 0 1 0 ,3 4
2	17 0 0 0 0 2 ,9 5,17 5
4	12 1 0 0 0 0 ,10 1
5	11 1 0 0 0 0 ,3 1
6	12 0 0 0 1 0 ,10 4
8	12 0 0 1 0 0 ,19 3
9	12 0 1 0 0 1 ,4 2,10 5
10	6 0 1 0 0 0 ,18 2
11	12 0 0 0 0 1 ,5 5
12	14 0 1 0 0 0 ,24 2
13	15 0 0 0 0 1 ,6 5
16	8 0 1 0 1 0 ,14 2,23 4
17	14 0 0 0 1 0 ,24 4
18	13 0 0 1 0 1 ,4 3,17 5
19	6 1 0 0 1 0 ,2 1,14 4
20	12 1 0 0 0 0 ,10 1
22	15 0 0 1 0 0 ,6 3
25	13 0 0 1 2 0 ,4 3,14 4,17 4
27	13 1 0 0 0 0 ,4 1
28	7 1 1 1 0 0 ,7 1,8 2,9 3
29	12 0 0 1 0 0 ,19 3
31	12 0 0 0 0 2 ,5 5,15 5
35	7 0 0 0 1 1 ,7 5,23 4
36	7 1 0 0 0 0 ,1 1
38	11 1 0 0 0 1 ,9 5,13 1
40	11 0 1 0 0 0 ,13 2
43	8 0 0 0 1 0 ,0 4
44	17 1 0 0 0 0 ,17 1
45	14 0 0 1 0 0 ,24 3
47	8 0 0 0 2 0 ,0 4,4 4
48	7 0 0 0 0 2 ,8 5,13 5
51	8 0 0 0 0 1 ,16 5
53	12 0 0 0 1 0 ,19 4
54	15 0 1 1 0 0 ,9 3,14 2
55	8 1 0 0 0 1 ,16 1,24 5
58	6 1 1 0 0 0 ,10 1,12 2
59	11 0 1 0 0 0 ,3 2
62	15 1 0 0 0 0 ,6 1
65	5 1 0 0 0 1 ,7 1,21 5
66	24 0 1 0 0 0 ,15 2
67	7 0 1 0 0 1 ,1 5,17 2
68	15 0 0 1 0 0 ,6 3
71	1 1 0 0 0 0 ,11 1
72	7 0 0 1 0 0 ,22 3
73	15 0 1 0 0 0 ,14 2
75	8 0 1 0 0 1 ,15 5,16 2
76	7 1 0 0 0 0 ,1 1
77	15 2 0 0 0 0 ,9 1,14 1
82	20 0 0 1 0 0 ,9 3
85	11 0 0 0 1 0 ,3 4
86	24 0 0 1 0 0 ,15 3
87	12 0 1 1 0 0 ,5 2,6 3
89	6 0 0 0 1 1 ,2 5,22 4
91	4 0 0 0 2 0 ,12 4,20 4
95	24 0 0 0 0 1 ,15 5
96	12 0 1 0 0 0 ,19 2
97	6 0 0 1 2 0 ,13 3,15 4,18 4
