0	14 0 0 1 0 0 ,19 3
2	2 0 1 0 0 0 ,17 2
7	14 0 0 0 0 1 ,19 5
8	16 0 0 1 0 0 ,15 3
9	8 0 0 1 0 0 ,14 3
10	14 0 0 1 0 0 ,10 3
14	13 0 1 0 0 0 ,7 2
16	10 0 0 1 1 0 ,4 3,18 4
19	10 1 0 2 0 0 ,4 3,18 1,19 3
20	13 0 0 0 0 1 ,7 5
24	13 1 0 1 0 0 ,12 3,19 1
26	10 0 0 0 0 1 ,6 5
27	10 0 1 0 0 1 ,4 2,6 5
29	13 0 1 0 2 0 ,8 4,12 4,19 2
31	8 1 0 1 0 1 ,1 3,2 5,18 1
32	8 1 0 1 0 0 ,5 1,8 3
34	13 0 0 0 1 1 ,8 4,15 5
36	10 0 1 0 1 1 ,7 2,11 4,18 5
38	10 0 0 0 1 0 ,11 4
40	13 0 0 1 0 0 ,7 3
41	10 0 2 0 0 1 ,3 2,11 2,13 5
42	8 1 0 0 0 0 ,14 1
49	8 1 0 0 0 0 ,5 1
50	8 1 0 0 0 0 ,5 1
51	8 0 1 0 0 0 ,5 2
52	8 1 0 1 0 0 ,2 3,12 1
55	13 1 0 1 0 0 ,1 3,10 1
56	6 0 0 0 0 1 ,0 5
58	8 0 0 0 1 0 ,14 4
60	13 0 0 1 0 0 ,1 3
62	5 0 0 0 0 1 ,16 5
63	14 0 0 0 0 1 ,13 5
65	10 0 1 0 0 0 ,4 2
67	8 0 1 1 0 0 ,5 3,18 2
71	16 0 0 0 1 0 ,15 4
72	18 0 0 0 0 1 ,18 5
76	11 1 0 0 1 0 ,3 4,10 1
77	13 0 0 0 0 1 ,12 5
78	1 1 0 0 0 0 ,9 1
80	13 0 0 0 1 0 ,1 4
81	11 0 0 0 0 1 ,3 5
83	6 1 1 0 0 0 ,0 1,8 2
84	14 0 0 0 2 0 ,10 4,15 4
88	14 0 0 0 1 0 ,13 4
94	14 0 0 0 0 1 ,10 5
95	13 1 0 0 0 0 ,7 1
