3	15 0 0 1 1 0 ,2 3,3 4
4	8 1 0 0 1 0 ,13 1,22 4
7	9 0 0 0 0 1 ,26 5
8	9 1 0 0 0 1 ,1 1,7 5
9	10 0 1 1 0 0 ,3 3,15 2
10	19 0 0 0 1 0 ,20 4
12	17 0 0 0 0 1 ,25 5
17	6 1 0 1 0 0 ,9 1,16 3
19	6 0 0 0 0 1 ,9 5
23	8 0 2 0 0 0 ,13 2,15 2
24	10 0 0 0 0 1 ,14 5
27	3 0 0 1 0 0 ,12 3
28	8 0 0 0 1 2 ,17 5,19 5,24 4
30	16 0 0 0 0 1 ,8 5
33	15 0 2 0 0 0 ,8 2,19 2
34	10 1 0 0 0 0 ,15 1
36	4 1 0 0 0 0 ,23 1
37	13 0 1 0 1 0 ,1 2,25 4
38	4 0 0 1 0 0 ,23 3
39	15 0 0 0 1 1 ,2 4,8 5
40	2 0 1 0 0 1 ,11 2,25 5
41	1 3 0 0 0 0 ,5 1,21 1,26 1
42	8 1 0 1 0 0 ,24 1,25 3
43	13 0 1 0 0 0 ,1 2
44	8 0 0 1 0 0 ,6 3
45	10 0 0 1 1 0 ,3 3,14 4
46	17 0 0 1 0 0 ,17 3
48	15 0 0 0 0 1 ,22 5
49	16 0 1 0 0 0 ,8 2
50	14 0 1 0 0 0 ,16 2
52	17 0 0 0 1 0 ,3 4
53	9 0 0 1 0 0 ,7 3
56	19 0 0 0 0 1 ,20 5
57	15 0 0 1 0 0 ,2 3
58	9 0 0 1 0 0 ,26 3
59	8 0 0 1 0 0 ,24 3
61	10 1 1 0 0 0 ,15 1,16 2
62	16 1 0 0 0 0 ,8 1
63	15 0 0 0 0 1 ,22 5
67	15 1 1 0 0 0 ,8 1,19 2
69	14 1 0 0 0 0 ,16 1
70	6 1 1 0 1 0 ,1 4,10 1,20 2
71	19 1 0 0 0 0 ,20 1
72	10 0 0 0 1 0 ,15 4
73	1 1 0 0 0 0 ,0 1
75	6 1 0 1 0 0 ,10 1,21 3
77	8 0 0 1 0 0 ,6 3
78	3 0 0 1 0 0 ,4 3
79	9 1 0 0 0 0 ,7 1
80	8 0 0 0 1 0 ,21 4
81	17 0 0 1 0 0 ,3 3
82	15 1 0 0 0 0 ,2 1
84	6 0 0 0 1 0 ,10 4
85	14 0 0 0 2 0 ,2 4,16 4
86	8 0 1 0 0 0 ,6 2
87	15 1 0 0 0 0 ,22 1
88	13 0 1 0 1 0 ,1 4,19 2
89	17 1 0 0 0 0 ,17 1
90	17 0 0 0 0 1 ,17 5
92	19 0 0 0 0 1 ,20 5
93	8 0 1 0 0 1 ,13 5,20 2
94	15 0 0 0 1 0 ,19 4
96	10 1 0 1 0 0 ,14 1,17 3
97	2 0 1 0 0 0 ,18 2
99	14 0 1 0 0 0 ,16 2
