0	10 0 1 0 0 1 ,18 5,21 2
1	15 1 0 0 1 0 ,2 4,21 1
2	15 1 0 0 1 0 ,24 4,28 1
3	12 0 1 1 1 0 ,8 4,24 3,29 2
4	15 0 1 0 0 0 ,21 2
5	8 0 0 1 0 0 ,11 3
6	5 0 0 1 0 1 ,1 3,3 5
7	6 0 1 0 0 1 ,13 2,25 5
10	10 1 1 1 0 0 ,7 1,21 3,30 2
15	19 0 0 0 0 1 ,0 5
16	15 1 0 0 0 0 ,17 1
19	5 0 0 1 1 2 ,0 4,9 3,26 5,28 5
20	15 0 0 0 1 0 ,17 4
21	6 1 1 0 0 0 ,12 2,13 1
22	8 0 2 0 0 0 ,5 2,15 2
23	15 0 0 0 0 1 ,17 5
26	9 0 0 0 1 1 ,19 4,22 5
33	11 0 0 1 0 0 ,25 3
34	11 0 0 1 1 0 ,4 4,8 3
35	15 0 0 1 0 2 ,2 5,21 3,22 5
36	15 0 0 0 1 1 ,12 5,22 4
37	25 0 0 0 0 1 ,28 5
39	11 0 0 0 1 1 ,15 5,20 4
40	15 0 1 0 1 0 ,12 2,29 4
43	8 1 0 1 0 0 ,2 3,5 1
45	11 0 0 0 1 0 ,20 4
46	12 3 0 0 0 1 ,1 1,15 5,17 1,30 1
49	14 0 0 1 1 0 ,0 4,1 3
51	10 0 0 1 0 0 ,7 3
53	20 0 0 0 1 0 ,29 4
55	19 0 0 0 1 0 ,0 4
56	20 0 0 1 0 0 ,29 3
57	11 1 0 2 0 1 ,2 5,12 1,20 3,22 3
58	7 0 0 1 1 0 ,14 3,16 4
59	8 0 0 0 0 2 ,11 5,22 5
60	17 0 0 0 0 2 ,9 5,28 5
61	11 0 0 0 2 0 ,27 4,28 4
63	14 0 1 0 0 0 ,1 2
64	10 0 1 0 0 0 ,18 2
65	10 0 0 1 1 1 ,1 5,7 4,24 3
66	3 0 0 1 0 0 ,6 3
67	2 0 1 0 0 0 ,10 2
68	7 0 1 0 1 1 ,8 5,23 2,27 4
69	14 0 0 1 0 0 ,30 3
73	22 0 0 0 1 0 ,2 4
75	7 0 0 1 1 0 ,16 3,24 4
76	11 1 1 0 0 0 ,9 1,27 2
77	10 1 0 1 0 0 ,12 1,18 3
78	7 0 0 0 2 0 ,12 4,14 4
79	7 0 1 0 0 2 ,5 2,19 5,23 5
80	8 0 0 1 0 0 ,5 3
81	11 0 0 1 0 0 ,4 3
82	6 0 1 0 0 0 ,13 2
83	15 0 0 0 2 0 ,9 4,17 4
84	20 0 0 0 0 1 ,29 5
85	17 0 1 0 1 0 ,9 4,29 2
87	4 0 0 0 1 0 ,31 4
88	6 1 0 1 0 0 ,13 1,25 3
89	19 0 1 0 0 0 ,0 2
90	22 1 0 0 0 0 ,2 1
91	15 1 0 0 0 0 ,24 1
93	25 0 0 0 0 1 ,28 5
94	10 0 1 0 0 0 ,7 2
95	11 0 0 0 1 0 ,4 4
96	11 1 0 0 1 0 ,27 1,30 4
98	14 0 0 0 2 0 ,21 4,30 4
