0	22 0 0 0 0 1 ,5 5
6	13 0 0 0 0 1 ,22 5
7	12 0 0 0 0 1 ,8 5
11	18 0 0 0 2 0 ,3 4,20 4
12	18 0 0 0 0 1 ,1 5
14	6 0 1 0 1 0 ,12 4,19 2
15	11 0 0 0 1 0 ,23 4
18	9 0 0 0 1 0 ,9 4
19	18 0 0 0 0 1 ,3 5
21	2 0 1 0 0 0 ,18 2
22	9 0 0 0 1 0 ,21 4
25	6 0 1 0 0 1 ,6 2,14 5
26	2 0 1 0 1 0 ,0 2,22 4
27	1 2 1 0 0 0 ,4 1,21 1,22 2
28	14 0 0 2 0 0 ,1 3,25 3
29	8 0 0 0 0 1 ,15 5
31	12 0 0 0 1 0 ,8 4
32	5 0 1 0 0 0 ,13 2
33	6 1 0 0 1 0 ,19 4,21 1
34	2 0 1 2 0 0 ,2 2,9 3,14 3
36	18 0 0 1 0 1 ,1 5,5 3
38	14 0 0 1 0 0 ,25 3
39	18 0 0 0 1 0 ,20 4
40	14 1 1 0 0 0 ,14 2,25 1
42	11 0 1 0 0 1 ,5 5,24 2
44	18 1 0 0 0 0 ,3 1
46	3 0 1 0 0 0 ,11 2
47	18 0 1 0 0 0 ,3 2
49	5 0 0 0 0 1 ,16 5
51	11 0 0 0 1 0 ,24 4
57	9 0 0 0 0 1 ,12 5
59	5 0 1 0 1 0 ,10 2,23 4
60	18 0 0 0 0 1 ,20 5
63	22 0 0 0 1 0 ,5 4
65	5 0 0 2 0 0 ,10 3,15 3
66	5 0 0 1 0 0 ,13 3
69	9 0 0 0 0 1 ,7 5
72	9 0 0 2 0 0 ,21 3,23 3
73	17 0 0 0 1 0 ,14 4
74	9 0 0 0 1 0 ,7 4
75	6 0 0 0 1 1 ,6 4,24 5
76	1 1 0 0 0 0 ,17 1
77	17 0 1 0 0 0 ,14 2
80	18 0 1 0 1 0 ,3 4,5 2
81	14 0 0 0 0 1 ,25 5
83	14 0 1 0 0 0 ,25 2
84	9 0 1 0 0 0 ,9 2
90	13 0 2 1 0 0 ,3 2,20 3,22 2
94	3 1 0 1 0 0 ,8 3,11 1
95	17 1 0 0 0 1 ,1 5,14 1
96	18 0 1 0 0 0 ,20 2
99	22 0 0 1 0 0 ,5 3
