0	23 0 1 0 0 0 ,21 2
1	5 2 0 0 0 1 ,14 1,18 1,33 5
2	2 0 1 2 1 1 ,0 2,14 4,19 3,22 5,23 3
3	7 1 0 0 1 0 ,9 1,27 4
5	4 1 0 0 0 0 ,25 1
6	21 0 1 0 0 0 ,19 2
8	21 0 0 1 0 0 ,33 3
9	4 1 0 1 1 0 ,5 1,17 3,35 4
10	8 0 0 1 0 0 ,32 3
11	9 1 0 0 1 0 ,11 4,15 1
12	16 0 0 1 0 1 ,18 5,24 3
13	19 0 0 0 1 0 ,24 4
14	13 0 0 0 1 0 ,27 4
16	10 0 0 1 0 0 ,8 3
17	15 1 0 0 0 0 ,28 1
18	7 1 0 0 0 1 ,9 1,21 5
21	9 0 0 0 1 0 ,15 4
22	9 0 0 0 1 0 ,30 4
23	2 1 1 1 0 1 ,5 3,12 1,19 5,29 2
24	2 0 1 0 1 1 ,5 4,22 5,31 2
25	6 0 0 1 3 1 ,2 3,10 4,20 5,24 4,28 4
26	8 1 1 0 0 0 ,18 2,32 1
27	9 0 1 0 1 0 ,15 2,28 4
29	4 1 0 1 0 0 ,25 3,32 1
32	7 1 0 0 0 1 ,9 5,24 1
33	8 0 0 0 1 0 ,16 4
34	9 1 0 0 0 0 ,30 1
35	9 1 0 0 0 0 ,15 1
36	8 1 0 0 0 0 ,32 1
37	7 0 0 0 1 1 ,1 5,5 4
38	16 1 0 0 0 1 ,18 1,33 5
41	17 0 0 1 0 0 ,5 3
42	5 0 0 1 1 0 ,7 4,13 3
43	21 1 0 0 0 0 ,19 1
44	16 0 0 0 0 1 ,18 5
45	17 0 1 0 0 0 ,5 2
46	7 1 2 0 0 1 ,4 2,7 5,30 1,32 2
47	11 0 1 0 0 0 ,17 2
48	7 0 1 1 0 0 ,1 2,26 3
49	8 0 0 0 2 0 ,10 4,11 4
50	13 0 0 0 1 0 ,27 4
51	23 0 0 0 0 1 ,21 5
52	11 1 1 0 0 0 ,17 1,24 2
55	15 0 0 0 0 1 ,28 5
57	21 0 0 1 0 0 ,33 3
58	9 0 1 0 0 0 ,30 2
59	5 0 2 1 0 0 ,7 2,13 2,17 3
61	8 0 1 0 0 0 ,2 2
62	7 0 0 0 0 3 ,4 5,19 5,33 5
63	5 0 0 1 0 0 ,29 3
66	10 0 1 1 1 0 ,7 2,8 4,21 3
67	13 1 0 0 0 0 ,27 1
68	3 0 0 1 0 1 ,3 3,11 5
69	6 0 0 0 2 0 ,6 4,34 4
70	8 0 1 1 0 0 ,2 3,11 2
71	6 1 0 0 0 0 ,20 1
72	11 0 1 0 0 0 ,17 2
73	2 1 0 0 0 0 ,12 1
74	7 0 0 1 1 0 ,21 3,26 4
79	9 1 0 0 0 0 ,30 1
81	19 0 0 0 0 1 ,24 5
87	10 0 0 1 0 0 ,8 3
89	8 0 0 0 1 0 ,16 4
90	16 0 0 1 0 0 ,7 3
92	10 0 0 0 0 1 ,23 5
93	6 0 1 0 0 1 ,19 5,34 2
94	10 1 0 0 0 1 ,21 5,23 1
95	8 0 0 0 1 0 ,6 4
96	10 2 0 0 0 0 ,23 1,28 1
97	16 0 1 0 0 0 ,18 2
98	18 0 0 1 0 0 ,11 3
99	9 1 0 0 0 0 ,15 1
