0	0 4 7 5 7 2 ,0 15,2 14,4 15,6 10,7 10,8 3,9 7,10 23,11 16,12 17,14 16,16 19,17 13,19 6,20 16,24 6,25 13,28 16
1	0 11 3 4 8 3 ,0 18,1 16,4 1,6 4,7 10,8 9,10 5,12 12,13 13,15 9,17 16,18 3,19 16,20 13,22 11,25 14,26 1,28 5,29 11
2	0 5 4 3 10 3 ,0 11,1 12,4 20,8 15,9 6,10 2,11 12,12 11,17 13,19 21,20 18,21 13,22 11,25 22,26 4,27 18
3	0 6 3 3 6 3 ,1 14,2 13,6 17,7 5,8 10,10 7,13 17,14 16,15 9,16 11,17 13,18 16,21 9,22 15,25 18,27 10,29 13
4	0 8 2 5 3 5 ,0 20,1 17,2 18,4 18,5 19,6 15,9 13,11 1,12 18,14 21,15 14,16 15,17 11,18 6,19 12,20 13,22 14,24 18,25 9,26 14,28 12
5	0 7 4 6 5 7 ,0 10,1 6,3 11,4 2,5 16,8 8,9 13,10 4,13 12,14 17,15 24,17 14,20 11,21 13,22 5,23 8,24 15,25 6,26 12,29 17
6	0 5 5 11 4 6 ,0 13,1 5,2 1,3 3,6 1,8 13,9 9,10 21,11 15,12 12,15 18,17 12,19 21,20 11,21 9,22 14,23 10,24 16,25 2,26 12
7	0 5 7 4 11 9 ,1 19,2 23,3 10,4 13,6 25,7 16,8 13,9 11,11 7,12 16,13 13,15 15,17 19,18 6,19 20,20 6,23 12,25 9,26 14,27 10,28 15,29 7
8	0 3 3 8 7 3 ,0 18,3 18,5 14,6 17,7 14,8 17,9 14,10 21,11 5,12 14,15 8,16 9,20 2,23 13,24 12,25 10
9	0 3 3 4 9 5 ,0 25,2 10,3 7,4 8,6 16,7 10,10 4,11 14,13 17,16 5,17 13,18 6,19 12,21 9,22 21,24 7,26 14,27 10
10	0 11 4 3 5 8 ,2 12,3 18,5 9,7 12,8 6,9 11,10 8,11 15,12 9,13 1,14 5,15 18,17 10,18 6,20 3,22 8,23 13,25 12,26 10
11	0 9 6 6 7 10 ,0 10,1 13,2 12,3 7,4 14,5 14,7 7,8 4,9 14,10 9,11 5,12 6,14 18,15 23,19 10,20 11,21 5,23 10,24 15,25 13,26 16,27 8,28 15,29 15
12	0 4 10 5 8 6 ,1 13,3 20,4 8,5 16,6 6,9 4,10 16,13 3,15 23,17 10,19 11,20 12,21 5,22 15,23 12,24 15,26 18,27 7,28 10,29 7
13	0 5 9 4 6 6 ,0 14,1 6,2 12,4 14,5 15,6 8,7 5,9 13,10 19,11 5,12 14,13 2,14 17,15 8,18 18,19 11,20 18,21 14,22 12,24 15,28 3,29 15
14	0 9 3 7 3 9 ,1 2,3 9,4 9,5 16,6 3,7 7,10 13,11 3,12 10,15 9,16 6,17 18,20 21,21 14,22 17,26 11
15	0 10 3 6 11 4 ,0 17,3 10,6 13,7 12,8 15,9 13,12 14,13 11,14 19,15 8,16 17,17 15,19 16,20 17,23 11,24 8,25 14,26 18,28 6,29 17
16	0 7 6 9 6 3 ,0 3,1 2,2 9,7 6,8 17,9 23,10 10,13 4,15 15,16 17,17 7,18 3,19 15,20 10,21 8,22 13,23 13,24 12,25 10,26 10,27 21,28 6,29 11
17	0 7 3 8 2 4 ,0 11,2 9,3 18,4 5,5 11,6 19,8 7,9 4,10 15,11 14,13 17,14 9,16 11,17 9,19 18,20 12,21 15,26 14,28 24,29 11
18	0 11 4 9 7 5 ,0 11,2 10,4 15,6 3,8 3,10 7,11 3,12 1,13 15,14 16,16 8,17 4,19 18,20 9,21 9,25 12,26 10,28 10
19	0 5 3 5 1 8 ,0 13,2 18,3 22,4 10,5 15,6 15,7 8,9 9,11 9,16 9,17 8,18 14,19 10,20 16,22 11,23 8,24 23,28 10
20	0 3 6 3 4 8 ,0 3,2 15,5 11,8 9,9 3,11 15,12 15,15 6,16 16,18 17,20 16,21 8,22 14,23 13,24 16,26 15,27 8,29 17
21	0 6 6 5 5 4 ,0 10,1 14,2 15,3 18,4 18,7 8,8 1,9 4,10 9,11 12,12 7,15 24,16 24,17 6,19 14,25 9,26 10,28 5,29 13
22	0 7 4 6 5 2 ,0 17,1 16,3 10,5 15,6 16,7 12,10 9,11 1,12 3,14 13,16 12,17 9,19 11,21 5,23 15,25 10,28 17,29 7
23	0 8 4 7 3 4 ,0 10,1 6,2 17,3 5,5 12,6 10,7 12,10 2,11 5,13 1,15 15,16 12,17 6,18 8,23 10,24 9,29 11
24	0 2 6 6 7 5 ,0 6,2 17,4 18,5 16,6 13,8 9,10 2,12 9,17 16,18 10,19 12,20 4,23 9,26 11,27 12,28 21,29 15
25	0 7 5 7 10 9 ,0 4,1 5,2 11,3 10,4 20,5 9,7 4,8 13,9 6,10 6,11 8,14 16,16 17,17 13,19 9,20 17,21 10,22 14,23 7,25 7,26 14,28 12
26	0 3 8 7 6 6 ,0 8,1 11,2 15,3 10,4 15,5 7,6 15,7 6,8 14,10 8,11 4,12 16,14 17,15 3,18 20,20 10,21 5,24 2,25 14,26 6,29 13
27	0 6 5 7 9 6 ,0 14,2 13,3 8,4 6,6 8,8 17,10 9,11 6,12 10,13 11,14 9,15 4,16 10,17 19,18 18,19 10,20 21,24 7,25 9,26 18
28	0 6 5 6 10 5 ,0 13,2 9,4 14,6 8,7 16,8 12,9 23,11 18,12 6,13 4,14 4,15 2,16 4,17 14,18 17,19 17,21 19,22 19,23 11,24 8,25 6,27 7
29	0 13 1 6 12 4 ,0 12,1 17,2 11,4 9,5 16,6 1,7 16,8 9,9 7,10 4,11 11,12 6,14 13,16 8,17 1,18 8,19 9,23 12,24 15,25 13,26 10,27 15,29 11
30	0 5 4 8 4 4 ,0 2,2 17,5 3,6 11,7 8,8 7,12 11,13 8,14 16,15 9,16 7,17 9,20 7,22 12,23 13,24 7,26 12,27 21
31	0 4 7 7 8 3 ,0 17,1 3,5 20,6 16,8 8,9 4,13 11,14 19,15 8,17 5,18 3,19 18,21 13,22 17,23 12,24 8,25 16,26 11,28 10
32	0 3 3 5 3 6 ,0 1,1 10,5 2,6 10,7 17,9 4,10 7,11 15,17 18,18 23,19 16,21 15,24 16,26 5,27 18,28 6,29 1
33	0 7 6 4 6 1 ,1 21,5 15,6 10,8 10,10 8,12 12,13 5,14 19,16 5,19 14,20 6,21 15,22 19,25 2,26 10,27 17,28 6
34	0 12 5 8 3 4 ,1 10,3 10,4 14,6 13,8 17,9 7,10 9,11 14,12 19,13 3,14 11,15 8,16 5,17 10,18 20,19 9,20 11,21 13,25 3
35	0 10 4 4 6 6 ,0 12,1 16,2 23,3 7,4 4,5 20,7 3,9 8,10 9,11 14,12 2,13 13,14 11,15 6,17 19,18 12,20 10,21 9,23 13,24 14,25 10,26 18,27 10,28 1
36	0 3 3 5 8 5 ,1 12,4 8,5 11,6 10,9 23,10 8,11 8,14 18,16 6,17 14,20 11,21 14,23 13,24 19,26 12,28 10,29 5
37	0 5 7 8 9 7 ,0 10,1 10,3 18,4 15,5 18,6 15,7 3,8 13,9 19,10 7,12 10,13 9,14 19,15 9,16 8,17 6,18 16,19 18,20 9,21 14,24 12,25 1,26 10,28 12
38	0 6 3 6 4 9 ,0 9,3 3,4 5,5 14,6 6,7 16,8 13,9 5,10 16,11 11,14 10,17 16,18 7,23 7,24 12,28 17,29 17
39	0 2 4 14 6 7 ,0 18,1 4,2 4,4 15,6 14,9 11,12 18,13 3,15 3,16 11,17 16,18 12,19 20,20 12,21 5,23 6,24 9,25 13,26 15,28 16,29 5
40	0 7 6 3 7 5 ,0 18,1 14,2 9,3 7,4 15,5 15,6 14,8 18,9 4,11 9,12 13,13 13,17 16,18 23,19 9,20 6,22 6,23 12,25 12,28 2
41	0 9 6 5 3 4 ,1 3,2 11,4 8,5 20,6 10,7 16,9 23,10 17,12 11,14 10,16 8,17 5,18 17,20 6,22 7,25 16,26 6,27 8
42	0 3 9 8 7 7 ,0 10,1 3,2 5,3 18,4 9,5 18,6 21,7 11,8 14,9 13,10 5,12 19,13 19,14 23,16 16,17 3,18 2,19 9,20 8,22 14,24 12,25 13,26 11,27 21,28 16
43	0 5 5 3 10 2 ,0 11,1 14,3 9,4 8,5 4,6 3,7 11,8 6,10 21,11 6,14 16,15 18,17 7,18 12,19 18,20 9,21 15,24 19,25 10,26 10
44	0 7 6 6 7 7 ,0 9,1 14,2 5,4 23,5 13,6 7,7 11,8 7,9 23,10 16,11 12,12 9,13 9,14 11,16 11,17 14,18 12,19 8,20 13,22 16,23 12,26 12,27 8,28 12
45	0 6 8 5 2 7 ,0 13,1 10,3 11,4 23,5 15,6 4,7 5,8 17,10 17,11 14,12 14,13 13,14 4,17 14,18 6,20 10,21 14,22 6,23 10,25 21,28 6,29 15
46	0 4 11 5 6 6 ,0 9,1 5,3 10,4 13,6 11,7 8,8 15,10 7,12 15,13 4,14 23,15 15,16 2,18 7,19 20,20 17,21 5,23 13,25 11,26 12,27 8,28 21
47	0 13 8 11 6 5 ,0 17,1 14,2 11,3 5,4 5,6 8,7 12,10 11,11 3,12 10,13 8,14 10,16 9,17 9,19 8,20 7,21 19,22 3,23 5,24 12,25 9,26 16,27 18,28 20
48	0 5 2 5 5 3 ,1 14,3 7,6 13,7 12,9 7,10 7,11 18,19 21,21 9,22 19,23 13,24 16,26 3,27 15,28 10
49	0 7 4 12 4 10 ,0 20,1 14,4 9,5 15,6 13,7 5,8 12,9 5,10 8,11 14,12 18,14 16,16 3,18 18,19 14,20 11,21 17,22 8,23 10,24 16,25 13,28 10
50	0 6 6 4 5 3 ,0 18,1 17,2 9,3 12,5 19,8 7,9 8,10 13,13 2,14 10,15 5,16 1,18 16,19 17,20 1,22 11,24 5,25 16,28 16
51	0 1 5 2 7 5 ,4 13,5 14,6 14,7 8,8 10,10 23,11 15,12 15,14 10,15 12,16 12,17 16,19 12,22 19,25 4,26 3,27 18,28 16
52	0 6 5 7 8 3 ,0 17,1 11,3 10,7 12,8 9,9 15,10 11,12 13,14 9,16 10,17 2,18 18,19 20,20 12,21 15,22 21,23 12,26 18,28 6,29 17
53	0 5 6 9 4 5 ,0 10,3 10,4 20,5 13,6 6,7 16,9 19,12 14,13 4,14 11,15 23,16 9,17 13,18 16,22 3,23 10,24 6,25 13,26 10,27 18,28 3
54	0 6 2 4 4 4 ,5 16,6 21,7 17,11 6,12 7,13 15,14 13,16 7,17 7,20 4,22 14,23 3,29 11
55	0 6 4 0 8 1 ,2 11,3 2,6 19,7 8,8 18,9 5,10 15,11 14,12 6,19 14,20 17,25 12,26 6,27 17
56	0 0 9 3 5 4 ,4 2,7 14,8 13,9 11,12 11,13 15,17 6,18 7,20 10,21 4,24 6,27 10,28 6
57	0 9 7 5 6 7 ,0 14,2 14,3 11,4 15,6 3,7 6,8 16,9 13,10 21,11 13,13 13,14 4,17 10,18 2,19 11,20 11,21 8,23 7,24 12,25 15,26 14,28 9
58	0 3 5 2 6 2 ,0 11,4 9,8 4,9 19,10 9,13 13,14 11,16 16,17 11,20 11,25 6,26 14
59	0 8 6 7 3 4 ,0 9,2 11,4 20,5 7,6 13,7 3,8 9,9 13,10 5,11 18,12 10,14 16,15 15,16 16,17 14,19 9,21 14,23 8,25 9,28 17,29 7
60	0 5 4 9 2 5 ,0 6,1 12,2 6,4 9,7 14,11 11,13 11,16 24,17 18,18 16,19 7,20 11,21 16,22 15,23 8,24 14,26 10,27 8,29 3
61	0 2 1 4 5 3 ,2 11,6 16,8 13,9 14,10 8,12 5,13 4,16 18,18 17,19 21,20 11,24 16,25 3,28 10
62	0 7 6 5 4 5 ,0 16,6 25,7 11,8 6,9 14,10 7,11 9,12 9,13 3,15 4,17 19,18 16,20 15,21 16,23 18,25 8,26 15,28 7
63	0 2 5 4 7 4 ,0 6,1 17,3 11,7 13,8 4,9 13,10 5,12 4,13 13,14 16,16 4,19 11,22 17,25 15,28 3
64	0 5 2 6 10 8 ,0 10,1 10,6 8,7 13,8 13,9 23,11 12,12 21,14 16,15 3,16 18,17 23,18 8,19 8,20 14,21 17,22 8,25 12,27 4,28 12,29 4
65	0 6 1 3 2 4 ,1 3,2 10,6 19,8 6,9 6,11 4,12 10,14 18,16 15,20 21,21 16,23 13,24 14
66	0 7 8 5 4 8 ,1 6,5 8,6 14,7 8,8 13,10 10,11 12,13 3,14 11,15 7,17 18,19 11,20 13,21 19,24 15,25 10,27 8,28 3
67	0 2 5 0 7 2 ,0 2,2 17,4 8,5 11,6 16,7 13,10 13,13 17,14 10,17 6,18 12,19 17,21 10,25 13,26 16,29 11
68	0 4 7 6 3 4 ,0 14,2 4,4 9,5 8,6 15,7 5,10 3,14 19,15 24,16 23,17 6,18 10,22 21,23 12,24 15,26 10,28 6,29 5
69	0 2 5 5 9 5 ,0 11,1 12,3 10,4 9,8 13,9 5,10 6,11 3,12 18,13 2,14 25,15 9,17 5,18 10,19 21,21 13,23 12,26 11,27 21
70	0 5 3 4 5 5 ,0 10,4 4,7 13,8 7,9 11,10 8,11 20,12 15,13 13,18 12,19 14,20 11,21 5,22 7,23 7,24 9,27 8,29 11
71	0 10 2 5 3 5 ,0 9,1 14,3 10,4 13,8 16,9 14,10 6,12 18,13 19,14 18,17 9,18 3,19 12,21 13,22 12,25 18,26 14
72	0 6 5 6 6 7 ,0 17,1 14,2 11,3 8,4 13,5 15,6 13,7 22,8 18,10 11,11 7,12 18,15 8,16 5,18 14,19 11,21 13,22 14,23 10,24 16,25 13,26 14,28 12,29 11
73	0 8 1 6 3 3 ,2 6,3 5,4 4,5 20,7 13,10 2,11 7,12 10,14 16,16 10,17 3,18 14,19 9,20 10,21 5,22 6,25 18,27 18
74	0 3 2 4 6 7 ,0 13,1 5,2 14,3 12,4 14,5 15,8 17,10 7,12 19,14 4,16 17,18 20,19 16,20 8,21 14,22 16,25 15,26 10,28 17,29 17
75	0 5 2 4 7 8 ,1 6,2 13,4 6,6 13,7 16,8 2,9 13,11 11,12 4,13 8,14 23,15 1,16 8,17 15,19 11,21 14,22 21,25 9,26 12,27 1,28 17
76	0 5 7 11 5 6 ,2 9,3 10,5 16,6 15,8 12,9 5,12 8,13 12,14 9,15 8,16 5,17 12,18 17,19 10,20 11,21 10,22 21,24 9,26 18,27 8,28 7,29 11
77	0 4 7 6 5 6 ,1 21,2 23,3 12,4 14,5 18,6 21,7 17,8 5,12 21,13 13,14 16,15 7,16 15,17 16,19 12,20 16,21 14,25 16,26 10,27 21,28 10
78	0 3 7 5 4 5 ,1 17,4 8,5 8,6 7,9 14,11 6,14 4,15 8,16 17,19 9,20 9,21 14,22 16,24 15,25 12,26 20
79	0 5 5 3 6 5 ,0 14,1 11,3 20,6 17,7 22,8 5,9 7,10 9,11 14,15 8,16 5,17 3,18 16,20 4,21 5,22 14
80	0 5 6 6 3 11 ,2 9,4 23,5 9,7 17,8 7,9 13,12 9,13 3,14 10,16 10,17 7,18 23,19 6,21 15,22 15,25 11,27 13,28 10,29 5
81	0 19 4 4 3 2 ,0 16,1 6,2 6,4 14,6 11,9 14,10 19,11 13,12 10,13 13,14 11,15 8,16 7,17 7,18 12,19 12,20 16,21 5,22 1,23 8,24 16,28 12
82	0 8 3 4 7 5 ,0 9,1 12,2 23,4 1,6 3,7 2,8 18,9 4,11 16,14 21,15 14,16 9,17 16,19 21,20 6,21 14,27 8,28 24
83	0 5 3 6 4 3 ,0 17,2 13,3 7,5 16,6 4,8 15,15 9,16 10,19 15,20 11,21 17,24 15,25 14,28 9
84	0 5 3 4 4 8 ,0 3,1 4,2 11,4 4,5 20,7 18,8 17,12 12,13 12,14 19,15 15,16 10,18 1,20 16,21 15,22 13,23 18,25 21,26 20,28 10
85	0 10 3 4 7 5 ,0 12,3 5,6 18,7 11,8 17,9 11,11 14,13 17,14 10,16 9,17 4,18 4,19 15,20 6,21 16,23 7,24 8,26 18,28 3
86	0 8 4 6 5 6 ,0 6,1 21,2 11,5 16,6 13,7 18,12 15,14 13,15 8,16 7,19 10,20 6,21 5,22 11,23 10,24 3,25 21,27 18
87	0 2 4 6 4 7 ,3 3,5 14,6 18,8 9,10 10,11 12,13 13,14 19,15 15,16 10,17 5,18 14,19 7,21 5,22 11,26 14
88	0 3 6 7 6 1 ,0 15,2 11,4 23,5 3,7 11,8 18,12 10,13 3,14 3,15 5,16 6,17 5,19 11,20 8,22 8,23 2,25 22,29 17
89	0 1 3 2 6 5 ,0 10,2 23,5 12,8 4,10 8,12 10,14 18,15 9,18 12,20 14,21 16,24 15,25 11,27 12
90	0 7 5 6 8 6 ,0 13,3 7,6 7,8 17,9 13,10 16,11 2,12 13,13 4,14 4,15 12,16 12,17 13,18 17,19 1,24 15,25 3,26 10,27 12
91	0 3 7 5 5 4 ,0 14,4 9,5 16,6 7,7 17,8 7,9 11,11 15,13 3,14 11,17 4,18 16,22 8,23 13,28 15
92	0 3 5 6 6 5 ,0 14,3 22,8 6,9 13,10 10,11 15,12 16,14 10,16 8,17 13,18 6,19 18,20 21,22 13,24 9,25 22,27 13
93	0 6 7 4 1 5 ,0 17,4 8,6 6,7 22,10 6,11 14,12 10,13 5,14 17,15 24,16 18,17 10,19 21,20 8,21 9,22 6,23 3,27 10
94	0 9 6 5 9 7 ,0 10,1 12,3 8,5 9,6 13,7 16,8 15,9 28,10 10,11 8,13 4,14 16,15 8,16 4,17 14,18 10,19 17,20 6,21 10,22 6,23 9,25 13,26 1,27 13,28 15
95	0 2 7 5 4 11 ,0 6,1 11,2 11,5 12,6 25,7 7,8 9,10 8,11 14,12 2,16 3,18 17,19 6,20 17,22 14,23 7,24 16,26 12,29 7
96	0 3 7 1 5 5 ,0 12,2 11,6 4,7 16,8 13,9 13,10 10,12 13,13 13,15 9,17 16,18 12,20 16,21 9,22 16,23 6,24 16,28 16
97	0 10 6 4 7 0 ,0 15,1 14,4 5,5 18,6 16,7 12,10 16,11 9,12 7,15 24,16 1,18 8,19 11,21 17,23 9,24 16,25 10,26 6,28 9,29 17
98	0 2 3 13 5 7 ,1 13,2 14,4 15,5 9,6 10,8 18,9 11,10 18,12 11,14 10,16 10,17 6,18 7,20 12,21 13,23 13,24 6,25 12,26 2,27 12
99	0 7 2 7 3 2 ,1 6,4 14,7 8,8 5,9 13,10 9,11 5,17 14,18 12,19 20,20 10,23 11,24 9,26 15,27 18,28 16
