2	5 0 1 1 0 0 ,32 3,37 2
3	10 2 0 0 0 0 ,8 1,22 1
4	17 0 0 1 0 0 ,13 3
5	9 1 0 0 0 0 ,20 1
7	10 0 1 1 0 0 ,28 3,36 2
8	8 0 0 0 2 0 ,0 4,9 4
10	17 0 1 0 0 0 ,27 2
11	2 0 1 0 1 1 ,13 5,18 2,24 4
12	10 1 0 0 0 0 ,30 1
13	16 0 0 0 0 1 ,24 5
14	8 1 0 0 0 0 ,19 1
15	5 1 1 0 0 1 ,2 1,30 2,31 5
17	19 0 0 1 0 0 ,3 3
18	19 0 0 0 1 0 ,32 4
19	20 0 0 0 0 1 ,10 5
20	6 1 0 0 0 0 ,26 1
21	10 1 0 0 0 1 ,11 5,36 1
22	3 0 0 1 0 0 ,29 3
23	17 0 2 0 0 0 ,13 2,22 2
24	17 0 0 0 0 1 ,27 5
25	6 0 1 1 2 0 ,0 4,3 2,25 3,26 4
26	9 1 0 0 1 0 ,7 4,32 1
30	8 0 1 1 0 0 ,16 2,21 3
32	16 0 0 1 1 0 ,11 4,22 3
33	16 0 1 0 0 0 ,24 2
35	19 0 0 1 0 0 ,2 3
36	14 1 0 0 0 0 ,9 1
38	5 1 0 0 0 0 ,12 1
39	18 0 0 2 0 0 ,2 3,22 3
40	1 1 0 0 0 0 ,4 1
42	7 0 2 0 1 0 ,13 4,24 2,25 2
46	10 0 1 0 1 0 ,9 4,30 2
47	10 0 0 0 1 2 ,11 5,28 4,30 5
48	9 0 0 0 1 0 ,20 4
49	6 1 1 0 0 0 ,6 1,9 2
50	8 0 1 0 1 0 ,1 2,16 4
51	19 0 0 0 0 1 ,3 5
52	8 0 0 1 0 1 ,13 3,35 5
54	1 1 0 0 0 0 ,23 1
55	5 1 1 1 0 0 ,17 1,19 2,38 3
56	7 0 0 0 1 0 ,14 4
57	6 1 0 0 0 0 ,26 1
58	16 1 0 1 0 0 ,10 1,24 3
59	11 1 0 0 0 0 ,28 1
61	5 1 1 1 1 0 ,1 3,15 2,17 4,28 1
62	5 0 0 1 0 0 ,37 3
64	20 0 0 0 1 0 ,10 4
65	1 1 0 1 0 0 ,2 3,33 1
66	20 0 0 1 0 0 ,10 3
67	7 0 0 1 0 0 ,5 3
68	16 0 0 0 1 0 ,21 4
69	6 0 0 0 1 1 ,6 5,22 4
70	19 0 0 0 1 1 ,2 4,3 5
71	20 0 0 0 0 1 ,10 5
73	10 0 0 2 0 1 ,21 3,22 5,36 3
74	8 0 0 0 0 1 ,19 5
76	10 1 0 0 0 1 ,8 5,11 1
77	9 0 0 0 1 0 ,20 4
78	5 0 1 0 2 0 ,1 4,12 4,21 2
79	19 0 0 0 0 2 ,2 5,32 5
81	16 1 0 0 0 0 ,21 1
82	5 0 1 0 0 0 ,38 2
83	7 0 0 0 1 0 ,5 4
84	13 0 0 0 1 0 ,1 4
85	8 0 0 1 0 0 ,35 3
86	7 0 1 1 1 0 ,3 2,14 3,36 4
87	19 0 0 0 0 1 ,32 5
88	17 0 0 1 0 0 ,27 3
89	8 0 2 0 0 0 ,10 2,16 2
92	1 2 1 1 0 1 ,3 2,9 3,15 5,27 1,34 1
94	12 0 0 0 0 2 ,15 5,27 5
95	7 0 1 0 0 0 ,25 2
96	9 0 1 1 0 1 ,7 5,21 3,28 2
97	10 1 0 0 1 0 ,8 4,11 1
98	17 2 0 0 0 0 ,27 1,32 1
