0	12 0 1 0 0 0 ,17 2
1	23 0 0 0 0 1 ,22 5
2	23 0 0 0 0 1 ,13 5
5	4 0 0 0 1 1 ,3 4,10 5
8	11 0 0 1 1 0 ,9 3,24 4
9	6 0 1 0 0 0 ,21 2
10	7 0 0 1 1 1 ,4 4,15 5,23 3
11	11 0 1 1 1 0 ,1 4,15 3,24 2
13	10 1 1 0 0 0 ,19 2,30 1
14	15 1 0 1 0 0 ,2 3,15 1
15	8 0 0 1 1 0 ,29 3,30 4
16	13 1 0 1 0 0 ,2 1,7 3
17	6 0 1 0 0 1 ,5 2,12 5
18	16 0 0 1 0 0 ,27 3
19	4 0 0 2 1 0 ,0 3,27 4,28 3
20	4 2 1 0 0 0 ,7 1,28 1,31 2
21	7 1 0 0 0 0 ,23 1
23	9 0 1 0 0 0 ,31 2
25	13 0 1 0 0 0 ,7 2
27	12 0 1 1 0 1 ,8 3,9 2,22 5
28	4 0 0 1 0 1 ,13 5,25 3
29	12 0 0 0 0 1 ,17 5
34	16 0 0 0 1 1 ,2 5,30 4
35	12 0 0 1 0 0 ,8 3
36	12 0 0 0 1 0 ,8 4
37	4 1 0 0 0 1 ,14 5,25 1
40	8 1 0 0 1 0 ,9 1,29 4
41	9 1 0 0 0 0 ,31 1
45	7 1 2 1 0 0 ,19 3,23 2,27 1,30 2
46	23 0 0 0 0 1 ,22 5
49	18 0 0 0 0 1 ,30 5
50	23 0 0 1 0 0 ,22 3
51	19 0 0 0 0 1 ,9 5
52	7 1 0 1 0 0 ,15 3,23 1
53	6 1 0 1 0 0 ,15 3,20 1
56	10 2 0 0 0 1 ,10 1,12 5,13 1
57	16 0 1 0 0 0 ,2 2
58	7 0 2 0 0 0 ,10 2,11 2
59	9 1 0 0 0 0 ,31 1
60	16 0 0 0 1 0 ,27 4
61	10 0 0 1 0 1 ,1 3,19 5
62	9 0 1 0 0 0 ,4 2
63	12 1 1 0 0 1 ,1 1,9 5,12 2
64	16 0 0 0 0 1 ,2 5
65	6 0 0 1 0 0 ,21 3
66	5 1 0 0 0 1 ,4 1,18 5
67	8 1 0 1 0 0 ,9 3,29 1
68	23 1 0 0 0 0 ,22 1
69	3 1 1 0 1 1 ,0 5,4 2,6 1,27 4
71	6 0 0 0 1 0 ,5 4
72	4 0 1 0 2 0 ,1 4,16 2,22 4
74	6 1 0 0 0 0 ,26 1
75	14 0 0 1 0 0 ,0 3
76	13 0 1 0 0 0 ,7 2
78	12 0 0 0 0 1 ,17 5
80	3 0 1 1 0 0 ,0 3,6 2
81	13 0 0 0 0 1 ,7 5
85	7 0 0 1 0 1 ,11 5,12 3
86	10 0 1 0 0 0 ,10 2
87	6 0 1 0 1 1 ,13 4,26 5,30 2
90	12 0 1 0 0 0 ,8 2
93	9 0 0 1 0 0 ,31 3
96	6 1 0 0 0 2 ,20 5,21 1,24 5
97	23 0 0 0 0 1 ,13 5
98	4 0 1 1 0 0 ,13 3,16 2
