0	18 0 0 1 0 0 ,13 3
1	21 0 0 0 1 0 ,22 4
2	11 0 0 1 0 1 ,11 5,30 3
4	9 0 0 0 1 1 ,5 5,16 4
5	9 0 0 1 1 0 ,23 3,27 4
6	21 0 0 0 1 0 ,14 4
7	9 1 0 0 0 0 ,31 1
8	18 1 0 0 0 0 ,13 1
9	11 1 0 1 2 0 ,0 3,3 1,11 4,29 4
11	3 0 1 0 0 1 ,12 2,30 5
12	5 0 0 0 1 0 ,28 4
13	10 0 1 1 1 0 ,22 2,24 4,32 3
15	10 0 1 1 1 0 ,4 3,14 2,32 4
16	12 0 1 1 0 0 ,26 2,33 3
17	13 1 0 0 0 0 ,3 1
18	13 0 0 1 0 0 ,20 3
19	9 1 0 1 0 0 ,6 3,31 1
20	12 0 0 0 1 0 ,17 4
21	11 1 1 0 0 0 ,3 1,11 2
22	10 0 1 1 2 0 ,4 2,8 4,10 4,29 3
23	15 0 0 0 1 0 ,2 4
24	13 0 0 1 0 2 ,2 5,20 5,27 3
25	21 1 0 0 0 0 ,22 1
26	9 0 1 0 0 0 ,23 2
28	17 0 1 0 0 0 ,6 2
30	12 0 0 1 0 1 ,5 3,6 5
34	5 1 1 1 0 0 ,2 3,10 2,28 1
35	13 0 1 0 0 0 ,3 2
37	20 0 0 1 0 0 ,27 3
38	1 1 0 1 0 0 ,15 1,33 3
39	4 0 0 1 0 1 ,18 3,34 5
40	1 1 0 0 2 0 ,1 1,23 4,29 4
41	6 1 0 0 0 1 ,30 5,34 1
43	3 1 0 1 0 2 ,0 5,17 5,21 3,24 1
44	20 0 0 1 0 0 ,27 3
46	21 0 0 0 0 1 ,22 5
47	21 0 0 1 0 0 ,14 3
48	9 0 0 1 1 0 ,24 4,31 3
49	13 0 0 0 1 0 ,3 4
51	17 0 0 1 0 0 ,6 3
54	9 0 1 0 0 0 ,31 2
56	13 0 0 0 0 1 ,20 5
57	12 2 0 0 0 0 ,5 1,29 1
58	10 1 0 2 1 0 ,0 3,3 4,32 3,33 1
59	12 0 0 1 1 0 ,8 3,10 4
60	21 0 0 1 0 0 ,14 3
62	9 1 0 0 0 1 ,10 5,16 1
63	5 1 0 0 0 0 ,25 1
64	3 1 0 1 0 1 ,14 5,18 1,19 3
66	5 0 0 0 1 1 ,7 5,25 4
67	12 0 0 0 0 1 ,26 5
68	16 0 0 0 0 1 ,0 5
70	9 1 0 0 0 1 ,16 1,24 5
74	12 0 0 1 0 0 ,5 3
76	18 0 0 0 1 0 ,13 4
77	3 1 0 0 1 1 ,12 1,13 5,22 4
78	15 0 0 1 0 0 ,2 3
79	9 1 0 0 0 0 ,16 1
80	11 0 1 0 0 0 ,7 2
82	10 0 0 2 0 0 ,4 3,7 3
84	12 0 0 1 0 0 ,17 3
85	16 1 0 0 0 1 ,10 1,30 5
86	12 0 0 0 0 1 ,8 5
87	12 0 0 0 0 1 ,26 5
88	9 0 2 0 0 0 ,16 2,27 2
89	2 0 1 0 1 0 ,6 4,9 2
91	10 0 1 0 1 0 ,4 2,24 4
92	21 0 0 0 1 0 ,14 4
93	11 1 0 0 0 0 ,7 1
94	9 0 1 0 0 0 ,31 2
95	12 0 0 0 0 1 ,33 5
96	20 0 1 0 0 1 ,27 5,30 2
98	18 0 0 0 0 1 ,13 5
99	21 0 0 0 0 1 ,22 5
