0	7 0 1 0 0 0 ,7 2
1	4 0 0 1 1 0 ,5 4,30 3
2	13 1 0 0 0 1 ,19 5,26 1
3	13 0 0 1 0 0 ,17 3
5	13 0 0 1 0 0 ,24 3
6	16 0 0 0 1 0 ,32 4
7	16 0 0 0 2 0 ,12 4,29 4
8	13 0 2 0 0 0 ,24 2,25 2
9	13 0 1 0 0 1 ,26 2,31 5
10	8 1 0 0 1 0 ,10 4,33 1
11	12 0 0 0 0 1 ,23 5
12	4 1 0 0 0 0 ,28 1
14	5 0 0 0 0 1 ,13 5
15	8 0 0 1 0 0 ,8 3
16	14 0 1 0 0 1 ,6 2,27 5
17	7 1 0 0 2 0 ,1 1,6 4,36 4
18	17 0 1 1 0 0 ,1 3,6 2
19	8 0 0 2 0 0 ,8 3,9 3
20	18 0 0 1 0 0 ,25 3
21	12 0 0 1 0 1 ,4 3,29 5
22	10 1 0 1 0 0 ,25 3,30 1
23	8 0 0 0 1 1 ,31 5,33 4
24	6 1 1 1 0 0 ,19 3,20 1,34 2
25	12 0 0 2 0 0 ,18 3,23 3
26	13 0 0 1 2 0 ,6 4,12 3,26 4
27	13 1 0 0 0 0 ,21 1
28	14 1 0 0 1 0 ,27 1,32 4
29	15 0 1 0 0 0 ,15 2
30	7 0 1 1 0 0 ,0 2,23 3
31	16 1 1 0 0 0 ,10 2,29 1
32	14 0 1 0 0 0 ,18 2
34	13 1 0 0 0 0 ,24 1
36	12 0 1 1 0 0 ,4 3,17 2
37	1 1 0 0 0 0 ,35 1
38	13 0 1 0 0 0 ,21 2
39	10 0 0 2 0 1 ,21 5,30 3,32 3
41	15 0 0 0 0 1 ,15 5
42	17 0 0 0 1 0 ,34 4
43	3 0 0 3 3 0 ,1 4,3 3,11 4,22 4,29 3,36 3
44	22 0 1 0 0 0 ,31 2
47	18 0 0 2 0 0 ,22 3,25 3
48	5 0 1 0 1 1 ,14 2,25 4,27 5
49	18 0 0 0 1 0 ,10 4
51	13 0 1 1 0 0 ,17 3,31 2
52	11 0 1 0 1 0 ,2 2,31 4
53	10 0 1 0 0 2 ,2 5,32 2,37 5
55	8 0 2 1 0 0 ,8 2,24 2,34 3
57	13 0 1 1 0 0 ,26 2,27 3
58	18 0 0 1 1 0 ,10 4,19 3
60	10 1 0 0 1 0 ,22 4,30 1
61	18 0 0 0 0 1 ,19 5
62	6 0 0 0 0 1 ,20 5
63	13 0 0 0 1 0 ,24 4
64	4 0 0 2 0 0 ,28 3,38 3
66	18 0 0 0 0 1 ,12 5
67	18 0 0 0 0 1 ,12 5
69	13 1 0 0 1 0 ,6 4,24 1
70	15 0 0 0 1 0 ,9 4
71	11 0 0 0 1 0 ,2 4
72	15 0 0 0 0 1 ,9 5
74	15 1 0 0 0 0 ,9 1
75	17 0 1 0 0 0 ,34 2
76	12 1 0 0 0 0 ,23 1
77	5 0 1 2 0 0 ,4 2,14 3,22 3
78	4 0 0 0 1 0 ,16 4
80	18 1 0 0 0 0 ,10 1
81	11 0 0 0 1 0 ,11 4
82	13 0 0 1 2 0 ,18 4,21 3,26 4
83	6 1 0 0 1 0 ,1 4,38 1
84	13 0 1 0 1 0 ,6 4,21 2
85	11 1 0 1 0 1 ,11 3,12 1,22 5
86	13 0 0 0 0 2 ,1 5,17 5
91	6 0 2 1 0 1 ,18 5,19 2,25 3,38 2
92	8 0 0 2 0 0 ,29 3,33 3
93	7 2 0 0 1 1 ,0 5,4 4,15 1,30 1
94	15 0 1 0 0 0 ,9 2
95	10 0 2 0 0 1 ,15 2,34 2,37 5
96	7 0 0 0 0 1 ,7 5
97	10 1 0 2 1 0 ,10 3,30 1,32 3,34 4
98	15 0 0 0 0 1 ,15 5
99	22 0 0 0 1 0 ,31 4
