1	15 0 0 0 0 1 ,12 5
4	24 0 0 0 0 1 ,6 5
5	24 0 0 1 0 0 ,6 3
6	14 1 0 0 0 0 ,19 1
8	14 0 1 0 0 0 ,19 2
9	8 0 0 1 0 1 ,0 3,4 5
11	19 0 0 0 0 1 ,10 5
12	10 0 0 2 0 0 ,9 3,23 3
13	10 0 1 0 1 0 ,6 4,23 2
14	6 1 1 0 0 0 ,14 1,17 2
15	14 1 1 0 0 0 ,15 2,16 1
16	6 1 0 0 0 0 ,14 1
17	24 0 0 1 0 0 ,6 3
19	24 0 0 0 1 0 ,6 4
20	10 0 0 0 1 0 ,3 4
22	6 0 2 0 0 0 ,22 2,23 2
24	16 0 0 1 0 0 ,18 3
26	5 1 0 0 0 0 ,21 1
27	19 0 0 1 0 0 ,10 3
28	12 0 0 1 0 0 ,1 3
30	9 0 0 0 1 0 ,13 4
31	9 1 0 0 0 0 ,8 1
32	15 1 0 0 0 0 ,12 1
33	10 1 0 0 0 0 ,23 1
34	12 0 0 0 0 1 ,1 5
35	15 1 0 0 0 0 ,12 1
36	6 0 1 0 0 1 ,18 5,20 2
38	15 0 0 0 1 0 ,2 4
39	14 1 1 0 0 0 ,16 1,18 2
40	17 1 0 0 0 0 ,4 1
42	9 0 1 2 0 1 ,3 2,8 3,9 5,12 3
43	9 0 2 0 0 0 ,8 2,16 2
44	17 0 0 0 0 1 ,4 5
45	14 0 1 0 0 0 ,19 2
46	9 1 1 1 0 2 ,2 5,8 3,10 5,16 2,23 1
48	11 0 0 1 0 0 ,11 3
50	12 1 0 0 0 0 ,1 1
51	11 0 0 1 0 0 ,11 3
52	13 0 1 0 1 0 ,9 4,15 2
55	16 0 0 1 0 0 ,18 3
56	18 0 0 1 0 1 ,15 3,17 5
57	8 1 1 0 0 0 ,0 2,23 1
58	6 0 0 0 1 0 ,20 4
59	18 0 1 0 0 1 ,10 5,15 2
61	17 0 0 0 0 1 ,4 5
62	14 0 0 1 0 0 ,16 3
63	10 1 0 0 0 0 ,3 1
64	20 0 0 0 1 0 ,17 4
65	6 0 0 0 1 0 ,22 4
67	10 0 0 1 0 1 ,2 5,3 3
70	18 0 0 0 1 0 ,15 4
72	20 0 0 1 0 0 ,17 3
73	15 1 0 0 0 0 ,2 1
74	6 0 0 0 1 2 ,6 5,14 4,17 5
76	16 0 0 1 0 1 ,15 5,18 3
77	13 1 0 0 0 1 ,9 1,19 5
79	9 0 0 0 0 1 ,13 5
81	5 0 0 0 1 0 ,5 4
82	8 0 0 1 0 0 ,0 3
84	19 2 0 0 0 0 ,10 1,17 1
87	15 0 0 0 0 1 ,12 5
90	5 0 0 0 1 0 ,21 4
91	12 0 0 1 0 0 ,1 3
94	17 1 0 0 0 0 ,4 1
95	11 0 0 1 0 0 ,11 3
97	2 1 1 0 0 1 ,5 1,7 2,16 5
98	14 0 0 0 1 0 ,19 4
99	11 0 1 0 0 0 ,11 2
