0	15 1 0 0 0 0 ,13 1
1	10 1 1 1 1 0 ,4 1,6 2,13 3,21 4
2	5 0 1 1 1 0 ,3 2,17 4,18 3
3	4 1 0 0 1 0 ,6 1,8 4
7	8 0 0 0 1 0 ,0 4
8	7 0 1 0 0 0 ,9 2
9	2 1 1 0 0 0 ,3 1,15 2
11	15 0 0 1 0 0 ,5 3
12	19 0 0 0 1 0 ,22 4
15	15 1 0 1 0 0 ,11 1,19 3
23	4 1 0 0 0 1 ,10 1,21 5
24	7 0 2 0 0 0 ,9 2,22 2
25	18 1 0 0 0 0 ,17 1
26	5 1 0 1 0 0 ,11 3,16 1
27	18 0 0 0 0 1 ,17 5
29	15 0 1 0 0 0 ,19 2
30	13 0 0 0 0 1 ,25 5
33	19 0 0 1 0 0 ,21 3
34	8 0 1 0 0 0 ,0 2
35	8 1 0 1 1 0 ,14 3,19 4,25 1
36	19 0 0 0 0 1 ,22 5
37	15 1 0 0 0 0 ,5 1
38	10 0 1 0 0 0 ,6 2
41	3 0 0 1 0 1 ,4 5,7 3
42	14 0 1 0 0 0 ,4 2
43	2 0 1 0 0 0 ,26 2
44	8 0 0 0 0 3 ,1 5,13 5,14 5
45	15 0 1 0 0 0 ,5 2
46	15 0 0 1 1 0 ,11 3,13 4
47	19 1 0 0 0 0 ,1 1
48	2 0 1 0 0 0 ,20 2
49	8 1 2 0 0 0 ,0 2,1 2,6 1
50	1 1 0 0 0 0 ,24 1
51	7 1 1 0 1 0 ,1 2,2 4,13 1
53	19 0 1 0 0 0 ,21 2
54	15 0 1 0 0 0 ,11 2
57	7 0 1 0 0 0 ,9 2
58	19 0 0 0 1 0 ,1 4
59	13 0 0 0 0 1 ,25 5
60	14 1 0 0 0 0 ,4 1
61	8 0 1 0 0 0 ,23 2
62	13 0 1 0 0 0 ,25 2
63	15 0 0 0 0 1 ,11 5
64	2 1 1 0 0 0 ,9 1,12 2
66	15 0 0 0 0 1 ,5 5
67	4 0 1 1 0 0 ,10 3,22 2
69	19 0 1 0 0 0 ,22 2
70	18 0 0 0 1 0 ,17 4
72	7 1 0 0 0 0 ,2 1
76	5 1 1 0 0 0 ,6 2,16 1
77	8 0 0 0 1 1 ,4 5,23 4
80	19 0 0 0 0 1 ,21 5
87	5 0 0 1 1 0 ,5 4,16 3
89	5 0 1 0 0 0 ,18 2
90	15 1 0 0 0 0 ,13 1
91	8 0 1 0 0 0 ,23 2
95	15 1 0 0 0 2 ,1 5,11 1,19 5
96	10 0 1 0 1 0 ,6 2,22 4
97	15 1 0 0 1 0 ,17 4,19 1
98	7 0 1 0 0 0 ,2 2
99	8 0 0 0 0 1 ,3 5
