1	18 0 0 0 0 1 ,38 5
2	8 1 0 0 0 0 ,5 1
3	9 0 0 0 1 0 ,28 4
5	23 0 0 0 0 1 ,11 5
7	11 0 0 1 0 0 ,34 3
8	16 0 0 0 0 1 ,23 5
9	8 0 0 1 0 0 ,9 3
10	14 1 0 0 0 1 ,19 1,22 5
11	13 1 0 0 0 1 ,24 5,26 1
12	6 0 0 1 0 0 ,33 3
14	13 0 0 0 1 0 ,10 4
16	15 1 0 0 0 0 ,12 1
18	4 1 0 0 1 0 ,8 4,28 1
19	9 1 0 1 0 0 ,23 1,27 3
20	8 1 0 2 0 0 ,5 1,15 3,20 3
21	13 0 1 0 0 1 ,11 5,32 2
22	13 1 0 0 0 1 ,1 5,32 1
23	17 0 0 0 2 1 ,1 5,21 4,25 4
24	5 1 0 0 0 0 ,37 1
25	13 0 1 0 0 0 ,32 2
26	6 1 0 1 1 0 ,10 3,11 4,36 1
27	13 0 1 0 2 0 ,2 2,7 4,16 4
28	14 0 0 1 0 1 ,19 5,38 3
29	3 0 1 1 0 0 ,13 3,18 2
30	10 1 0 1 1 0 ,11 3,17 1,31 4
31	20 1 0 0 1 0 ,16 1,29 4
34	3 1 0 2 0 0 ,1 3,4 3,26 1
35	13 0 1 0 2 0 ,7 4,12 4,38 2
36	13 0 0 1 0 1 ,7 3,12 5
37	10 2 0 1 0 0 ,21 3,31 1,34 1
38	6 0 1 0 1 0 ,34 4,36 2
39	5 0 0 1 1 0 ,24 3,37 4
41	15 0 0 0 0 1 ,12 5
42	17 0 0 0 2 0 ,2 4,29 4
44	17 0 0 0 1 0 ,6 4
45	9 0 0 0 1 0 ,28 4
46	12 0 0 1 0 0 ,3 3
47	20 1 0 0 0 0 ,29 1
52	16 0 0 1 1 0 ,17 4,23 3
53	6 0 1 1 1 0 ,7 2,31 4,33 3
54	18 1 0 0 0 1 ,21 1,26 5
55	8 1 1 0 0 0 ,11 2,15 1
56	3 0 1 1 1 0 ,0 3,22 2,23 4
57	2 0 1 0 0 1 ,17 5,30 2
58	12 0 1 0 0 1 ,3 2,6 5
59	13 0 0 0 0 1 ,24 5
60	8 0 0 0 1 0 ,15 4
61	17 0 1 0 0 0 ,2 2
62	18 0 0 1 0 2 ,16 5,29 3,38 5
63	13 0 0 1 0 0 ,32 3
64	8 1 0 1 0 0 ,5 1,26 3
66	8 1 0 1 2 2 ,2 1,5 5,10 5,11 4,16 4,23 3
67	14 0 0 0 2 0 ,22 4,29 4
68	10 1 0 0 0 0 ,31 1
69	9 0 0 0 0 1 ,27 5
70	20 0 2 0 0 0 ,1 2,16 2
71	17 1 0 0 0 0 ,6 1
74	6 0 0 2 2 1 ,21 5,26 4,29 4,34 3,36 3
76	5 1 0 1 0 2 ,3 5,9 1,14 5,17 3
78	17 0 0 1 0 0 ,25 3
79	20 0 0 0 0 1 ,1 5
80	8 0 0 0 1 1 ,9 4,21 5
81	17 0 0 0 0 1 ,2 5
84	9 2 0 0 1 0 ,6 1,26 4,27 1
87	14 0 2 1 0 1 ,17 2,21 2,22 3,25 5
89	14 0 0 2 0 1 ,17 3,19 5,38 3
91	8 2 0 1 0 2 ,6 1,10 1,20 5,25 3,32 5
92	17 0 0 0 0 1 ,6 5
94	17 0 1 0 0 0 ,25 2
95	3 0 0 2 1 0 ,18 4,19 3,35 3
98	12 0 1 1 0 1 ,2 3,3 2,16 5
