1	5 0 0 0 2 3 ,14 4,19 5,22 4,35 5,37 5
2	6 0 3 0 0 0 ,8 2,20 2,27 2
3	16 0 0 0 1 0 ,30 4
4	14 0 0 0 2 1 ,11 5,14 4,22 4
5	10 1 0 1 0 0 ,0 1,30 3
6	11 0 0 1 0 0 ,9 3
7	17 0 0 0 0 2 ,26 5,32 5
8	12 1 1 0 1 0 ,4 1,11 2,25 4
10	15 0 0 1 0 0 ,1 3
11	11 0 0 1 0 0 ,9 3
12	14 0 0 0 1 1 ,5 4,34 5
13	11 0 2 1 1 0 ,15 3,18 2,30 4,31 2
14	21 0 0 0 2 0 ,27 4,28 4
15	12 1 1 0 0 0 ,11 2,25 1
16	14 0 0 1 1 0 ,5 3,34 4
17	11 0 0 1 1 1 ,15 5,18 3,31 4
18	11 0 1 0 0 0 ,9 2
19	14 0 0 0 0 1 ,6 5
20	6 0 0 0 1 0 ,8 4
21	17 0 0 1 0 0 ,32 3
22	5 0 0 0 0 1 ,29 5
23	21 0 0 0 0 1 ,27 5
24	13 0 0 0 1 1 ,32 4,36 5
25	14 0 0 0 1 1 ,1 4,16 5
26	17 0 0 0 1 0 ,14 4
27	14 1 0 2 0 0 ,11 1,16 3,34 3
28	10 0 0 0 0 1 ,0 5
29	10 0 0 0 1 1 ,3 5,17 4
30	21 0 0 0 0 1 ,28 5
33	13 1 0 0 0 0 ,36 1
34	10 0 1 1 0 0 ,3 3,28 2
35	13 1 1 0 0 1 ,1 5,24 1,36 2
37	12 0 1 0 0 1 ,6 5,25 2
38	10 0 0 0 3 0 ,17 4,21 4,34 4
40	13 1 0 0 0 0 ,17 1
41	3 0 0 1 0 0 ,2 3
43	10 0 0 0 0 1 ,21 5
44	7 0 0 1 0 0 ,7 3
45	17 1 0 1 0 0 ,14 1,34 3
46	14 0 0 1 0 0 ,22 3
47	14 1 0 1 0 0 ,16 1,24 3
49	23 0 0 0 0 1 ,26 5
50	1 2 0 0 0 0 ,12 1,22 1
51	14 0 1 0 0 0 ,24 2
52	7 1 0 0 0 0 ,7 1
54	3 0 0 1 0 0 ,13 3
55	10 0 2 0 0 0 ,0 2,36 2
56	4 0 0 0 1 1 ,10 4,15 5
59	9 1 0 0 1 0 ,30 1,35 4
60	14 0 0 0 0 1 ,4 5
61	7 0 1 1 0 1 ,7 3,9 2,31 5
62	12 0 1 0 1 0 ,20 2,27 4
63	14 1 0 0 0 0 ,5 1
64	12 0 1 1 0 1 ,15 3,25 5,31 2
65	15 0 1 0 0 0 ,1 2
66	15 0 0 0 1 0 ,11 4
67	15 1 0 0 0 0 ,1 1
68	11 1 0 0 1 0 ,9 1,16 4
69	4 1 0 0 0 0 ,33 1
70	12 0 0 1 0 1 ,20 5,26 3
71	9 0 2 0 1 0 ,15 2,19 4,27 2
72	19 1 0 0 0 0 ,15 1
73	15 1 0 0 0 1 ,11 1,26 5
74	14 0 0 0 1 1 ,6 4,28 5
75	14 0 0 0 1 0 ,5 4
77	11 0 0 1 1 1 ,14 3,18 4,28 5
78	14 0 0 1 0 0 ,24 3
79	10 0 1 0 0 0 ,3 2
80	10 1 1 0 0 0 ,0 2,14 1
82	14 1 0 0 0 1 ,4 1,34 5
83	14 0 2 0 0 1 ,4 2,5 2,24 5
85	14 0 1 0 0 0 ,22 2
86	11 0 1 0 0 0 ,18 2
87	14 1 0 0 1 0 ,16 1,30 4
88	21 0 0 0 1 1 ,26 5,27 4
92	10 1 0 0 0 0 ,21 1
93	3 0 0 1 0 0 ,23 3
94	13 1 0 0 1 0 ,17 4,36 1
95	12 0 1 1 0 1 ,20 3,31 2,32 5
96	4 0 0 1 0 0 ,33 3
98	13 0 1 1 0 1 ,4 5,31 3,36 2
