0	1 1 0 0 0 0 ,21 1
2	3 0 0 1 0 0 ,4 3
3	12 1 0 0 0 1 ,12 1,17 5
4	4 0 0 1 0 1 ,5 5,6 3
5	4 0 0 0 1 0 ,19 4
6	14 1 0 0 0 0 ,1 1
7	4 1 0 0 1 0 ,6 1,13 4
8	12 1 0 0 0 0 ,17 1
9	12 1 0 0 0 2 ,8 5,10 1,20 5
11	12 1 0 0 0 0 ,8 1
12	17 0 0 1 0 1 ,22 3,23 5
13	15 0 0 0 0 1 ,7 5
14	17 0 0 0 0 1 ,12 5
18	11 0 0 1 0 0 ,0 3
19	8 1 1 0 0 0 ,2 2,14 1
20	17 0 1 0 0 0 ,22 2
21	17 0 0 0 1 1 ,18 5,22 4
24	9 0 1 0 0 0 ,15 2
25	17 0 1 0 0 0 ,12 2
29	18 0 0 0 0 1 ,10 5
30	8 0 1 0 0 0 ,2 2
31	12 1 0 1 0 1 ,13 5,17 1,24 3
32	8 1 0 0 0 0 ,2 1
34	17 0 0 1 0 1 ,18 3,22 5
35	4 0 0 0 1 0 ,16 4
36	17 0 0 0 1 0 ,5 4
37	8 2 0 0 0 0 ,2 1,14 1
38	14 1 0 0 0 0 ,1 1
39	14 0 0 1 0 0 ,1 3
40	11 0 0 1 0 0 ,9 3
41	14 0 0 0 1 0 ,1 4
42	11 0 1 0 0 1 ,5 5,9 2
43	15 0 0 1 0 0 ,7 3
46	22 1 0 0 0 0 ,18 1
48	14 0 1 0 0 0 ,1 2
49	17 0 0 0 2 1 ,10 4,12 5,23 4
50	22 0 0 0 1 0 ,18 4
52	9 1 0 0 0 0 ,15 1
54	18 0 0 0 0 1 ,23 5
55	8 1 0 1 1 0 ,2 1,7 3,9 4
56	12 0 1 0 0 0 ,8 2
57	4 1 0 0 0 0 ,3 1
58	18 0 0 1 0 0 ,23 3
61	9 0 0 0 0 1 ,14 5
63	5 1 0 0 0 0 ,11 1
64	16 0 0 1 0 0 ,24 3
65	17 0 0 1 0 0 ,22 3
69	5 0 0 0 2 0 ,10 4,11 4
74	8 2 0 0 0 0 ,2 1,15 1
75	9 1 0 0 0 0 ,14 1
77	4 1 1 0 0 1 ,3 1,18 5,20 2
79	9 0 0 0 1 0 ,15 4
80	11 1 1 0 0 2 ,7 1,9 2,20 5,24 5
81	12 0 0 0 0 1 ,17 5
82	9 1 0 0 0 0 ,15 1
89	17 1 0 0 1 0 ,10 1,12 4
90	14 0 0 1 0 1 ,1 3,24 5
92	12 1 0 0 1 0 ,8 4,23 1
93	4 0 2 2 0 0 ,3 2,5 3,7 3,20 2
94	18 0 0 1 0 0 ,10 3
96	11 0 0 0 1 0 ,0 4
97	14 0 0 0 0 1 ,13 5
98	9 1 0 0 2 0 ,0 4,14 1,18 4
