1	20 0 0 0 0 1 ,5 5
4	9 0 2 1 0 0 ,9 2,10 2,31 3
5	15 0 0 1 0 0 ,3 3
6	12 1 0 0 2 0 ,5 4,27 1,30 4
7	16 1 0 1 0 0 ,0 3,11 1
8	9 1 1 0 0 0 ,10 1,30 2
10	18 0 1 0 0 0 ,8 2
14	5 0 1 0 0 1 ,9 2,15 5
15	12 1 0 1 1 0 ,1 3,18 4,27 1
17	10 2 0 1 0 1 ,9 3,18 5,23 1,27 1
18	14 0 1 0 0 0 ,30 2
19	16 0 0 0 0 1 ,32 5
20	12 0 0 0 1 0 ,1 4
23	7 1 1 1 0 0 ,19 3,26 2,28 1
24	9 1 0 0 0 1 ,4 5,10 1
25	5 2 0 0 0 0 ,4 1,29 1
27	10 0 1 0 2 0 ,6 4,27 4,28 2
28	21 0 0 0 0 1 ,11 5
30	16 0 0 1 0 0 ,13 3
31	14 0 0 0 1 2 ,8 5,18 4,30 5
32	1 1 0 0 0 0 ,7 1
33	16 0 0 0 0 1 ,0 5
34	9 0 1 0 1 1 ,13 4,16 2,22 5
35	10 0 0 1 0 0 ,9 3
36	11 1 0 0 0 0 ,31 1
37	15 0 0 0 1 2 ,3 5,11 4,18 5
38	18 0 1 0 2 0 ,5 4,6 4,12 2
40	21 0 0 0 0 1 ,11 5
42	5 0 1 0 0 0 ,24 2
45	2 0 1 0 0 0 ,21 2
46	16 0 1 3 0 0 ,0 3,5 3,6 3,8 2
47	3 0 1 0 0 0 ,2 2
48	9 0 0 0 1 1 ,10 5,13 4
49	16 1 0 0 0 0 ,32 1
50	5 1 0 0 0 0 ,24 1
51	10 1 1 0 0 1 ,5 1,12 5,28 2
52	4 0 0 0 1 0 ,14 4
53	20 0 0 1 0 0 ,5 3
54	14 1 1 0 0 0 ,12 2,30 1
55	16 0 1 0 0 0 ,13 2
56	15 0 0 1 0 1 ,0 5,3 3
59	9 0 0 2 0 1 ,12 3,23 5,25 3
60	16 0 0 0 1 1 ,23 4,32 5
61	5 0 2 1 0 0 ,16 2,25 2,29 3
62	16 0 1 0 0 0 ,4 2
63	9 1 2 0 0 0 ,6 2,16 1,28 2
64	12 0 0 0 1 0 ,1 4
65	9 0 1 0 0 0 ,25 2
66	7 0 0 0 0 1 ,26 5
68	9 1 0 0 0 0 ,25 1
69	18 0 1 0 1 0 ,6 2,8 4
70	3 1 0 0 1 0 ,2 1,20 4
71	12 0 0 0 1 0 ,19 4
72	12 0 0 0 0 1 ,17 5
74	21 0 0 1 0 0 ,11 3
75	21 0 0 1 0 0 ,11 3
77	18 0 1 0 1 0 ,8 2,12 4
79	12 0 0 0 0 2 ,18 5,19 5
80	16 0 0 0 1 0 ,4 4
81	12 1 0 0 2 0 ,1 1,3 4,4 4
82	5 0 1 0 0 0 ,24 2
83	16 1 0 0 0 0 ,13 1
86	11 0 0 2 0 2 ,6 3,17 5,23 5,31 3
88	9 0 1 0 1 0 ,17 2,22 4
90	9 1 0 0 0 0 ,25 1
91	19 0 0 1 0 0 ,23 3
92	5 1 0 0 0 1 ,29 1,32 5
93	9 0 0 0 2 0 ,16 4,31 4
94	19 0 0 1 0 0 ,12 3
95	10 0 1 1 0 1 ,13 2,27 5,28 3
99	18 1 0 1 0 0 ,8 3,23 1
