0	1 1 1 0 0 0 ,18 1,22 2
1	5 0 0 0 1 1 ,13 5,20 4
2	2 1 1 0 0 0 ,5 2,24 1
5	8 2 1 0 0 0 ,8 1,10 2,22 1
6	18 0 0 0 0 1 ,19 5
7	13 0 0 0 1 0 ,4 4
9	18 0 0 1 0 0 ,3 3
10	21 0 0 1 0 0 ,2 3
11	1 1 1 0 1 1 ,2 4,5 5,26 2,31 1
12	19 0 0 0 0 1 ,23 5
13	13 1 0 0 0 0 ,15 1
14	4 0 0 0 2 0 ,2 4,25 4
15	13 0 0 1 0 0 ,15 3
16	19 1 0 1 0 0 ,14 3,23 1
17	5 1 1 0 1 0 ,16 4,17 1,20 2
18	19 0 0 0 1 0 ,14 4
19	13 0 1 1 0 0 ,10 3,15 2
20	6 0 1 1 2 0 ,6 2,7 4,29 4,30 3
22	18 1 0 0 0 0 ,3 1
23	8 0 1 0 0 0 ,8 2
24	12 1 0 0 0 0 ,6 1
25	12 0 1 0 0 0 ,0 2
27	5 0 0 0 0 2 ,3 5,21 5
29	10 0 0 1 0 0 ,9 3
31	19 0 0 0 1 0 ,23 4
33	10 0 0 1 0 0 ,9 3
34	12 0 1 0 1 0 ,5 2,6 4
35	13 0 0 0 1 0 ,28 4
36	18 0 0 0 0 1 ,3 5
39	19 0 0 0 0 1 ,14 5
40	11 1 1 0 0 0 ,30 2,32 1
42	12 0 1 0 0 0 ,6 2
47	14 0 0 1 0 0 ,7 3
48	6 0 3 0 0 0 ,1 2,11 2,15 2
49	12 2 0 0 0 0 ,0 1,30 1
50	6 1 0 0 0 0 ,1 1
51	7 0 1 0 0 1 ,12 5,15 2
52	7 2 0 1 0 0 ,4 1,19 1,27 3
53	18 0 0 1 0 0 ,3 3
54	13 0 0 0 0 1 ,28 5
55	13 1 0 0 1 0 ,3 1,11 4
56	11 1 0 0 0 0 ,32 1
57	11 0 0 1 1 0 ,4 4,32 3
59	10 0 1 0 0 0 ,22 2
61	2 1 1 0 1 0 ,11 4,14 2,24 1
62	7 0 1 0 0 0 ,12 2
64	10 1 0 0 0 0 ,16 1
65	8 0 0 0 2 0 ,0 4,8 4
66	10 1 0 1 1 0 ,9 1,19 3,23 4
67	18 0 0 0 0 1 ,19 5
68	6 0 0 1 0 0 ,1 3
70	13 1 1 0 0 0 ,11 1,30 2
72	12 0 1 1 0 0 ,6 3,10 2
73	21 0 0 0 0 1 ,2 5
74	10 2 0 0 0 0 ,5 1,16 1
77	13 0 1 0 0 0 ,11 2
80	13 0 0 0 1 1 ,4 4,30 5
81	7 1 0 0 0 0 ,20 1
82	12 0 0 0 0 1 ,0 5
84	6 0 2 1 0 0 ,7 3,10 2,29 2
85	3 2 0 1 0 0 ,8 1,10 3,26 1
86	11 1 0 1 0 0 ,15 3,32 1
87	10 0 1 0 3 0 ,10 2,16 4,19 4,23 4
88	10 0 0 0 0 1 ,22 5
89	5 1 0 0 1 0 ,17 4,32 1
90	11 0 0 1 1 0 ,7 3,32 4
93	19 0 0 0 0 1 ,14 5
95	19 1 0 0 0 1 ,2 5,23 1
96	10 0 0 1 0 0 ,9 3
97	14 1 0 0 1 0 ,5 4,7 1
99	7 0 0 0 2 0 ,27 4,28 4
