0	0 11 7 12 6 6 ,0 23,1 3,2 11,4 16,5 8,6 4,7 6,8 5,9 12,10 6,11 12,12 17,13 7,14 14,15 4,18 8,20 7,21 1,23 7,24 10,25 1,27 18,28 11,29 10,31 8
1	0 9 4 3 8 3 ,0 16,1 10,2 11,4 14,5 9,6 4,7 20,8 8,9 12,12 9,14 8,15 18,17 5,19 15,20 23,22 11,24 5,29 1,30 12
2	0 8 8 4 9 10 ,1 17,2 11,3 11,4 7,5 14,6 8,7 10,8 7,9 16,10 7,11 18,12 20,14 14,17 8,18 9,19 6,20 16,21 20,22 18,23 7,25 13,29 11,31 25
3	0 9 6 4 8 9 ,2 12,3 3,4 12,6 20,7 14,8 7,10 9,11 10,12 8,13 9,16 1,17 8,18 4,19 13,21 6,23 9,24 19,25 17,26 8,28 12,29 7,30 7,31 13
4	0 6 2 8 6 9 ,1 17,4 16,5 11,7 14,8 7,9 12,10 16,11 12,12 19,13 12,14 19,17 5,18 4,19 7,22 19,23 11,27 15,30 11
5	0 6 3 2 7 4 ,2 10,3 3,4 11,6 7,8 9,14 6,15 19,16 5,17 5,19 15,22 6,24 18,25 17,26 16,30 9
6	0 8 9 8 5 6 ,0 18,1 1,4 13,5 13,8 5,9 12,10 4,11 11,13 14,14 19,16 25,17 8,18 5,19 16,20 3,21 20,22 20,23 4,25 14,28 11,29 10
7	0 4 9 8 5 8 ,0 16,2 20,3 13,4 10,5 9,6 8,8 20,9 12,10 3,11 18,12 18,13 9,14 12,15 9,19 15,20 23,22 11,23 5,24 11,26 4,27 10,29 10,30 25
8	0 4 6 6 2 7 ,0 9,1 10,2 12,3 11,5 14,6 15,7 14,8 11,9 7,11 12,13 20,15 15,16 2,19 13,20 6,22 10,25 12,26 16,31 10
9	0 9 5 4 3 10 ,2 12,3 10,4 20,5 16,6 12,8 11,9 17,11 16,12 3,13 9,14 14,15 3,16 25,18 5,19 7,20 22,21 5,24 18,25 13,27 14,30 25
10	0 3 7 3 7 5 ,1 16,2 21,3 11,9 18,11 5,12 17,13 11,15 15,17 14,19 15,21 16,23 14,24 7,26 6,29 17,30 6,31 3
11	0 2 5 2 10 6 ,0 9,2 3,3 15,4 8,5 15,6 8,8 9,9 20,10 15,13 19,14 16,18 9,19 6,24 17,26 14,28 19
12	0 14 5 1 6 5 ,0 10,1 5,2 2,5 13,6 5,8 9,9 11,11 16,12 16,13 16,14 17,15 15,17 6,19 19,20 13,21 9,23 12,26 18,27 18,29 18,30 14,31 8
13	0 5 7 8 8 8 ,0 18,1 17,2 11,4 9,6 5,7 12,8 8,9 7,11 15,12 18,13 13,14 6,15 2,18 14,21 11,22 5,24 4,25 12,26 21,29 4,30 8,31 13
14	0 5 6 6 4 6 ,0 15,2 4,4 9,7 17,8 19,9 6,10 18,12 16,16 19,17 5,20 7,21 5,22 8,23 9,24 17,25 2,28 11,30 12
15	0 9 2 7 9 5 ,0 18,2 6,3 9,4 8,5 8,6 14,7 11,8 13,10 9,12 16,13 13,15 14,17 3,18 13,19 13,20 6,22 10,23 8,24 25,25 12,30 12,31 12
16	0 8 5 4 10 6 ,4 20,5 14,7 11,8 18,9 16,10 15,11 15,12 7,13 7,14 17,17 11,18 9,19 7,20 3,21 8,22 19,23 14,24 25,27 18,28 19,29 15,30 9
17	0 2 5 6 4 2 ,1 23,2 12,8 13,11 6,12 16,16 25,17 8,18 5,19 17,21 9,23 2,24 11,26 4,29 10
18	0 6 10 2 4 5 ,0 16,1 11,2 16,4 1,5 10,6 2,11 4,13 23,15 8,16 15,19 10,20 25,23 5,24 16,25 6,26 6,28 10,29 14,30 12
19	0 5 6 6 8 7 ,0 5,1 16,2 15,3 17,4 16,5 12,6 16,9 12,11 15,14 5,15 18,16 19,17 8,18 8,19 6,21 15,22 9,24 15,25 16,26 4,28 13,29 15,30 16
20	0 5 4 7 3 3 ,0 10,2 15,4 17,5 10,6 15,9 10,10 9,13 17,14 6,16 18,17 21,18 13,19 3,21 10,22 10,26 14,28 18,29 11,30 12,31 8
21	0 7 6 3 3 5 ,2 13,3 2,4 20,7 10,10 12,12 16,13 17,14 17,16 1,17 5,18 4,21 9,22 9,23 16,24 5,25 17,27 16,29 15
22	0 7 6 11 4 11 ,0 10,1 10,2 4,3 9,4 3,6 8,10 6,11 12,12 11,14 11,17 5,18 12,19 13,20 23,21 15,23 14,24 15,25 12,27 9,29 19,31 1
23	0 8 7 6 3 8 ,0 16,2 12,4 11,6 15,7 11,9 10,10 6,11 5,14 8,15 9,17 13,19 6,24 9,26 11,27 14,29 12
24	0 12 4 10 7 4 ,0 15,2 12,3 11,4 7,7 6,8 13,9 21,10 9,11 5,12 4,13 3,14 12,15 8,16 19,18 17,19 7,20 4,21 12,22 7,24 13,25 19,26 1,28 17,29 15,31 11
25	0 5 8 4 8 5 ,2 4,4 11,5 8,7 14,8 13,9 10,10 9,12 17,13 14,14 20,15 15,16 4,17 4,22 18,23 11,26 16,27 15,28 10,29 2,30 11,31 8
26	0 5 4 2 7 6 ,1 19,3 9,4 8,6 1,7 7,11 22,12 18,14 6,15 9,17 15,18 9,19 19,21 19,22 9,25 12,27 14,28 10
27	0 1 10 8 7 9 ,1 17,2 10,3 2,4 14,5 10,6 21,7 10,8 5,9 2,10 9,11 21,12 19,13 20,14 14,17 7,18 18,19 4,20 11,21 12,22 18,24 10,26 19,27 18,30 5
28	0 6 3 5 3 6 ,1 5,2 13,5 12,7 21,9 7,11 12,12 23,13 13,14 8,15 19,16 19,18 15,20 16,21 21,22 19,24 15,25 9,27 15,30 17,31 9
29	0 4 5 7 10 5 ,0 14,1 5,2 13,3 20,4 13,5 23,6 9,9 9,11 12,12 16,14 6,16 5,18 9,19 13,20 25,21 16,22 18,24 8,27 14,28 19,30 9,31 20
30	0 3 8 9 5 12 ,1 19,3 19,4 17,5 15,6 15,10 15,11 10,12 8,13 11,14 9,15 8,18 7,19 18,20 25,21 15,22 7,23 4,25 4,26 6,28 4,29 11
31	0 6 6 5 6 6 ,0 14,2 2,3 13,4 14,5 14,8 20,9 10,10 4,11 14,12 8,14 19,17 15,19 13,20 25,21 19,23 16,24 7,25 14,27 11,29 15
32	0 10 3 4 7 7 ,1 5,2 17,4 22,5 12,6 22,9 15,10 6,12 7,13 12,14 14,16 15,17 5,19 15,21 8,22 20,24 13,25 17,27 4,29 7,30 16,31 5
33	0 5 7 6 6 3 ,1 12,2 10,4 8,5 14,6 16,8 11,10 18,11 21,12 4,17 10,18 13,19 5,20 13,21 4,22 8,24 7,25 17,29 11,31 11
34	0 6 8 2 5 11 ,0 23,2 12,4 21,6 8,8 18,9 12,10 7,11 13,12 6,14 12,15 19,16 9,17 18,18 10,19 7,21 9,23 7,24 16,25 20,26 19,30 16
35	0 10 3 8 6 8 ,3 9,4 17,5 12,6 8,8 11,9 21,11 16,12 11,16 19,17 21,18 9,19 17,20 7,21 4,22 5,24 7,25 17,26 11,27 10,28 13,29 7,30 9,31 13
36	0 4 7 3 9 5 ,1 23,3 19,5 7,6 3,7 21,9 9,11 12,14 19,15 9,17 17,18 9,19 16,20 13,21 19,22 3,24 5,25 13,26 11,27 6,28 18,29 14,30 13
37	0 4 7 8 10 8 ,1 17,2 10,4 11,6 12,8 15,9 12,10 14,11 5,12 18,13 20,14 16,15 20,16 20,17 11,19 6,21 14,22 7,23 7,24 9,25 14,29 11,30 4,31 8
38	0 7 7 5 7 4 ,2 8,4 11,5 12,6 20,8 19,9 1,10 9,11 21,13 7,14 7,17 21,21 24,23 7,25 14,26 1,27 11,28 5,29 14,30 13
39	0 5 6 10 7 4 ,1 16,2 6,3 12,4 16,6 5,7 14,8 11,9 10,11 17,12 2,13 13,14 12,15 20,17 8,19 6,21 9,24 11,25 11,30 11,31 3
40	0 5 5 6 9 2 ,1 3,2 14,5 12,7 5,8 4,9 17,10 11,12 18,13 11,15 15,16 15,18 11,19 15,20 25,23 7,25 14,26 4,27 6,29 7,30 18,31 9
41	0 8 6 10 8 8 ,0 4,2 13,3 12,4 14,5 20,6 9,8 9,10 12,12 9,14 7,15 8,16 2,17 6,19 16,20 25,21 11,22 7,24 11,25 18,27 16,29 14,30 12
42	0 5 3 8 4 5 ,1 6,2 17,3 9,5 10,9 10,10 15,11 15,12 17,13 13,17 18,18 5,19 7,21 16,25 4,29 2
43	0 4 5 8 4 10 ,1 19,2 12,3 17,6 10,8 3,9 9,11 18,12 9,13 15,17 13,19 15,21 17,23 5,24 18,27 6,30 11
44	0 8 4 8 8 9 ,0 10,2 12,3 3,5 9,7 14,9 15,10 13,11 6,13 12,15 8,16 17,17 6,18 17,20 10,21 2,22 5,24 7,25 4,26 7,29 5,31 13
45	0 9 5 6 4 5 ,0 10,1 11,3 4,4 8,5 12,6 8,7 10,9 10,11 14,12 11,18 18,19 16,20 13,21 2,23 2,25 5,26 4
46	0 9 2 6 4 4 ,1 17,3 6,4 1,5 23,16 18,17 6,18 5,20 22,21 18,22 13,24 13,25 17,26 19,29 10
47	0 4 8 5 7 10 ,1 16,2 17,4 12,5 16,6 10,8 8,12 18,13 9,14 14,15 19,16 14,17 18,18 13,20 12,21 20,23 8,24 15,25 16,27 18,28 3,29 15,30 4,31 10
48	0 6 9 4 4 4 ,0 6,2 10,4 7,6 15,7 7,9 2,10 11,11 12,12 9,14 19,15 5,16 19,17 10,18 17,19 15,21 7,22 5,24 10,28 5,29 17
49	0 6 7 8 6 4 ,0 18,1 12,2 18,3 4,5 12,6 5,7 10,9 16,11 12,13 11,15 19,16 20,17 11,18 10,19 5,21 20,22 9,25 17,26 14,27 9,28 9,30 1
50	0 6 4 6 6 2 ,0 19,2 7,4 15,5 14,9 10,11 13,12 17,13 7,18 1,19 9,21 6,23 11,25 17,26 17,28 1,29 14,30 14
51	0 4 12 5 9 4 ,1 16,2 4,3 2,4 8,5 12,8 19,11 2,12 17,13 8,14 6,18 15,19 16,20 2,22 18,23 18,25 3,26 18,28 18,30 14
52	0 4 6 9 11 5 ,0 4,2 8,3 19,5 4,6 7,7 1,9 18,11 17,12 10,13 16,14 7,18 6,19 15,20 7,21 15,22 18,23 6,25 10,26 17,28 8,30 14,31 5
53	0 4 9 7 13 4 ,0 18,1 5,3 18,4 13,5 12,7 12,8 18,11 8,12 18,13 11,14 20,15 8,16 15,18 15,19 15,21 14,23 8,24 18,26 17,27 16,28 10,29 1,31 5
54	0 5 8 8 7 5 ,0 6,1 10,5 14,7 14,8 18,9 21,10 8,11 6,13 12,16 14,17 15,19 5,20 16,21 4,22 7,24 11,25 15,27 14,30 21,31 13
55	0 8 0 11 6 6 ,0 9,1 17,2 8,3 16,4 8,6 16,8 4,10 16,11 22,12 19,13 13,16 19,17 8,18 21,19 16,21 21,25 9,26 17,27 3,28 19,29 12,30 25,31 9
56	0 5 7 8 5 3 ,1 17,3 16,5 10,6 7,9 10,11 18,12 19,14 14,15 8,17 11,18 18,19 7,24 15,25 13,26 11,28 9,29 10,30 3
57	0 1 8 9 6 3 ,1 12,5 9,7 16,9 12,11 10,12 3,14 5,15 5,17 18,18 8,19 6,20 25,21 9,23 14,24 15,27 11,28 10,30 12
58	0 6 5 6 7 1 ,0 19,1 17,2 15,3 15,5 10,6 10,9 9,11 9,12 18,14 16,15 13,17 10,18 9,19 9,21 14,24 17,27 9,29 7,30 11,31 20
59	0 9 6 6 5 8 ,0 14,1 5,2 16,3 3,6 5,7 17,8 5,9 13,10 12,12 19,13 13,15 19,17 21,19 7,21 6,24 7,25 10,28 12,30 7,31 1
60	0 2 4 4 8 1 ,0 19,2 8,3 14,4 8,6 7,10 6,11 15,12 21,13 13,14 12,16 15,19 15,21 12,24 10
61	0 9 7 6 2 5 ,0 3,1 23,2 15,3 4,4 8,5 16,7 12,8 18,9 20,10 9,11 12,12 9,14 11,15 9,16 17,17 8,18 11,19 16,21 21,27 11,29 21,30 9
62	0 5 7 6 5 4 ,3 17,4 9,5 9,6 16,7 5,8 11,9 9,10 12,12 1,13 11,14 16,16 20,17 11,18 18,20 22,21 6,24 9,25 17,28 13,29 13,30 15
63	0 4 8 5 3 9 ,0 14,1 11,2 21,3 4,6 5,8 8,9 1,11 12,12 10,15 18,18 18,19 15,20 11,21 15,22 18,24 16,25 4,26 18,28 18,31 13
64	0 1 7 4 1 5 ,0 1,1 16,5 20,8 2,9 13,11 18,12 20,14 14,17 11,18 12,21 24,23 12,25 17,26 11,29 17,30 7
65	0 6 8 6 5 6 ,0 6,1 23,2 4,3 11,4 9,5 12,7 1,10 13,11 1,12 11,14 17,16 15,17 11,19 7,20 12,21 20,22 8,23 12,24 15,25 20,26 6,29 7
66	0 9 3 3 6 3 ,2 15,3 11,6 15,8 16,10 14,11 17,14 3,16 7,17 11,18 18,19 13,20 5,21 14,23 5,24 17,25 9,26 16,28 4,29 21,31 3
67	0 5 3 5 11 8 ,0 9,1 6,2 11,5 13,7 16,8 18,9 15,10 9,11 4,12 11,14 17,15 15,17 15,19 17,20 6,21 15,22 8,23 18,25 18,26 8,29 13,31 13
68	0 8 11 3 9 5 ,2 11,3 4,4 6,5 9,6 2,7 16,8 7,9 13,12 9,13 13,14 17,15 2,16 25,17 8,18 10,19 1,24 18,26 17,27 4,28 10,29 7
69	0 5 8 8 10 6 ,2 6,3 11,4 12,6 17,7 14,8 8,9 7,10 18,11 22,12 18,13 7,14 12,15 4,16 5,18 8,19 2,20 16,21 8,22 7,24 4,25 13,26 16,28 13,29 10,30 16
70	0 9 3 3 4 2 ,3 19,8 19,12 6,13 11,14 6,17 13,18 5,19 16,20 11,21 15,22 13,24 4,25 19,28 19,29 14
71	0 3 5 3 5 4 ,2 8,5 16,6 16,8 20,10 16,12 3,14 14,16 25,17 6,18 9,19 17,22 18,23 5,26 11,28 17,30 5
72	0 3 6 2 6 6 ,0 10,1 4,2 14,3 19,9 10,10 15,11 17,12 21,13 12,16 7,17 11,21 20,22 5,25 13,26 21,28 17,31 4
73	0 7 9 4 3 5 ,1 12,2 8,3 9,5 4,6 17,7 16,9 1,11 2,12 13,13 13,14 11,16 7,17 11,18 10,21 20,22 14,25 17,26 8,27 15,28 18,31 15
74	0 2 2 11 7 4 ,1 17,2 16,4 1,6 5,7 10,10 8,11 14,13 5,14 9,16 19,17 10,19 13,21 6,23 8,24 4,25 10,26 18
75	0 4 9 7 4 8 ,0 19,1 26,4 14,5 14,8 15,9 9,10 15,11 12,13 16,14 1,15 9,16 7,17 11,18 12,19 16,20 7,21 19,22 13,25 6,28 11,29 19,31 12
76	0 3 9 3 5 11 ,0 15,1 12,2 16,3 4,5 18,6 1,7 16,11 21,13 4,14 14,16 15,17 14,18 10,19 8,21 2,22 9,25 10,27 18,28 5,29 7
77	0 4 6 6 6 6 ,2 2,3 12,5 10,7 4,8 18,9 5,12 9,13 13,14 12,18 5,19 5,20 12,21 12,22 13,26 16,29 12,30 7,31 20
78	0 12 3 7 6 5 ,2 4,3 11,5 15,6 16,7 21,8 18,9 17,10 8,11 15,12 16,13 23,15 10,16 19,18 18,19 9,20 10,23 16,24 4,25 10,30 17
79	0 2 6 7 10 10 ,2 18,3 7,4 11,5 3,8 18,9 4,11 8,12 18,14 6,17 3,18 10,19 15,20 22,21 3,22 18,23 6,25 6,26 18,27 6,30 6,31 10
80	0 6 6 3 5 10 ,2 6,3 18,6 5,7 10,8 4,9 7,10 9,11 13,13 9,14 5,16 9,17 15,18 10,21 9,23 14,24 25,29 6,30 2
81	0 4 9 9 5 5 ,4 16,7 12,8 1,9 12,10 4,11 16,12 17,13 15,14 16,15 9,16 3,17 5,18 10,19 7,22 18,24 8,27 11,29 17,30 12
82	0 3 6 10 5 4 ,1 6,5 9,6 7,9 7,10 14,11 18,13 15,14 6,17 14,18 11,22 6,23 5,24 7,25 14,26 6,27 18,29 11
83	0 9 2 4 5 4 ,1 10,7 16,8 11,9 10,11 10,12 17,14 1,15 13,18 11,19 18,21 12,22 19,24 5,26 16,27 9,28 19,29 14
84	0 3 5 7 8 6 ,0 23,1 17,2 11,3 9,5 9,6 7,8 9,9 7,10 2,11 18,12 13,14 12,15 9,16 19,17 5,18 13,19 19,20 16,21 4,29 10,30 12
85	0 5 1 4 2 4 ,0 19,5 9,8 15,9 13,12 10,15 5,16 14,18 10,19 15,21 10,22 7,24 15,25 18,26 7,30 18,31 9
86	0 9 11 9 2 9 ,1 19,2 11,3 8,4 14,5 13,7 10,8 9,10 13,11 9,12 21,14 17,15 10,16 15,17 11,19 13,21 3,23 16,26 21,28 2,29 15,31 13
87	0 9 4 5 5 6 ,0 10,2 21,3 10,4 13,5 9,7 10,9 10,11 18,12 7,13 11,14 19,15 9,17 11,18 11,20 22,21 9,22 19,23 8,25 20,29 21,30 16,31 5
88	0 8 7 8 9 7 ,4 7,5 11,8 7,12 11,13 16,14 14,16 5,17 17,18 10,19 10,20 12,22 14,23 7,24 5,25 17,26 16,27 16,29 4,31 8
89	0 4 6 8 11 4 ,1 11,2 12,3 6,4 9,8 1,13 16,14 17,16 15,18 7,19 8,20 3,21 24,22 11,24 13,25 12,27 14,30 15,31 15
90	0 6 10 9 2 7 ,1 26,2 10,3 13,4 11,5 14,6 10,7 14,9 5,10 3,13 16,14 25,15 5,16 15,17 11,19 8,21 5,23 5,27 6,29 13,30 12,31 13
91	0 4 4 4 4 1 ,0 18,4 9,8 9,9 9,14 17,17 14,19 15,20 7,22 3,23 11,24 17,26 11,27 6,29 12,30 23,31 25
92	0 9 5 9 4 3 ,0 5,1 12,2 6,3 9,8 3,9 16,11 4,12 4,13 16,14 17,15 10,16 4,19 7,22 18,25 9,26 11,29 6,30 7
93	0 5 2 6 5 5 ,0 5,3 1,4 7,5 18,8 8,11 17,13 17,15 16,17 7,18 15,19 20,20 23,21 15,22 19,25 11,28 5,29 14,30 11
94	0 3 4 11 3 9 ,0 1,1 6,2 21,3 15,6 17,8 18,9 17,10 9,11 6,12 16,13 15,14 21,15 5,18 17,19 17,20 13,21 14,22 18,23 1,24 17,25 10,29 12,30 11,31 14
95	0 7 7 4 6 2 ,0 10,2 2,3 5,6 9,7 14,8 19,9 10,11 11,13 23,14 19,16 14,17 8,18 10,19 6,20 11,21 12,24 11,26 6,27 11,28 13,29 18
96	0 6 8 4 6 7 ,0 3,1 2,2 8,3 8,4 13,5 10,7 14,9 10,11 18,13 13,14 6,15 18,16 5,19 15,20 3,23 8,24 9,25 11,26 11,27 6,29 11,31 3
97	0 8 4 3 4 7 ,0 5,2 7,3 7,5 20,7 17,8 18,9 15,11 4,12 18,14 5,16 1,18 17,20 13,23 9,25 5,26 3,28 18
98	0 5 4 5 8 6 ,0 18,1 12,2 8,4 10,8 11,9 18,11 11,12 16,13 19,17 6,18 14,20 25,21 18,23 18,27 6,28 19,29 10,30 14
99	0 11 6 7 5 8 ,0 19,2 6,3 16,4 6,5 14,6 16,7 10,8 16,11 15,12 8,13 11,14 12,15 9,16 19,17 3,18 6,19 7,20 22,21 10,24 4,26 16,28 18,29 10
