0	7 0 2 0 0 0 ,3 2,4 2
1	10 0 0 0 1 0 ,31 4
2	14 0 0 0 1 0 ,26 4
3	10 1 0 1 0 1 ,14 5,15 1,22 3
4	4 0 0 1 0 0 ,13 3
5	16 0 1 0 0 0 ,8 2
6	4 1 0 2 1 1 ,1 3,5 4,9 3,13 1,19 5
7	21 0 1 0 0 0 ,0 2
9	7 0 0 1 0 0 ,38 3
10	21 0 0 0 0 1 ,0 5
11	10 0 1 0 0 0 ,21 2
12	8 0 1 1 0 0 ,14 2,20 3
15	12 1 0 0 0 0 ,35 1
16	14 0 0 2 0 0 ,5 3,22 3
17	8 1 0 1 0 0 ,14 3,30 1
18	8 0 0 1 0 0 ,30 3
19	11 1 0 0 1 0 ,17 4,25 1
20	8 0 0 1 0 0 ,2 3
21	7 1 0 0 0 0 ,4 1
22	13 0 0 0 1 0 ,16 4
23	13 0 0 1 2 1 ,9 5,15 4,16 4,36 3
24	8 0 1 0 2 0 ,0 4,6 4,9 2
25	10 0 0 0 1 1 ,8 5,21 4
26	14 1 0 0 0 0 ,26 1
27	7 1 1 0 1 2 ,2 5,4 4,7 5,21 2,23 1
28	7 2 0 1 0 1 ,19 1,22 3,34 5,37 1
31	5 0 0 0 0 1 ,10 5
32	20 0 0 1 0 0 ,1 3
34	10 0 2 0 0 0 ,31 2,32 2
36	7 1 0 1 1 0 ,17 3,31 4,34 1
41	5 0 0 0 1 1 ,27 5,33 4
42	7 0 1 0 1 0 ,30 2,37 4
43	12 0 0 0 0 2 ,12 5,26 5
44	15 1 0 0 1 0 ,7 4,8 1
46	14 0 0 1 0 0 ,18 3
47	3 0 0 2 0 0 ,19 3,28 3
48	5 0 0 1 1 0 ,15 4,29 3
50	8 1 1 1 1 1 ,0 4,8 3,19 5,21 1,30 2
51	17 0 1 0 0 0 ,5 2
52	14 0 0 1 0 0 ,26 3
54	14 0 1 0 0 1 ,1 2,22 5
55	13 1 0 0 0 0 ,9 1
58	12 1 0 1 0 1 ,12 5,15 3,19 1
60	5 1 0 0 0 1 ,11 5,37 1
62	7 1 1 0 1 3 ,3 5,15 5,17 1,18 2,32 4,35 5
63	8 0 1 0 0 0 ,6 2
64	10 1 0 0 0 0 ,21 1
65	5 1 0 0 1 0 ,5 4,29 1
66	20 0 0 0 1 0 ,1 4
70	12 0 0 0 0 1 ,35 5
72	11 0 0 1 0 0 ,17 3
74	19 0 0 0 0 1 ,36 5
75	8 0 0 0 0 1 ,20 5
77	8 0 1 0 0 1 ,6 2,16 5
79	7 0 1 0 0 0 ,38 2
80	17 0 0 0 1 0 ,5 4
81	5 2 1 1 2 0 ,1 3,7 4,25 4,29 1,34 1,38 2
82	19 0 0 0 0 1 ,36 5
83	5 0 0 1 0 0 ,24 3
84	13 0 1 0 0 0 ,9 2
85	16 0 0 0 0 1 ,8 5
86	15 0 1 0 0 0 ,7 2
87	5 2 0 0 1 0 ,23 4,26 1,33 1
88	8 0 0 2 0 0 ,23 3,25 3
89	14 0 0 0 1 0 ,18 4
90	5 0 1 1 0 1 ,19 3,24 2,36 5
91	12 2 0 0 0 2 ,1 5,18 5,35 1,36 1
92	21 0 0 1 0 0 ,0 3
94	7 1 0 0 0 0 ,37 1
95	16 0 0 1 0 0 ,25 3
96	11 0 0 0 0 1 ,32 5
97	12 0 1 0 0 1 ,12 2,25 5
98	21 0 0 1 0 0 ,0 3
