0	15 0 0 0 1 0 ,27 4
1	15 0 1 0 1 1 ,1 4,2 5,4 2
2	12 1 0 0 0 0 ,3 1
3	11 0 1 0 0 0 ,30 2
4	6 2 1 1 0 0 ,9 1,25 2,34 3,35 1
5	5 2 0 0 0 1 ,6 1,19 5,22 1
6	16 0 0 1 0 0 ,16 3
9	12 1 0 0 0 0 ,14 1
10	16 0 0 0 0 2 ,13 5,28 5
11	15 0 0 0 1 1 ,1 5,36 4
12	13 0 0 0 0 1 ,32 5
13	15 0 0 0 1 0 ,27 4
15	17 0 0 0 1 0 ,21 4
17	13 0 1 1 0 0 ,13 2,32 3
18	11 0 0 1 0 1 ,2 3,7 5
19	16 1 0 0 0 0 ,28 1
20	9 0 0 0 1 2 ,2 4,8 5,17 5
23	16 1 0 0 0 0 ,28 1
24	21 0 0 0 1 0 ,31 4
25	14 0 0 0 1 0 ,12 4
26	12 0 1 0 0 0 ,3 2
27	12 0 0 2 1 0 ,5 3,14 4,25 3
28	6 0 0 2 0 0 ,9 3,17 3
31	15 0 0 0 0 1 ,27 5
32	8 2 1 0 1 0 ,8 1,24 2,31 1,32 4
33	15 1 0 0 0 1 ,27 1,34 5
35	5 0 0 0 0 1 ,33 5
37	15 1 0 0 0 0 ,26 1
39	21 0 0 0 1 0 ,31 4
40	14 0 0 0 1 1 ,1 4,12 5
43	17 0 0 0 0 1 ,21 5
44	8 1 0 0 1 0 ,24 1,34 4
45	12 1 0 0 0 2 ,2 5,3 1,13 5
48	8 2 0 0 1 0 ,7 4,15 1,24 1
49	26 0 0 0 1 0 ,5 4
50	22 0 0 0 0 1 ,36 5
52	9 0 1 1 0 0 ,21 3,35 2
53	4 0 0 0 1 0 ,11 4
54	3 0 0 1 1 1 ,5 5,20 3,25 4
55	11 0 1 0 1 0 ,6 2,36 4
56	9 0 1 1 0 0 ,18 2,35 3
57	13 0 0 1 0 0 ,15 3
58	23 0 0 1 0 0 ,17 3
59	16 0 0 1 1 0 ,16 3,17 4
60	8 0 0 1 1 0 ,24 4,28 3
62	22 0 0 0 0 1 ,34 5
63	11 1 0 0 0 1 ,13 1,30 5
64	9 1 0 0 1 1 ,18 4,26 1,36 5
65	9 1 1 1 0 2 ,3 1,5 5,6 2,14 5,35 3
66	3 0 0 2 1 1 ,12 3,16 5,23 3,34 4
67	9 0 0 3 0 0 ,18 3,22 3,36 3
68	15 0 1 0 0 1 ,1 2,21 5
69	11 0 0 0 2 0 ,6 4,17 4
70	16 0 0 2 0 1 ,4 3,22 5,28 3
71	12 1 2 0 0 0 ,3 2,15 1,31 2
72	5 1 0 0 0 1 ,25 1,37 5
73	4 0 2 0 0 0 ,0 2,13 2
74	16 1 0 0 0 0 ,16 1
75	23 0 0 0 1 0 ,17 4
76	11 1 1 0 2 1 ,3 5,7 2,13 4,16 4,34 1
78	15 0 0 1 1 0 ,25 4,28 3
79	15 0 0 0 1 2 ,22 4,26 5,31 5
80	3 1 1 1 0 0 ,12 2,29 3,32 1
81	6 1 1 1 0 0 ,9 2,25 1,26 3
82	21 0 0 0 0 1 ,31 5
83	11 0 1 0 0 0 ,6 2
84	22 1 0 0 0 0 ,36 1
86	13 0 0 1 2 0 ,4 4,5 4,15 3
87	12 1 1 0 0 1 ,4 1,14 2,26 5
88	15 1 0 0 0 0 ,27 1
89	9 1 1 0 0 0 ,8 1,22 2
90	1 1 0 0 0 0 ,10 1
91	11 0 0 0 1 1 ,2 5,30 4
94	13 0 0 0 0 1 ,15 5
96	27 0 0 0 0 1 ,2 5
98	4 0 2 0 0 1 ,0 2,4 5,8 2
99	19 0 0 0 2 1 ,4 4,5 5,22 4
