0	12 0 1 0 0 0 ,4 2
3	9 1 0 0 0 1 ,11 5,18 1
4	7 1 0 0 0 0 ,10 1
5	12 2 0 0 0 0 ,12 1,13 1
7	8 0 0 1 0 1 ,3 3,20 5
14	7 1 0 0 0 0 ,19 1
17	12 0 0 0 1 0 ,4 4
19	17 0 1 0 0 0 ,18 2
20	5 0 1 0 0 0 ,9 2
23	7 0 0 1 1 0 ,18 4,19 3
24	8 0 1 1 1 0 ,1 3,3 2,6 4
25	5 0 1 1 0 0 ,2 2,9 3
27	7 1 1 1 0 1 ,2 3,10 1,12 2,13 5
28	17 0 0 0 0 1 ,1 5
29	12 0 1 0 0 0 ,8 2
30	17 0 0 1 0 0 ,1 3
34	15 0 0 0 0 1 ,2 5
35	12 0 0 0 0 1 ,8 5
36	15 0 0 0 1 0 ,12 4
37	11 1 0 0 0 0 ,7 1
40	3 0 1 1 0 0 ,12 2,17 3
41	7 1 0 0 0 1 ,7 5,10 1
42	15 0 0 0 0 1 ,2 5
43	5 0 0 1 0 1 ,5 3,14 5
44	12 0 1 0 0 0 ,4 2
45	4 0 0 0 1 2 ,13 5,16 4,18 5
46	9 0 0 1 0 0 ,5 3
48	17 0 0 0 1 0 ,18 4
53	13 0 0 0 1 0 ,0 4
54	17 0 1 0 0 0 ,1 2
55	17 0 0 0 1 0 ,1 4
56	12 1 0 0 0 0 ,13 1
58	8 1 0 0 0 0 ,20 1
59	11 0 0 0 0 1 ,7 5
60	8 0 1 1 0 0 ,8 3,20 2
64	7 0 1 0 0 0 ,10 2
66	6 1 0 0 0 0 ,21 1
67	13 0 0 0 0 1 ,0 5
68	6 0 0 0 1 1 ,12 4,21 5
71	9 0 0 1 0 0 ,5 3
73	8 1 0 0 0 0 ,3 1
74	13 0 0 0 1 0 ,0 4
76	8 0 1 0 0 0 ,3 2
79	7 0 0 1 0 0 ,19 3
80	14 0 0 1 0 0 ,6 3
82	12 0 0 0 1 0 ,4 4
83	7 0 2 1 0 0 ,6 3,10 2,12 2
84	12 0 1 0 0 0 ,8 2
85	14 0 0 0 1 0 ,6 4
88	9 0 0 0 1 0 ,11 4
91	17 1 0 0 0 0 ,18 1
92	2 0 1 0 0 0 ,15 2
