2	5 1 0 0 1 0 ,3 1,4 4
3	12 0 1 0 1 1 ,10 4,20 5,27 2
4	9 0 1 3 0 0 ,7 2,20 3,32 3,34 3
5	5 1 0 0 0 0 ,3 1
7	7 1 0 0 1 0 ,12 4,30 1
8	17 1 0 0 0 0 ,11 1
9	18 0 1 0 0 1 ,20 2,28 5
10	15 1 0 2 1 0 ,15 3,26 3,32 1,36 4
11	13 0 1 1 0 0 ,11 3,31 2
12	18 0 0 0 1 0 ,28 4
13	5 0 0 0 1 1 ,13 5,36 4
15	13 1 0 0 0 0 ,18 1
16	18 0 0 0 0 1 ,25 5
17	9 0 0 1 0 1 ,18 3,19 5
18	9 0 1 1 0 0 ,32 3,34 2
19	7 0 1 0 1 0 ,0 4,24 2
20	13 1 0 0 0 0 ,6 1
23	13 0 0 1 0 0 ,6 3
24	12 0 1 0 0 0 ,10 2
25	19 0 0 1 0 0 ,36 3
28	5 0 1 1 1 0 ,3 3,10 4,19 2
29	8 0 0 1 0 1 ,11 5,30 3
30	15 0 0 0 1 0 ,7 4
31	9 0 0 0 1 1 ,16 5,34 4
32	3 1 0 0 0 0 ,14 1
33	8 0 1 2 0 0 ,6 3,7 3,30 2
34	15 0 0 2 1 0 ,20 3,26 4,36 3
35	17 0 0 0 0 1 ,27 5
36	15 0 0 0 1 1 ,4 4,15 5
38	15 0 0 1 0 0 ,0 3
39	15 0 0 0 2 0 ,27 4,32 4
40	9 0 0 0 1 1 ,28 4,37 5
42	1 1 1 0 1 0 ,9 1,23 4,24 2
43	8 0 1 0 0 0 ,29 2
46	18 0 1 0 0 0 ,25 2
47	9 0 0 0 2 0 ,25 4,37 4
48	8 1 0 0 0 1 ,21 1,29 5
50	9 0 1 0 0 0 ,19 2
51	13 2 1 0 1 0 ,7 1,11 1,16 2,22 4
52	13 0 0 0 1 0 ,6 4
53	3 0 1 0 0 1 ,2 2,27 5
54	13 0 0 0 1 1 ,22 5,31 4
56	13 1 0 0 0 0 ,6 1
57	14 1 1 0 0 0 ,23 2,27 1
58	14 0 0 1 1 0 ,20 3,23 4
59	8 1 0 0 0 0 ,29 1
61	1 1 0 0 0 1 ,1 1,28 5
62	14 0 0 0 1 0 ,5 4
63	3 1 0 0 0 1 ,14 1,25 5
64	13 0 0 0 1 0 ,16 4
65	3 1 0 0 0 0 ,2 1
66	14 0 0 0 0 2 ,5 5,21 5
67	3 2 0 0 0 1 ,4 1,7 5,14 1
69	3 0 0 2 0 0 ,8 3,18 3
70	19 0 1 0 0 0 ,36 2
71	7 0 1 0 0 0 ,12 2
72	6 0 1 0 0 0 ,35 2
73	14 0 0 0 2 0 ,4 4,23 4
74	16 1 0 0 0 0 ,21 1
75	18 0 1 0 0 0 ,25 2
77	13 0 0 0 0 1 ,18 5
80	7 0 0 1 0 1 ,0 5,24 3
81	3 0 0 1 1 0 ,33 3,35 4
82	5 0 1 0 0 2 ,4 5,17 5,22 2
83	13 1 0 0 0 1 ,11 5,16 1
84	13 0 1 0 0 0 ,31 2
85	12 2 1 0 1 0 ,10 2,15 4,16 1,18 1
86	8 0 1 0 1 0 ,21 4,30 2
87	13 1 0 0 0 0 ,6 1
88	7 1 1 0 0 1 ,12 1,26 5,32 2
89	14 0 0 0 0 1 ,5 5
90	13 0 0 1 1 0 ,31 4,36 3
91	15 0 0 2 0 1 ,0 3,21 5,26 3
92	15 0 0 1 0 0 ,15 3
93	15 0 1 0 0 0 ,22 2
94	15 0 1 0 0 0 ,22 2
95	13 1 0 0 0 0 ,31 1
98	17 0 1 1 0 0 ,11 2,20 3
99	15 0 1 0 0 0 ,32 2
