3	15 0 0 0 1 0 ,11 4
6	11 0 0 1 1 1 ,1 5,8 4,13 3
7	12 1 0 1 0 0 ,2 3,18 1
8	11 0 0 0 0 1 ,15 5
12	18 0 0 0 0 1 ,8 5
16	15 0 0 0 0 1 ,17 5
17	10 1 0 0 0 0 ,5 1
18	2 0 1 0 0 0 ,14 2
20	11 0 1 0 0 0 ,15 2
21	13 1 0 0 0 0 ,12 1
25	12 0 1 1 0 0 ,2 2,17 3
27	13 0 0 0 0 2 ,1 5,18 5
29	17 0 0 0 0 1 ,7 5
30	12 1 0 0 1 0 ,2 4,17 1
32	18 0 1 0 0 1 ,8 2,16 5
34	18 1 0 0 0 0 ,8 1
36	10 0 1 0 1 0 ,5 4,9 2
39	11 0 0 0 1 0 ,13 4
42	11 0 1 1 0 0 ,6 3,15 2
43	18 1 0 0 0 0 ,16 1
44	15 0 1 0 1 0 ,11 2,16 4
45	15 0 0 0 0 2 ,10 5,17 5
47	11 0 1 0 0 0 ,15 2
48	17 0 1 1 0 0 ,7 2,10 3
49	1 1 0 1 0 0 ,4 1,16 3
50	11 0 0 0 1 0 ,13 4
54	15 0 1 0 0 1 ,6 2,11 5
58	18 0 0 0 0 1 ,8 5
59	19 0 0 0 0 1 ,10 5
60	13 2 0 0 0 0 ,7 1,12 1
63	18 0 0 0 0 1 ,16 5
64	13 0 0 1 0 0 ,12 3
66	3 0 0 1 0 0 ,0 3
70	15 1 0 0 1 0 ,7 4,17 1
72	13 0 0 0 0 1 ,18 5
73	12 0 0 1 0 1 ,2 3,7 5
74	15 0 0 1 0 0 ,11 3
75	18 0 1 0 0 0 ,6 2
79	10 2 0 0 0 0 ,5 1,10 1
81	21 0 0 0 0 1 ,9 5
83	18 0 0 0 1 0 ,6 4
84	21 0 0 0 0 1 ,9 5
85	20 0 0 0 0 1 ,1 5
88	18 1 0 0 0 0 ,8 1
90	2 0 1 0 0 0 ,3 2
91	21 1 0 0 0 0 ,9 1
92	15 1 0 0 0 0 ,11 1
93	13 0 0 0 1 0 ,12 4
94	20 0 0 1 0 1 ,1 5,9 3
95	13 0 2 0 0 2 ,6 2,9 5,10 5,18 2
96	13 0 0 0 1 1 ,6 5,12 4
97	10 0 0 0 1 0 ,5 4
