0	12 1 0 1 0 0 ,2 1,23 3
2	11 0 1 0 0 0 ,15 2
4	9 0 0 0 1 0 ,20 4
6	10 1 0 0 1 0 ,8 1,28 4
8	10 0 1 0 0 0 ,13 2
9	16 0 0 0 0 1 ,16 5
10	5 1 0 0 1 0 ,11 1,17 4
15	12 0 1 0 0 0 ,23 2
16	10 0 0 1 0 1 ,8 5,22 3
17	3 0 0 1 1 0 ,13 4,27 3
18	9 0 2 0 0 0 ,14 2,30 2
19	4 1 0 1 1 1 ,10 4,15 3,22 1,26 5
23	9 0 0 1 0 0 ,30 3
24	9 2 1 0 0 0 ,12 1,20 2,31 1
25	12 0 1 1 0 0 ,0 3,14 2
26	7 0 0 1 1 1 ,11 5,18 4,21 3
30	7 0 0 1 0 0 ,1 3
31	15 0 0 1 0 0 ,12 3
32	23 0 0 0 0 1 ,28 5
33	15 0 0 0 1 0 ,12 4
34	7 0 1 0 0 0 ,25 2
35	12 1 0 1 1 0 ,4 3,11 1,14 4
36	23 0 0 1 0 0 ,28 3
37	9 0 1 0 0 0 ,30 2
40	6 0 1 1 0 0 ,9 2,16 3
41	19 0 0 0 1 0 ,2 4
42	21 0 0 0 0 1 ,11 5
43	5 0 0 0 0 1 ,19 5
44	5 0 1 0 1 1 ,11 5,13 4,29 2
45	11 0 0 2 0 0 ,15 3,22 3
49	13 0 1 0 1 0 ,4 4,28 2
50	7 3 1 1 0 0 ,2 1,12 1,15 1,18 2,20 3
51	5 1 0 1 0 0 ,0 1,29 3
52	11 1 0 0 0 0 ,15 1
54	19 0 0 0 1 1 ,2 5,26 4
55	12 0 1 0 0 0 ,5 2
56	15 0 0 0 0 1 ,12 5
60	12 0 1 0 0 0 ,23 2
61	5 0 0 0 1 1 ,7 5,31 4
62	19 0 0 1 0 0 ,26 3
63	12 0 0 0 1 0 ,5 4
64	12 0 0 0 1 1 ,0 4,23 5
66	10 0 0 0 1 2 ,5 5,8 4,28 5
67	10 0 1 0 0 2 ,6 5,16 5,26 2
68	4 0 0 0 2 1 ,1 4,3 4,21 5
69	12 0 0 0 1 1 ,0 5,21 4
71	7 1 0 0 0 0 ,18 1
72	6 0 0 0 1 0 ,9 4
75	19 0 0 0 0 1 ,26 5
78	9 0 1 0 0 1 ,6 5,30 2
79	7 1 0 0 1 0 ,11 4,25 1
81	10 0 0 0 0 1 ,31 5
82	13 0 0 1 0 1 ,4 5,16 3
84	11 1 1 0 0 0 ,14 2,15 1
87	13 1 0 0 0 0 ,4 1
88	12 1 0 0 0 0 ,5 1
89	7 0 0 0 1 0 ,25 4
91	19 0 0 1 0 0 ,2 3
92	7 1 1 0 0 1 ,12 1,22 5,24 2
94	19 0 0 0 0 1 ,2 5
96	12 0 1 0 0 0 ,14 2
97	23 0 0 0 1 0 ,28 4
98	7 0 0 0 0 1 ,24 5
99	5 1 0 0 1 0 ,17 1,22 4
