1	16 0 0 2 0 0 ,0 3,17 3
2	4 0 1 0 0 0 ,4 2
3	21 0 1 0 0 0 ,0 2
4	6 1 0 0 1 0 ,3 4,11 1
5	11 0 1 1 0 0 ,17 3,30 2
6	4 0 1 1 0 1 ,4 2,10 3,25 5
8	14 1 0 0 0 0 ,14 1
10	6 0 0 0 1 1 ,0 5,9 4
12	15 1 0 0 1 0 ,22 1,27 4
14	15 0 0 0 0 1 ,22 5
15	5 0 0 0 0 1 ,23 5
16	28 0 0 0 0 1 ,18 5
17	7 0 1 1 0 1 ,27 3,28 2,32 5
19	28 0 0 0 0 1 ,18 5
20	16 1 0 1 0 0 ,21 1,28 3
23	7 0 2 0 0 0 ,28 2,32 2
25	8 0 1 0 1 0 ,10 4,15 2
26	10 1 0 0 0 0 ,1 1
28	13 0 1 0 0 0 ,25 2
29	28 0 0 0 1 0 ,18 4
30	4 1 0 0 0 1 ,8 1,29 5
31	1 1 0 1 0 0 ,1 3,5 1
36	1 1 1 0 0 0 ,12 2,13 1
37	14 0 0 2 0 0 ,0 3,14 3
38	6 0 1 0 0 0 ,26 2
39	14 1 0 0 0 0 ,14 1
40	16 1 0 0 0 0 ,21 1
41	15 0 0 0 1 1 ,19 5,22 4
42	4 0 0 1 1 0 ,11 3,20 4
43	11 0 1 0 1 1 ,0 4,21 5,30 2
44	10 1 1 0 0 0 ,22 1,31 2
45	13 0 0 0 1 2 ,12 5,19 5,24 4
46	7 1 0 0 0 1 ,16 5,27 1
47	10 0 0 0 0 1 ,31 5
48	8 0 0 0 1 0 ,15 4
49	10 1 0 1 2 0 ,7 1,14 4,25 3,28 4
50	15 2 0 1 1 0 ,17 1,19 1,22 4,27 3
52	16 0 1 0 0 0 ,21 2
53	10 1 0 0 0 0 ,1 1
55	10 0 0 0 1 0 ,7 4
58	28 0 0 0 1 0 ,18 4
62	9 1 0 0 1 1 ,3 1,17 4,18 5
63	13 0 1 0 0 0 ,24 2
64	10 0 0 1 0 2 ,1 5,7 5,19 3
65	7 1 0 0 0 1 ,2 5,30 1
66	1 1 1 0 0 0 ,6 1,16 2
67	14 0 1 1 0 2 ,12 3,14 5,18 5,27 2
68	11 0 1 0 0 1 ,10 2,12 5
69	6 0 1 0 0 0 ,11 2
71	6 0 1 0 0 0 ,26 2
72	17 0 0 0 0 1 ,28 5
75	21 0 0 0 1 0 ,0 4
76	11 1 0 0 2 0 ,10 1,19 4,27 4
77	10 1 0 1 0 0 ,10 1,31 3
78	13 0 0 0 1 1 ,21 5,24 4
79	6 1 0 0 0 0 ,26 1
81	4 0 0 2 0 0 ,8 3,24 3
82	7 0 1 0 0 0 ,2 2
83	17 1 0 0 0 0 ,28 1
85	9 0 0 0 1 0 ,3 4
86	13 0 0 1 0 0 ,25 3
87	16 0 0 0 1 0 ,17 4
88	6 1 0 0 2 0 ,19 4,26 1,30 4
91	20 0 0 0 0 1 ,12 5
92	11 0 1 0 0 0 ,30 2
95	8 0 1 0 0 0 ,15 2
97	6 1 1 0 0 0 ,9 2,17 1
98	16 0 1 0 0 0 ,21 2
99	7 0 1 0 0 0 ,29 2
