0	10 0 1 0 1 0 ,4 2,17 4
1	10 0 0 0 1 1 ,4 4,22 5
3	6 2 0 1 0 0 ,5 1,14 1,27 3
6	10 0 0 0 0 1 ,17 5
7	20 0 0 1 0 0 ,6 3
12	9 0 1 1 0 0 ,5 2,20 3
13	12 0 0 0 0 1 ,2 5
16	11 1 0 0 0 0 ,11 1
18	10 1 1 0 0 0 ,15 1,24 2
19	10 1 0 0 0 0 ,4 1
20	20 0 0 1 0 0 ,6 3
22	9 0 1 0 1 1 ,16 5,18 4,23 2
23	11 0 0 0 0 1 ,15 5
24	11 0 0 0 1 1 ,11 4,22 5
25	20 0 0 0 1 0 ,6 4
26	18 1 0 0 0 0 ,19 1
27	4 2 0 0 0 0 ,13 1,28 1
28	13 0 0 0 1 0 ,9 4
32	4 0 0 1 0 0 ,28 3
33	6 0 1 0 0 0 ,3 2
34	9 0 0 1 0 0 ,23 3
35	7 0 0 2 0 0 ,1 3,26 3
36	9 1 0 0 1 0 ,11 1,23 4
37	6 0 0 1 0 0 ,14 3
38	13 0 1 0 0 0 ,9 2
40	13 0 0 0 1 0 ,25 4
44	4 0 0 0 1 0 ,7 4
45	11 1 0 0 0 0 ,11 1
46	8 0 0 0 1 0 ,13 4
47	9 1 0 0 0 0 ,8 1
48	18 0 0 0 0 1 ,19 5
49	14 0 0 0 0 1 ,27 5
50	9 0 1 0 0 0 ,8 2
51	9 0 1 1 0 0 ,5 2,25 3
52	9 0 0 1 2 1 ,8 4,15 5,20 3,24 4
53	5 0 1 0 0 1 ,0 5,14 2
54	8 1 0 0 0 0 ,13 1
57	10 0 0 0 1 1 ,24 4,27 5
58	13 0 0 0 1 0 ,9 4
59	7 1 0 1 0 0 ,21 3,27 1
60	10 1 0 1 1 0 ,6 4,9 3,17 1
65	8 0 1 0 0 0 ,13 2
66	12 0 0 0 1 0 ,16 4
67	4 0 0 0 1 0 ,12 4
68	4 0 0 1 1 0 ,10 3,19 4
69	6 0 0 0 1 0 ,3 4
70	11 0 0 1 0 0 ,26 3
71	12 0 0 1 0 0 ,2 3
72	20 0 0 0 0 1 ,6 5
73	4 1 0 0 1 0 ,1 4,10 1
74	13 1 0 0 0 0 ,25 1
76	9 2 0 2 0 0 ,4 3,5 1,22 1,25 3
77	11 0 1 0 0 0 ,20 2
80	9 0 1 0 0 0 ,8 2
81	18 0 0 1 0 0 ,19 3
84	12 0 1 1 0 0 ,16 3,25 2
87	11 0 1 0 0 1 ,19 5,26 2
90	19 0 0 0 1 0 ,22 4
93	20 1 0 0 0 0 ,6 1
94	7 0 0 2 1 0 ,5 3,21 4,26 3
97	11 0 0 1 0 0 ,20 3
98	9 0 0 0 2 1 ,11 4,18 5,22 4
99	12 0 0 0 1 0 ,2 4
