0	6 1 0 0 0 1 ,26 5,27 1
1	6 1 0 1 0 0 ,6 1,8 3
3	11 1 0 0 0 0 ,0 1
4	21 1 0 0 0 0 ,16 1
5	14 0 0 0 1 0 ,1 4
7	6 1 1 0 0 0 ,17 1,18 2
8	8 0 0 0 2 0 ,0 4,21 4
9	16 0 0 0 0 1 ,19 5
11	14 0 0 0 0 1 ,1 5
12	5 2 0 0 1 0 ,11 1,19 1,27 4
13	5 1 0 0 0 0 ,13 1
14	5 0 0 0 0 1 ,12 5
15	5 1 0 0 0 2 ,11 1,20 5,27 5
18	16 0 0 0 0 1 ,19 5
23	22 0 1 0 0 0 ,14 2
25	12 0 0 0 0 1 ,4 5
26	7 0 0 0 1 0 ,15 4
27	11 0 0 0 1 0 ,0 4
29	6 1 1 0 0 1 ,10 2,16 5,26 1
33	10 1 0 0 1 0 ,10 1,27 4
39	14 1 0 0 0 0 ,1 1
41	9 0 0 0 1 1 ,8 4,14 5
48	6 1 0 0 0 0 ,2 1
51	3 0 0 1 1 0 ,3 3,13 4
52	1 1 0 0 0 0 ,24 1
53	6 1 0 0 0 0 ,17 1
54	11 1 0 0 0 0 ,0 1
55	15 0 0 2 0 0 ,14 3,18 3
56	15 0 1 0 0 0 ,18 2
59	6 0 1 0 1 0 ,25 2,27 4
60	10 0 0 0 1 1 ,16 4,20 5
61	23 0 0 0 0 1 ,27 5
63	6 1 0 1 2 1 ,0 1,6 3,10 5,14 4,18 4
64	15 1 0 0 0 0 ,18 1
66	4 2 0 0 0 0 ,22 1,28 1
68	1 1 0 0 0 0 ,5 1
71	6 0 1 0 0 0 ,2 2
72	6 0 1 0 2 0 ,6 2,7 4,14 4
75	6 1 0 0 1 0 ,17 4,25 1
76	12 0 0 0 0 1 ,4 5
77	4 0 0 3 1 0 ,14 4,15 3,25 3,28 3
78	12 0 1 0 0 0 ,4 2
79	10 1 0 0 0 0 ,10 1
81	9 0 1 0 0 0 ,8 2
84	8 0 0 1 1 0 ,7 3,21 4
85	1 1 0 0 1 1 ,1 4,9 1,23 5
88	6 1 0 1 0 0 ,2 3,10 1
89	21 0 0 1 0 0 ,16 3
91	5 0 0 2 0 0 ,11 3,16 3
93	13 0 0 0 1 1 ,7 4,19 5
95	21 0 0 0 0 1 ,16 5
98	13 0 1 0 0 0 ,7 2
99	6 0 0 1 0 1 ,18 3,22 5
