0	9 1 0 0 0 0 ,10 1
1	10 0 1 0 1 0 ,20 4,21 2
2	8 0 1 0 0 1 ,6 2,11 5
3	2 1 0 0 0 1 ,4 1,20 5
4	7 0 0 0 1 0 ,12 4
5	7 0 0 0 0 1 ,7 5
6	11 0 1 0 0 0 ,9 2
8	14 0 1 1 0 1 ,8 2,19 3,23 5
14	10 1 0 0 0 0 ,0 1
16	6 1 1 0 0 0 ,9 2,18 1
17	9 0 1 0 1 0 ,0 4,10 2
18	9 1 0 0 0 0 ,25 1
20	18 1 0 0 0 0 ,3 1
22	9 1 0 2 0 0 ,5 3,8 3,25 1
23	15 0 1 0 0 0 ,8 2
25	9 0 1 2 0 0 ,15 3,20 3,25 2
27	18 0 0 0 0 1 ,3 5
32	11 0 0 1 0 0 ,5 3
33	11 0 0 0 1 0 ,9 4
39	14 0 0 0 0 1 ,22 5
41	14 0 0 1 1 0 ,14 4,19 3
43	14 0 1 0 0 0 ,14 2
44	9 0 0 0 0 1 ,15 5
47	14 2 1 0 0 0 ,3 2,22 1,24 1
48	2 1 0 1 0 1 ,4 1,14 5,25 3
49	3 0 0 1 1 0 ,13 3,24 4
51	18 0 0 1 0 0 ,3 3
53	6 0 0 0 1 0 ,18 4
54	13 0 0 0 1 0 ,1 4
55	15 0 0 0 1 0 ,8 4
59	3 0 0 1 1 0 ,16 3,17 4
60	10 0 0 2 0 0 ,6 3,20 3
62	10 0 0 1 0 1 ,1 3,6 5
63	14 0 0 0 1 1 ,19 5,20 4
65	7 0 1 0 1 0 ,1 4,7 2
66	14 0 1 0 0 0 ,19 2
68	10 0 0 1 0 0 ,21 3
70	10 0 1 0 0 0 ,21 2
71	12 0 1 0 0 1 ,3 2,17 5
72	14 0 0 1 1 0 ,22 3,24 4
74	8 0 0 2 0 1 ,5 5,11 3,21 3
76	7 0 1 1 0 0 ,12 3,25 2
77	11 1 0 1 0 0 ,9 1,24 3
79	14 1 0 0 0 0 ,14 1
80	12 0 2 1 0 0 ,1 2,17 3,23 2
81	9 0 1 0 0 0 ,10 2
82	16 1 0 0 0 0 ,23 1
83	21 0 1 0 0 0 ,20 2
84	14 1 0 0 0 0 ,19 1
86	15 0 0 1 0 0 ,8 3
88	16 0 0 1 0 0 ,23 3
90	14 0 1 0 0 0 ,22 2
91	5 0 1 0 1 1 ,2 5,10 4,14 2
92	16 1 0 0 0 1 ,3 5,23 1
93	14 0 0 1 0 0 ,22 3
95	9 1 0 0 0 1 ,15 1,24 5
96	15 1 0 0 1 0 ,8 1,23 4
97	11 0 1 0 0 0 ,9 2
99	6 1 1 0 0 1 ,0 5,18 1,24 2
