2	22 0 0 0 1 0 ,12 4
3	17 0 0 1 1 1 ,8 4,12 3,19 5
4	1 1 0 0 0 0 ,4 1
5	15 0 0 0 1 0 ,29 4
6	9 0 1 0 1 0 ,19 4,21 2
9	11 0 0 0 0 1 ,24 5
10	14 0 0 0 0 1 ,20 5
11	4 1 0 0 1 0 ,10 4,19 1
12	11 0 0 0 1 0 ,24 4
13	14 0 0 0 1 0 ,13 4
14	3 2 0 1 0 0 ,3 1,7 3,22 1
17	5 0 0 0 0 1 ,26 5
19	12 0 1 0 0 0 ,6 2
20	15 1 1 0 0 0 ,1 1,29 2
23	8 0 0 0 0 1 ,25 5
24	17 0 1 0 0 0 ,19 2
32	16 0 0 0 0 1 ,5 5
33	9 0 1 0 0 0 ,14 2
34	5 1 0 0 0 0 ,3 1
38	8 0 0 0 1 1 ,0 4,11 5
40	9 0 1 0 0 0 ,14 2
41	10 1 1 0 1 0 ,16 2,17 4,22 1
42	19 0 0 0 0 1 ,30 5
43	15 0 0 0 0 1 ,1 5
44	8 0 0 1 0 1 ,11 3,13 5
47	19 0 0 0 1 0 ,8 4
49	4 0 1 0 0 0 ,28 2
50	9 0 0 0 1 1 ,12 4,14 5
51	15 0 1 0 0 1 ,1 2,12 5
52	19 0 0 0 1 0 ,17 4
53	14 0 1 0 0 0 ,20 2
54	8 0 1 2 0 0 ,8 3,13 2,25 3
55	22 1 0 0 0 0 ,12 1
56	22 0 0 0 0 1 ,12 5
59	13 0 0 0 1 0 ,27 4
60	4 0 1 1 0 0 ,5 3,28 2
61	2 0 1 0 0 1 ,2 2,21 5
62	19 1 0 0 0 0 ,17 1
64	11 1 0 0 1 1 ,1 4,8 5,22 1
65	7 0 1 1 0 0 ,5 3,23 2
66	12 0 0 0 1 1 ,6 5,27 4
68	7 0 0 0 0 3 ,6 5,23 5,30 5
69	5 0 0 0 0 1 ,9 5
70	14 1 0 0 0 1 ,17 5,20 1
71	10 0 0 0 1 0 ,16 4
73	19 0 1 0 0 0 ,17 2
74	14 0 1 0 0 0 ,13 2
75	10 1 0 0 1 0 ,8 1,16 4
76	3 0 0 3 0 0 ,17 3,22 3,31 3
77	12 0 0 0 0 1 ,0 5
79	3 0 0 1 1 1 ,5 4,18 3,20 5
80	9 0 1 0 0 1 ,21 2,29 5
82	12 1 0 1 0 1 ,0 3,5 1,30 5
88	13 0 0 0 0 1 ,27 5
90	11 1 0 0 0 2 ,13 1,19 5,22 5
95	11 0 1 0 1 0 ,24 2,30 4
96	5 0 0 1 0 0 ,3 3
97	15 1 1 0 0 0 ,1 1,8 2
98	14 1 1 0 0 0 ,1 2,20 1
99	5 0 0 0 1 1 ,15 5,29 4
