0	15 0 0 0 1 0 ,2 4
2	7 0 0 0 0 1 ,20 5
3	9 0 0 1 1 0 ,18 4,23 3
6	17 0 0 0 1 1 ,25 5,26 4
7	9 0 0 0 0 2 ,18 5,26 5
8	12 1 0 0 0 0 ,5 1
9	12 1 0 0 0 0 ,5 1
11	15 0 0 0 1 0 ,10 4
12	18 1 0 0 0 1 ,8 5,13 1
14	12 0 0 0 0 1 ,5 5
15	10 0 1 0 1 0 ,9 2,17 4
17	8 1 0 1 0 0 ,6 3,21 1
18	8 0 1 0 0 2 ,2 5,16 5,21 2
19	15 1 0 0 0 0 ,10 1
20	19 0 0 0 1 0 ,16 4
21	14 0 1 0 1 0 ,6 2,24 4
23	13 0 0 1 0 0 ,15 3
26	20 0 0 0 0 1 ,4 5
28	13 0 0 0 0 1 ,15 5
29	15 0 0 1 1 1 ,4 4,10 5,13 3
30	5 1 0 0 1 0 ,12 4,24 1
31	4 0 0 0 1 0 ,1 4
34	15 1 0 0 1 0 ,0 1,22 4
35	11 0 0 0 1 0 ,17 4
37	16 0 0 0 1 0 ,7 4
38	5 0 0 1 0 1 ,13 5,14 3
40	17 0 1 0 0 0 ,25 2
42	15 0 0 1 0 0 ,10 3
43	5 0 1 0 1 0 ,14 2,16 4
44	11 0 1 1 0 0 ,16 2,17 3
45	11 1 0 1 0 0 ,23 1,26 3
46	18 0 0 1 0 0 ,8 3
47	20 0 1 0 0 0 ,4 2
48	5 1 1 1 0 0 ,2 2,12 1,15 3
50	8 2 0 0 0 0 ,4 1,21 1
52	20 0 1 0 0 0 ,26 2
53	14 0 1 0 0 1 ,6 5,24 2
55	21 0 0 0 0 1 ,13 5
57	20 0 1 0 0 1 ,4 5,13 2
58	17 1 0 0 0 0 ,25 1
59	3 0 0 1 1 0 ,8 4,11 3
60	11 1 0 1 0 0 ,4 3,23 1
61	15 0 0 0 1 1 ,0 4,22 5
62	15 0 0 0 1 0 ,2 4
63	18 0 0 1 0 0 ,24 3
64	17 0 0 0 1 0 ,25 4
67	14 0 1 0 0 1 ,6 2,22 5
69	16 0 0 1 0 0 ,0 3
70	7 0 1 0 0 0 ,20 2
71	11 1 0 1 0 0 ,3 3,15 1
72	14 0 1 0 1 0 ,6 2,8 4
73	10 0 1 0 2 0 ,7 4,8 2,9 4
74	10 1 0 0 1 0 ,3 1,9 4
75	16 0 0 1 1 1 ,7 3,13 5,24 4
76	15 1 0 0 0 0 ,22 1
77	8 1 0 2 0 0 ,21 3,23 3,25 1
78	3 1 0 2 0 0 ,19 3,21 1,26 3
79	18 0 0 0 1 0 ,24 4
80	15 0 1 1 0 0 ,0 3,10 2
83	11 0 0 0 0 1 ,3 5
84	11 0 1 0 0 0 ,3 2
85	20 0 0 1 0 0 ,26 3
86	12 0 0 0 0 1 ,5 5
87	11 0 0 1 0 0 ,23 3
89	16 0 0 0 1 2 ,0 5,7 5,25 4
90	13 1 0 0 0 0 ,15 1
99	19 0 0 0 1 0 ,16 4
