0	8 0 1 0 0 0 ,5 2
3	12 1 0 1 0 0 ,9 3,15 1
4	13 1 0 0 0 0 ,9 1
7	11 0 0 0 1 0 ,3 4
10	10 0 1 0 0 0 ,0 2
11	12 0 0 0 0 1 ,15 5
12	14 0 0 0 0 1 ,20 5
13	7 0 1 0 1 0 ,6 4,11 2
14	20 0 0 0 0 1 ,17 5
16	9 0 1 0 0 0 ,16 2
18	3 1 0 1 0 0 ,25 1,28 3
19	8 2 0 0 0 1 ,5 1,17 5,19 1
20	11 0 0 0 0 2 ,4 5,8 5
23	6 0 0 1 0 0 ,30 3
24	6 2 0 0 0 0 ,21 1,26 1
26	13 0 0 0 1 0 ,9 4
27	7 1 1 0 1 1 ,6 1,8 4,12 2,18 5
29	21 1 0 0 0 0 ,8 1
30	2 0 1 0 0 0 ,14 2
31	8 0 1 1 0 0 ,12 3,23 2
32	14 1 1 0 0 0 ,7 2,20 1
33	10 2 0 0 0 1 ,9 1,12 5,18 1
34	7 1 0 0 0 1 ,2 5,6 1
35	8 0 0 1 0 0 ,22 3
38	11 0 0 0 1 1 ,2 4,3 5
39	10 0 0 1 0 2 ,0 3,2 5,19 5
41	13 1 0 0 0 0 ,9 1
42	8 0 0 0 1 0 ,23 4
43	7 1 0 1 2 0 ,4 4,6 1,21 4,25 3
47	16 0 0 0 0 1 ,27 5
50	16 0 0 1 1 0 ,13 4,27 3
51	17 1 0 0 0 1 ,2 1,25 5
55	10 1 1 0 1 0 ,17 1,19 2,27 4
57	6 1 1 0 1 1 ,11 4,26 5,27 2,31 1
58	22 0 0 1 0 0 ,13 3
61	20 0 0 0 2 1 ,7 4,13 5,25 4
63	13 0 0 1 0 0 ,9 3
65	14 0 0 0 1 0 ,20 4
67	6 0 1 0 0 1 ,8 5,30 2
68	10 0 1 1 0 1 ,4 2,25 5,31 3
69	10 0 1 1 0 0 ,12 3,31 2
70	2 0 1 0 0 1 ,0 5,24 2
71	9 1 0 0 0 0 ,16 1
72	8 0 1 0 0 0 ,23 2
75	6 1 0 0 0 0 ,30 1
76	10 1 0 0 0 0 ,19 1
77	9 0 0 0 0 1 ,16 5
78	10 1 0 1 0 1 ,7 5,17 3,19 1
80	3 0 0 1 0 1 ,1 3,13 5
81	6 0 0 1 1 0 ,7 4,29 3
82	18 0 0 1 0 2 ,7 5,8 5,21 3
83	21 1 0 0 0 0 ,8 1
84	5 1 0 2 0 1 ,10 5,15 3,16 1,29 3
85	16 0 1 0 0 0 ,27 2
86	18 0 1 0 0 1 ,12 2,13 5
87	8 0 0 0 0 2 ,21 5,22 5
88	11 0 1 1 0 0 ,3 2,15 3
91	10 0 0 0 1 1 ,18 4,21 5
92	8 1 0 0 0 1 ,5 5,20 1
93	10 0 0 0 1 0 ,31 4
94	14 0 0 1 0 0 ,20 3
95	10 0 1 0 1 0 ,2 2,11 4
97	18 1 0 1 0 0 ,12 3,17 1
98	20 0 0 1 0 1 ,17 5,25 3
