1	15 0 0 0 0 1 ,7 5
2	18 0 0 1 0 0 ,18 3
3	20 0 0 0 0 1 ,24 5
5	2 0 1 0 1 0 ,6 2,22 4
6	18 0 0 0 0 1 ,20 5
7	6 0 1 0 0 1 ,0 5,27 2
8	14 0 1 0 0 0 ,22 2
9	4 1 0 1 2 0 ,0 3,10 4,29 1,34 4
10	2 0 2 0 2 1 ,2 4,15 2,19 5,22 2,26 4
12	16 0 1 1 1 0 ,3 3,10 4,11 2
14	21 0 0 0 0 1 ,11 5
15	6 1 1 0 0 0 ,33 1,37 2
16	9 1 1 0 0 0 ,4 2,16 1
17	7 1 0 0 1 1 ,12 1,19 4,28 5
20	6 0 1 0 0 1 ,33 5,38 2
21	6 0 0 1 0 0 ,37 3
22	6 1 0 1 0 0 ,24 3,27 1
23	10 0 1 0 0 0 ,26 2
24	14 0 0 0 2 0 ,14 4,28 4
26	3 0 0 1 0 1 ,1 3,38 5
27	13 0 1 1 0 0 ,16 3,28 2
28	13 0 0 2 0 0 ,16 3,22 3
29	9 0 1 0 0 0 ,35 2
31	4 1 0 1 0 0 ,25 1,26 3
32	7 1 0 0 0 0 ,34 1
33	9 0 0 0 0 2 ,2 5,35 5
34	14 0 0 1 1 0 ,5 4,14 3
35	24 0 0 1 0 0 ,0 3
36	21 1 0 0 0 0 ,28 1
37	10 1 0 0 1 0 ,2 4,26 1
38	14 0 1 0 0 0 ,22 2
39	14 1 0 0 0 0 ,9 1
41	16 1 0 0 0 1 ,10 1,30 5
42	7 0 0 1 0 1 ,0 5,12 3
43	7 0 1 1 1 0 ,9 2,17 4,32 3
44	4 0 1 1 0 0 ,7 2,29 3
46	6 1 0 1 0 1 ,7 3,27 1,30 5
48	9 0 0 0 1 0 ,4 4
49	9 2 0 0 0 0 ,4 1,14 1
50	19 0 0 0 1 1 ,3 4,11 5
52	9 1 1 0 0 0 ,35 2,36 1
57	14 1 0 0 0 0 ,22 1
59	7 1 0 0 0 0 ,23 1
60	7 0 1 0 0 0 ,34 2
62	20 0 0 0 0 2 ,5 5,30 5
63	6 1 1 1 0 0 ,13 1,18 3,27 2
64	9 1 0 0 0 1 ,9 1,13 5
65	9 0 2 1 0 1 ,3 5,4 2,16 2,24 3
66	21 0 0 0 0 3 ,0 5,11 5,28 5
67	18 0 0 0 0 1 ,20 5
68	3 0 0 1 0 0 ,31 3
69	13 0 0 0 1 0 ,16 4
71	14 0 0 1 0 0 ,9 3
73	20 0 0 0 0 1 ,30 5
74	10 0 0 0 0 1 ,36 5
76	20 0 0 0 1 0 ,5 4
77	19 0 1 1 0 0 ,2 2,24 3
78	5 0 0 2 1 1 ,5 4,13 3,18 3,21 5
79	24 0 0 1 0 0 ,0 3
80	14 0 0 1 0 1 ,14 5,38 3
81	10 0 0 0 1 0 ,36 4
83	9 0 0 0 0 1 ,17 5
84	7 1 0 1 1 0 ,11 3,23 1,28 4
85	16 0 1 1 1 0 ,18 4,24 2,38 3
86	14 1 0 0 0 1 ,9 5,11 1
87	14 0 1 0 0 0 ,9 2
88	18 0 0 1 0 0 ,20 3
89	6 1 0 1 0 0 ,5 3,37 1
90	4 1 1 1 2 0 ,8 4,14 1,18 2,25 3,32 4
91	16 0 0 1 1 0 ,2 4,38 3
92	7 0 0 0 0 1 ,23 5
93	18 0 0 1 0 0 ,18 3
94	16 0 0 1 1 0 ,10 4,20 3
95	16 0 0 1 1 0 ,3 4,10 3
97	7 0 0 1 0 0 ,12 3
98	19 0 0 1 1 0 ,3 3,24 4
99	15 0 1 0 0 1 ,7 5,20 2
