0	17 0 0 1 0 0 ,38 3
1	3 0 0 1 0 0 ,0 3
2	1 1 0 0 0 0 ,18 1
3	4 1 0 0 1 1 ,21 4,32 1,36 5
4	14 0 0 2 0 0 ,12 3,34 3
5	10 1 0 0 0 0 ,26 1
9	19 0 1 0 0 0 ,33 2
10	11 1 0 0 1 1 ,24 4,27 5,31 1
11	20 0 0 1 0 0 ,1 3
12	18 1 0 0 0 0 ,37 1
13	1 1 0 0 0 0 ,9 1
14	11 0 0 1 0 0 ,24 3
16	4 0 1 1 1 0 ,5 3,6 2,36 4
17	7 0 1 1 0 0 ,25 2,26 3
18	14 0 0 0 2 0 ,4 4,34 4
19	5 0 1 1 0 0 ,3 2,12 3
20	7 0 0 2 1 0 ,14 3,25 3,36 4
21	11 1 1 0 0 0 ,2 1,37 2
22	9 0 1 0 1 0 ,21 2,37 4
23	18 0 0 0 0 1 ,37 5
24	9 0 1 0 0 1 ,4 2,28 5
25	16 0 0 0 2 1 ,1 5,30 4,33 4
27	4 0 1 0 1 0 ,15 4,25 2
31	4 0 0 1 1 0 ,32 3,38 4
32	16 0 0 0 0 1 ,30 5
35	6 0 0 1 0 0 ,17 3
36	16 0 0 1 0 1 ,35 5,37 3
37	9 1 0 0 0 0 ,28 1
38	9 0 1 0 0 0 ,5 2
41	21 0 0 0 1 1 ,4 5,36 4
42	17 0 0 0 0 1 ,27 5
43	5 0 0 0 1 1 ,23 5,31 4
45	11 1 0 0 0 1 ,2 1,4 5
46	16 0 0 0 0 1 ,35 5
47	14 0 0 0 1 0 ,31 4
49	17 0 0 0 0 1 ,38 5
51	2 0 1 1 0 0 ,7 2,36 3
52	21 1 0 0 0 0 ,36 1
53	5 0 0 1 0 0 ,3 3
56	14 0 1 0 0 0 ,34 2
58	11 1 0 0 0 0 ,24 1
59	9 1 1 0 0 0 ,2 2,20 1
60	9 0 0 0 1 0 ,20 4
61	5 0 0 0 0 3 ,16 5,29 5,31 5
62	19 0 0 0 0 1 ,33 5
63	18 1 0 0 0 1 ,1 1,12 5
65	1 2 0 0 0 0 ,8 1,12 1
66	2 0 1 1 0 0 ,10 2,30 3
67	9 0 1 0 0 0 ,5 2
68	1 1 0 2 0 0 ,13 1,24 3,38 3
69	10 0 0 0 1 1 ,26 5,27 4
70	14 2 0 0 0 0 ,12 1,34 1
71	16 0 1 0 0 0 ,35 2
72	14 1 0 1 1 0 ,4 3,22 1,34 4
73	16 0 0 1 0 0 ,35 3
74	17 0 1 0 0 0 ,27 2
75	11 0 0 0 2 0 ,2 4,33 4
76	17 1 0 0 0 1 ,12 5,38 1
79	8 1 1 1 0 1 ,5 2,14 5,28 3,38 1
80	21 0 1 0 0 0 ,4 2
81	16 1 0 0 1 0 ,33 4,35 1
83	14 0 1 0 0 0 ,22 2
84	4 1 1 0 0 1 ,1 5,6 2,26 1
85	14 0 0 2 0 0 ,22 3,37 3
90	5 0 0 1 0 0 ,19 3
91	2 0 1 1 0 0 ,2 3,11 2
92	16 0 2 0 0 0 ,1 2,30 2
93	16 0 1 0 0 0 ,30 2
94	14 0 0 0 1 0 ,22 4
95	1 1 0 0 2 0 ,20 4,22 4,39 1
96	9 0 0 1 0 0 ,21 3
97	20 0 0 0 1 0 ,1 4
98	5 1 1 0 0 0 ,19 2,27 1
99	6 0 0 1 0 0 ,17 3
