1	19 0 1 0 0 0 ,8 2
3	13 0 1 0 0 0 ,7 2
4	10 0 1 1 0 0 ,13 3,25 2
5	9 1 0 0 1 0 ,2 4,20 1
6	12 1 0 0 0 0 ,13 1
9	10 1 0 0 0 0 ,25 1
10	16 0 0 1 0 0 ,15 3
11	12 0 0 1 0 0 ,13 3
12	16 0 0 0 0 1 ,16 5
13	21 0 0 0 1 0 ,27 4
16	8 1 1 0 1 0 ,3 2,21 4,28 1
17	9 1 0 0 0 0 ,20 1
18	19 0 0 1 0 0 ,8 3
19	3 0 1 1 0 0 ,20 3,22 2
22	13 0 2 0 0 1 ,2 2,6 5,7 2
23	12 1 0 0 0 1 ,18 5,28 1
24	19 0 0 1 0 0 ,6 3
26	17 0 0 0 0 1 ,28 5
27	11 1 0 0 0 1 ,12 5,14 1
28	13 0 0 1 0 0 ,7 3
29	10 1 0 0 0 0 ,25 1
30	2 1 2 0 1 0 ,5 2,16 2,23 1,27 4
32	15 0 2 0 0 0 ,8 2,9 2
34	8 0 0 1 0 0 ,26 3
35	13 0 0 0 1 0 ,29 4
38	8 1 0 0 1 0 ,3 1,20 4
39	12 0 0 0 0 1 ,17 5
40	13 0 0 0 1 1 ,6 5,7 4
41	11 0 2 0 1 0 ,9 2,14 2,29 4
42	12 0 1 1 0 0 ,2 2,18 3
43	8 1 1 0 0 1 ,3 1,23 5,27 2
44	16 0 0 0 0 1 ,21 5
45	12 0 1 2 0 0 ,7 2,12 3,13 3
46	19 0 0 0 0 1 ,2 5
47	16 0 0 0 0 1 ,21 5
48	17 1 0 1 0 0 ,6 1,12 3
50	7 0 0 0 1 1 ,1 5,15 4
52	19 0 0 0 0 1 ,6 5
53	2 0 1 0 0 0 ,11 2
54	17 0 0 1 1 0 ,2 3,12 4
56	15 0 0 0 1 0 ,9 4
57	16 0 0 0 1 0 ,16 4
58	11 0 0 0 1 0 ,14 4
59	12 0 0 1 0 0 ,17 3
62	16 0 1 0 1 0 ,21 2,27 4
65	9 1 0 0 0 1 ,8 5,30 1
66	6 0 1 1 0 1 ,2 3,4 5,16 2
67	6 1 0 0 0 0 ,4 1
69	12 0 1 0 0 0 ,13 2
72	5 0 0 0 0 1 ,24 5
74	12 0 0 0 1 0 ,17 4
75	15 0 0 1 0 0 ,9 3
76	14 0 0 0 0 1 ,23 5
77	11 0 0 0 2 0 ,14 4,27 4
78	10 1 0 0 0 0 ,25 1
79	17 0 1 0 0 0 ,12 2
80	1 1 1 0 1 0 ,1 2,15 4,19 1
81	17 0 0 2 0 0 ,8 3,28 3
82	3 0 1 2 0 0 ,0 3,9 2,27 3
83	16 0 0 0 0 1 ,15 5
84	3 1 0 0 0 0 ,22 1
86	14 0 0 1 0 0 ,23 3
88	9 0 0 0 2 1 ,18 4,25 5,30 4
89	9 0 1 0 1 0 ,9 2,30 4
90	17 0 0 0 1 0 ,28 4
91	19 0 0 0 1 0 ,8 4
93	13 0 0 0 0 1 ,29 5
94	4 0 0 0 1 0 ,10 4
95	8 0 0 1 1 0 ,3 4,28 3
98	8 0 0 0 0 1 ,26 5
99	16 0 0 1 0 0 ,16 3
