0	18 0 0 0 1 0 ,12 4
1	11 0 1 1 0 0 ,0 3,6 2
3	12 0 1 0 1 0 ,14 2,19 4
4	16 0 1 0 0 0 ,8 2
5	9 0 0 0 1 0 ,18 4
6	15 2 0 0 0 1 ,8 1,12 1,13 5
7	18 0 0 0 0 1 ,14 5
10	3 0 0 1 0 1 ,11 3,13 5
12	12 0 0 1 0 0 ,1 3
15	8 0 1 0 0 0 ,9 2
17	12 0 2 0 0 0 ,2 2,8 2
18	14 0 1 0 0 0 ,10 2
19	14 0 0 0 1 0 ,10 4
22	12 1 0 0 1 1 ,1 4,10 1,13 5
23	11 0 0 1 0 0 ,7 3
24	10 0 1 0 0 0 ,3 2
25	12 0 0 1 0 0 ,19 3
26	18 0 0 0 0 1 ,12 5
27	5 1 0 0 0 1 ,4 5,12 1
29	18 0 0 0 0 1 ,17 5
30	11 2 0 0 0 0 ,0 1,6 1
32	9 0 0 0 1 0 ,5 4
33	12 1 0 0 0 0 ,2 1
35	16 0 1 1 0 0 ,8 3,17 2
37	4 0 1 1 1 0 ,3 4,8 3,16 2
40	11 1 0 0 1 0 ,0 1,19 4
41	10 2 1 0 0 0 ,3 1,10 2,19 1
43	9 1 0 0 0 0 ,5 1
45	18 0 0 1 0 0 ,12 3
46	12 0 0 0 0 1 ,2 5
47	18 0 0 1 0 0 ,14 3
48	8 1 0 0 0 0 ,9 1
50	11 1 0 1 0 0 ,7 3,17 1
57	4 0 1 0 0 0 ,16 2
58	13 0 0 1 0 0 ,6 3
60	11 0 0 0 1 1 ,0 5,6 4
61	16 0 0 0 0 1 ,8 5
62	9 0 0 0 2 0 ,2 4,18 4
64	18 0 0 1 0 0 ,14 3
68	18 0 0 0 0 1 ,17 5
71	10 0 1 0 0 0 ,3 2
72	18 0 0 0 0 1 ,14 5
78	6 0 0 0 1 0 ,15 4
79	11 1 0 0 0 0 ,0 1
81	8 0 0 0 0 1 ,9 5
83	13 0 0 1 0 0 ,6 3
85	18 0 0 0 1 0 ,12 4
87	14 0 0 0 1 0 ,10 4
88	14 1 0 0 0 0 ,10 1
89	18 0 0 0 1 0 ,17 4
93	10 1 0 0 0 1 ,3 1,7 5
94	6 0 1 1 1 0 ,1 3,5 4,15 2
95	18 1 0 0 0 0 ,17 1
98	9 1 0 0 0 0 ,18 1
99	12 0 1 0 0 0 ,1 2
