0	7 0 0 0 1 1 ,17 5,21 4
3	4 0 1 0 1 0 ,1 2,23 4
4	19 0 0 0 1 0 ,23 4
5	15 0 0 1 0 0 ,12 3
8	13 0 0 0 1 0 ,7 4
9	8 0 0 0 1 1 ,8 4,25 5
12	9 0 0 0 1 1 ,3 5,6 4
14	15 0 0 0 0 1 ,9 5
15	12 1 0 1 0 0 ,20 1,22 3
16	7 0 1 0 1 0 ,8 4,21 2
17	9 0 0 0 1 1 ,16 4,24 5
20	9 0 0 0 0 1 ,16 5
24	9 0 0 0 0 1 ,26 5
26	15 0 0 0 1 0 ,9 4
34	8 0 0 1 0 1 ,11 5,25 3
35	7 1 1 0 0 0 ,21 1,22 2
39	18 0 0 0 1 0 ,8 4
40	14 0 0 0 1 0 ,10 4
41	12 1 0 0 0 0 ,20 1
42	12 0 1 0 0 1 ,10 2,20 5
43	9 0 0 0 1 0 ,26 4
44	13 1 0 0 1 1 ,12 4,18 5,22 1
45	10 0 1 0 0 0 ,11 2
47	10 0 0 1 0 0 ,11 3
49	15 0 0 1 0 0 ,9 3
50	19 1 0 0 0 0 ,23 1
51	15 0 0 1 0 0 ,12 3
53	18 0 0 0 0 1 ,8 5
55	11 0 0 0 1 0 ,19 4
60	11 1 0 1 0 0 ,19 3,20 1
61	9 2 0 0 1 0 ,3 4,5 1,12 1
63	11 0 0 0 1 0 ,19 4
64	4 0 2 0 0 0 ,1 2,3 2
65	6 0 0 0 1 0 ,4 4
68	17 0 0 1 0 1 ,3 3,22 5
71	9 0 0 1 1 2 ,3 3,6 5,23 5,24 4
73	18 1 0 0 0 0 ,8 1
74	6 0 1 1 0 0 ,2 2,5 3
75	13 0 0 0 1 0 ,18 4
76	13 0 1 1 0 1 ,7 2,17 3,23 5
77	14 0 0 0 0 1 ,10 5
79	3 1 1 0 0 0 ,10 1,15 2
84	3 1 0 1 1 0 ,0 1,2 4,13 3
86	17 0 0 0 0 1 ,22 5
89	3 1 0 0 0 0 ,15 1
90	6 1 2 0 1 0 ,4 2,12 4,17 1,20 2
91	8 0 0 0 0 1 ,14 5
94	8 0 0 2 0 1 ,9 3,14 3,17 5
95	13 0 0 0 1 0 ,18 4
97	6 0 1 0 0 2 ,0 5,5 5,20 2
98	13 1 1 0 1 0 ,7 4,10 2,22 1
99	13 0 0 1 0 0 ,7 3
