1	8 0 0 1 2 0 ,7 3,13 4,21 4
2	4 0 0 1 1 0 ,15 3,22 4
5	13 0 0 0 0 1 ,23 5
6	9 0 1 0 0 1 ,7 2,10 5
7	18 0 0 0 0 1 ,20 5
8	7 0 0 1 1 0 ,2 3,15 4
9	9 0 0 0 1 0 ,18 4
10	9 0 1 0 0 0 ,7 2
11	13 0 0 2 0 0 ,15 3,23 3
12	14 0 0 0 0 1 ,11 5
13	7 0 1 0 0 0 ,1 2
16	18 0 0 0 0 1 ,14 5
19	14 1 0 0 0 0 ,11 1
22	14 0 1 0 0 0 ,5 2
25	10 0 0 1 0 0 ,6 3
27	7 0 0 0 1 0 ,1 4
28	15 0 0 1 0 0 ,15 3
30	5 0 0 0 1 0 ,4 4
31	5 1 0 0 0 0 ,4 1
32	16 0 0 0 0 1 ,17 5
34	13 2 0 0 0 0 ,14 1,23 1
35	15 0 0 1 0 0 ,25 3
36	15 0 1 1 0 0 ,17 3,25 2
37	14 0 0 1 0 0 ,5 3
38	18 0 1 0 0 1 ,14 2,20 5
41	6 0 0 1 0 0 ,19 3
42	15 0 0 0 2 0 ,14 4,25 4
45	10 0 1 0 1 0 ,6 4,15 2
46	18 0 0 0 1 0 ,14 4
50	3 0 0 1 0 0 ,3 3
51	6 0 1 0 0 0 ,19 2
53	19 0 0 1 0 0 ,13 3
58	4 0 1 1 1 0 ,8 4,11 2,17 3
61	19 0 0 0 1 0 ,13 4
64	10 1 0 0 0 0 ,6 1
65	7 1 1 1 0 0 ,2 3,5 2,11 1
66	18 0 0 1 0 0 ,20 3
67	8 0 0 0 1 0 ,21 4
68	1 1 1 0 0 0 ,5 2,16 1
70	7 1 0 0 0 0 ,2 1
73	7 1 0 2 0 0 ,1 1,13 3,23 3
74	15 1 0 0 1 0 ,13 4,25 1
78	6 1 0 0 0 0 ,19 1
81	16 2 0 0 0 0 ,13 1,17 1
82	12 0 1 0 0 0 ,10 2
84	4 0 0 0 1 0 ,9 4
86	9 0 2 0 0 0 ,7 2,14 2
87	9 1 0 0 0 1 ,18 5,25 1
88	15 0 0 0 1 0 ,25 4
90	16 0 0 0 1 0 ,17 4
91	6 1 1 0 0 0 ,20 2,24 1
92	12 1 0 0 0 1 ,10 5,23 1
93	14 0 0 0 0 1 ,5 5
94	18 0 0 1 0 0 ,20 3
95	6 0 0 0 0 2 ,11 5,24 5
97	1 1 0 0 0 0 ,12 1
98	1 1 0 0 0 0 ,0 1
99	10 0 1 0 0 0 ,6 2
