0	2 13 5 4 5 8 ,0 14,1 3,2 11,5 10,8 11,9 15,12 16,14 6,15 3,16 12,19 14,20 6,21 10,22 10,23 2,24 17,26 18,27 2,28 11,29 9,30 4,31 10
1	1 7 10 9 5 4 ,0 3,1 4,2 11,3 12,5 4,6 11,7 20,8 17,11 1,15 7,16 18,18 8,19 22,20 7,22 12,24 14,25 7,26 12,27 18,31 7
2	2 3 7 5 8 8 ,1 15,2 19,4 16,5 9,6 11,8 11,9 19,10 8,11 20,12 10,13 11,14 5,16 18,18 15,19 9,20 13,21 3,22 2,26 10,28 4,30 4
3	5 2 7 7 4 7 ,2 19,3 11,7 5,8 7,9 9,10 22,11 8,13 11,14 10,17 5,18 18,19 10,21 15,24 10,26 11,28 15,29 19
4	2 7 4 7 5 8 ,0 15,1 6,3 18,4 13,5 9,7 11,11 7,14 7,15 19,16 9,19 8,20 21,22 2,23 15,25 3,26 7,27 17,28 20,29 16,30 8
5	2 13 5 8 2 8 ,0 13,3 5,4 8,6 11,7 10,8 10,10 18,11 19,12 5,14 3,16 4,17 20,18 20,20 14,22 2,23 15,24 9,25 11,26 6,27 14,28 15
6	2 8 4 7 3 6 ,0 9,1 2,2 11,4 4,5 19,7 17,8 7,10 19,13 8,16 6,18 16,19 10,20 5,23 16,24 7,26 5,27 8,28 4,31 5
7	3 10 5 13 4 7 ,0 9,1 12,2 19,3 4,4 14,5 14,6 11,8 9,10 11,11 11,13 5,14 18,17 20,18 3,19 10,20 8,23 14,24 18,25 13,26 10,27 8,28 15,31 17
8	6 12 8 6 6 6 ,0 16,2 8,3 6,4 9,7 8,8 14,10 7,11 10,13 11,14 18,15 14,16 13,17 9,18 10,19 19,20 21,21 6,22 13,23 17,24 19,26 9,27 15,28 11,30 15,31 14
9	5 3 4 7 8 7 ,0 21,1 6,2 19,3 18,5 11,6 13,8 10,11 7,12 8,13 15,15 13,16 6,19 10,20 16,21 8,22 18,23 11,24 6,26 5,27 15,28 15
10	4 5 6 6 5 5 ,0 7,1 7,3 7,4 4,5 11,9 12,10 8,13 9,14 20,15 17,16 18,17 10,18 9,20 14,22 10,26 10,30 22,31 17
11	1 14 8 5 8 4 ,0 15,2 9,3 8,4 9,5 10,6 11,7 5,8 20,10 3,11 2,12 17,14 17,15 14,16 14,17 1,19 10,21 13,25 11,27 15,28 22,29 2,30 3
12	2 7 4 7 4 5 ,0 21,1 2,2 3,3 5,4 18,8 14,12 6,14 4,15 3,16 5,18 13,21 4,23 17,25 12,26 12,27 10,28 4,31 17
13	1 7 4 2 6 4 ,0 16,7 14,8 21,9 6,10 19,12 17,13 13,14 13,16 8,19 14,20 14,22 16,24 6,25 13,26 11,27 1,28 14,29 17,30 15
14	1 4 4 9 9 5 ,0 22,1 1,2 3,5 17,6 4,9 6,10 11,11 12,12 5,15 19,16 13,17 9,18 14,19 10,20 2,22 13,23 14,24 13,27 15,28 16,29 11
15	4 7 6 5 6 2 ,0 10,1 6,4 5,5 10,6 11,7 15,10 8,14 4,17 8,19 7,23 17,24 13,25 6,30 19,31 14
16	2 6 9 9 4 9 ,0 14,1 13,2 19,3 4,4 19,5 18,7 9,8 4,9 15,10 21,11 20,12 17,13 8,14 18,16 10,17 9,18 17,19 7,20 14,21 13,22 6,23 7,24 2,26 11,27 4,30 13
17	3 6 3 4 5 9 ,0 21,2 10,3 6,4 4,5 13,6 11,7 5,8 17,11 8,14 17,16 18,18 9,20 7,22 10,23 19,24 3,25 6,28 20,29 12,30 20
18	5 4 5 5 7 4 ,0 16,1 12,3 9,4 10,5 19,7 5,8 10,14 13,16 20,18 8,20 11,22 13,27 17,28 13,29 9,30 20
19	2 6 2 7 5 3 ,1 5,3 18,4 13,5 11,6 11,8 3,12 4,14 10,16 9,20 4,21 2,23 3,24 6,25 15,28 13,29 19
20	5 2 3 3 8 4 ,2 14,3 13,5 17,6 5,7 14,9 24,14 14,15 13,16 15,20 11,21 16,24 15,26 17,27 5,30 13
21	1 8 7 8 7 6 ,0 5,3 2,6 11,7 14,8 11,9 6,11 13,12 11,14 18,19 14,20 7,21 13,22 10,23 8,24 15,25 15,26 17,27 6,28 3,29 7,30 13,31 1
22	3 9 4 7 4 5 ,0 15,1 10,5 19,7 18,9 12,10 21,11 3,12 6,13 7,14 15,15 5,18 6,21 5,23 23,25 15,26 5,27 3,28 4,29 17,30 8
23	1 7 5 6 6 7 ,0 17,1 6,2 2,3 15,5 19,8 9,9 15,10 11,11 11,12 1,14 14,15 9,16 15,18 6,20 14,21 8,22 6,24 17,25 15,26 5,29 7
24	5 3 4 7 5 6 ,2 24,3 17,5 11,6 5,7 12,9 15,10 8,11 7,12 16,14 10,16 15,17 14,18 14,21 15,23 19,24 17,26 5,27 17
25	2 10 10 7 4 7 ,0 21,2 8,3 5,4 19,6 14,7 18,8 11,9 11,11 6,14 5,15 2,16 13,17 14,18 5,20 4,22 2,24 21,26 10,27 7,28 12
26	1 9 8 9 8 8 ,0 15,1 9,2 9,4 11,6 11,8 3,11 10,12 6,13 15,14 18,15 14,16 15,18 1,19 6,20 14,24 15,27 12,28 3,29 11
27	3 5 6 8 4 4 ,0 4,3 3,4 11,6 11,9 17,10 13,11 10,14 3,15 13,16 10,18 8,21 7,22 6,23 10,24 10,29 19,30 10
28	2 2 5 8 5 4 ,1 15,2 11,3 6,8 7,9 9,11 10,12 6,17 17,19 23,20 11,22 5,23 7,24 2,25 8,26 5,27 10,30 15,31 8
29	7 1 3 3 7 10 ,0 14,1 12,2 8,3 20,4 17,6 11,11 10,12 14,13 13,14 17,16 12,18 18,21 8,22 18,24 7,28 15
30	4 4 4 7 5 5 ,0 15,1 12,3 13,5 17,6 15,8 10,10 8,11 18,16 14,19 10,20 16,22 11,23 16,24 16,25 9,27 4,29 17,30 22,31 9
31	1 5 8 6 4 9 ,0 17,3 9,4 8,9 9,10 10,11 10,13 4,14 20,16 5,17 4,18 13,19 9,20 1,23 7,24 21,27 10,30 8
32	4 4 5 4 5 4 ,1 16,3 12,4 13,5 14,6 5,10 13,11 11,12 16,13 4,15 6,16 18,18 14,19 10,20 18,21 5,23 4,31 14
33	2 1 5 6 3 5 ,2 19,5 9,7 16,8 9,9 12,10 18,11 19,13 15,18 3,22 18,27 21,29 2,30 8
34	2 4 6 2 9 7 ,0 2,3 5,4 6,5 8,6 13,7 18,8 23,9 17,10 10,14 15,15 13,17 21,20 4,22 10,23 5,24 9,26 17,27 23,28 7,29 17
35	5 10 6 7 7 9 ,0 22,1 15,2 8,3 6,4 14,5 9,7 8,8 17,10 21,11 6,12 5,13 13,14 5,17 11,18 9,19 5,20 23,21 25,24 13,25 12,28 15,30 15,31 5
36	1 8 4 6 5 9 ,0 4,1 19,3 4,4 5,5 9,7 17,8 13,9 20,13 1,14 5,16 8,17 15,18 13,21 16,23 15,24 6,25 18,27 12,29 11,31 7
37	5 3 10 6 12 4 ,0 15,1 17,3 6,4 11,6 5,7 10,8 14,11 17,12 6,14 15,17 10,18 5,20 9,21 6,22 11,23 19,24 16,28 15,29 19,30 19
38	5 7 4 6 5 12 ,1 9,2 8,4 11,5 10,7 8,8 20,9 24,10 9,13 10,16 6,17 15,18 18,19 12,20 5,21 7,22 11,23 16,24 12,25 15,26 6,28 16,29 11,31 12
39	3 8 5 2 7 9 ,0 5,1 20,3 14,4 5,5 17,6 18,7 17,9 8,11 3,13 5,14 18,19 17,20 8,21 6,23 7,24 18,25 15,28 13,29 3,31 17
40	1 8 3 4 4 4 ,1 10,3 10,5 1,6 11,8 9,9 20,11 13,13 1,17 9,18 12,19 14,23 11,25 15,26 11,27 9,30 8
41	2 10 6 6 5 7 ,0 14,1 12,3 11,4 15,5 13,7 17,8 10,9 2,10 11,11 10,12 14,13 5,17 14,19 14,20 23,21 6,22 17,23 23,24 14,25 7,26 3,27 12,28 10,29 13,31 5
42	4 10 5 5 3 12 ,1 4,4 17,5 17,6 9,7 9,8 14,9 17,10 5,12 16,13 5,14 9,18 20,19 10,20 13,21 16,23 15,24 12,26 6,27 10,30 8,31 14
43	1 5 8 8 8 9 ,2 4,3 7,5 18,6 11,8 18,9 6,10 9,11 6,15 19,17 3,18 1,19 13,20 11,22 11,23 16,24 22,25 5,26 10,27 17,29 16,30 10
44	3 6 9 6 12 3 ,0 3,1 17,3 11,4 14,5 10,6 5,8 10,9 4,11 11,12 11,13 15,14 17,16 14,17 4,18 7,19 11,20 11,21 15,22 13,23 11,24 18,25 12,26 7,28 12,29 11,31 14
45	3 5 2 7 6 3 ,0 3,1 15,4 16,6 22,8 4,9 3,11 16,12 11,13 9,14 20,17 10,19 7,20 9,23 4,24 7,26 18,27 5,28 16
46	3 13 7 5 8 5 ,0 21,1 9,3 6,4 11,6 15,7 3,8 11,9 4,10 8,11 15,13 13,14 3,16 18,17 11,20 19,22 11,23 13,24 9,25 15,26 17,27 12,29 3
47	1 6 5 7 6 5 ,0 5,2 4,3 5,4 8,5 12,7 20,8 9,12 3,14 20,17 1,18 7,20 4,23 10,25 18,27 5,28 9,29 4,31 16
48	2 4 6 5 6 6 ,0 15,1 4,2 23,4 18,5 2,6 2,9 10,10 19,11 17,16 12,18 5,20 15,22 10,27 15,28 20,29 12
49	1 8 13 4 9 1 ,0 6,1 2,2 10,3 11,4 8,5 9,6 18,9 8,10 5,12 1,14 7,15 4,16 9,18 16,19 1,21 15,22 16,25 18,27 17,28 15,29 8,31 9
50	4 8 5 8 5 8 ,0 17,1 7,3 12,4 4,7 11,8 13,9 6,13 15,14 13,15 6,18 22,19 13,20 9,23 15,27 9,28 17,30 20,31 9
51	4 6 7 10 7 4 ,1 10,4 11,5 17,6 13,7 20,9 8,10 19,11 15,12 11,13 8,16 4,17 17,18 22,19 10,20 19,22 18,23 9,24 16,25 9,27 21,28 21,29 4,30 8
52	3 7 6 10 10 7 ,0 6,2 6,3 9,4 3,5 18,6 3,7 9,8 3,9 9,10 8,11 11,15 14,16 12,17 17,18 14,19 3,20 7,21 5,22 17,23 16,24 18,27 7,28 10,31 16
53	2 6 5 8 7 8 ,2 23,3 8,4 11,5 2,6 5,7 7,8 3,11 5,12 16,14 9,16 9,17 21,18 9,20 19,21 25,23 10,24 21,25 9,27 8,29 5,30 6,31 9
54	5 3 9 6 9 6 ,1 5,2 9,3 8,4 9,6 11,7 5,8 10,9 6,10 19,14 8,15 13,18 20,19 23,21 16,22 11,24 11,25 7,26 10,27 8,28 20,31 14
55	2 8 4 4 9 2 ,1 20,3 7,5 13,7 16,8 6,10 18,11 11,15 2,18 4,22 2,23 10,26 10,27 15
56	5 3 4 5 10 7 ,2 9,4 6,6 11,8 9,9 9,10 18,11 8,12 12,13 13,14 9,16 18,18 12,19 10,20 7,21 5,22 14,27 11
57	2 9 12 8 8 2 ,0 21,3 2,4 16,5 2,6 11,9 6,10 13,13 13,14 18,15 23,16 14,18 12,19 7,20 11,21 10,22 16,24 18,26 5,27 6,28 15,30 20,31 8
58	1 6 9 3 6 8 ,2 8,4 18,8 7,9 19,10 18,11 1,12 16,13 8,14 14,17 8,18 20,20 14,21 8,23 14,24 17,27 13,28 9,29 1,31 5
59	1 7 5 2 7 2 ,3 18,5 9,6 13,7 12,8 10,9 6,10 6,12 6,15 9,18 19,22 13,25 8,26 9,28 1,29 2,30 8
60	4 4 6 7 3 11 ,0 13,1 13,3 12,4 11,6 5,8 17,11 9,14 19,16 6,18 20,20 23,22 8,23 4,26 6,27 12,28 12,29 12,31 14
61	2 9 8 6 7 10 ,0 16,1 13,4 15,5 6,8 6,9 15,10 11,11 15,12 10,15 2,17 14,20 21,21 15,22 10,23 3,24 11,25 10,26 9,27 12,28 20,30 19,31 5
62	4 7 1 6 8 5 ,0 15,1 6,2 14,3 7,5 5,6 18,7 10,8 13,9 4,14 18,16 8,18 14,19 11,20 18,22 8,23 12,24 11,27 21,28 15,29 7,30 15
63	5 3 4 3 4 5 ,0 17,1 12,3 17,8 14,9 20,10 7,14 18,15 13,16 6,17 10,21 10,23 15,24 15,25 15,26 10,27 5
64	2 7 9 5 5 6 ,0 14,2 4,3 7,4 2,5 2,7 17,8 23,9 24,10 9,14 6,16 12,18 18,19 5,20 14,22 6,23 8,25 18,26 9,27 8,28 11,30 15
65	1 7 8 6 4 6 ,0 9,1 12,2 19,3 13,5 17,7 20,11 10,15 19,16 15,17 21,18 17,19 9,20 3,21 4,24 18,25 10,27 15,28 15,29 7,31 1
66	4 8 7 6 10 6 ,1 9,2 10,4 18,6 9,7 8,8 13,9 6,12 8,13 4,14 14,16 13,17 14,18 7,19 10,20 9,21 7,23 10,26 17,27 11,28 20,29 4
67	6 3 5 0 5 7 ,4 15,6 11,7 6,9 7,10 11,12 14,14 14,18 10,19 11,20 14,21 15,22 18,27 11,30 19
68	2 1 9 6 7 5 ,1 5,2 8,3 10,4 2,5 5,7 5,10 9,11 6,12 12,13 13,15 3,18 6,23 12,24 2,25 8,26 6,27 4,28 20
69	2 6 3 3 4 5 ,2 16,3 2,5 5,8 18,9 10,10 18,11 13,13 13,14 3,15 17,25 9,26 6,27 2,31 24
70	4 4 2 5 5 6 ,1 19,4 11,6 11,7 17,8 4,10 13,11 13,12 7,18 18,19 23,21 4,23 5,24 12,30 8
71	1 7 4 7 2 8 ,0 15,1 4,2 10,3 1,5 14,7 2,8 4,9 3,11 18,14 7,15 17,16 8,17 25,18 17,19 10,20 21,21 6,26 7,28 9
72	1 5 4 5 3 10 ,0 15,1 15,3 4,6 1,8 10,10 8,11 10,13 4,14 18,15 7,18 12,21 13,22 11,23 13,24 12,25 7,27 11,28 20,31 9
73	3 4 4 8 6 8 ,0 13,2 6,3 14,5 4,6 9,9 20,10 11,11 10,14 18,15 4,16 6,17 10,18 3,19 5,20 14,23 19,26 7,27 9,28 15,30 12
74	3 6 10 4 10 5 ,1 4,2 7,4 6,5 9,6 14,7 15,10 21,11 9,15 13,17 14,18 16,19 10,21 3,22 17,23 12,24 4,27 9,29 5,31 24
75	3 4 5 10 3 2 ,5 17,6 3,11 6,12 11,14 19,15 9,17 18,18 18,19 17,21 16,22 10,23 9,24 22,26 5,27 21,28 15,30 15,31 10
76	2 9 8 8 4 5 ,0 2,1 9,2 11,3 13,4 5,5 5,7 16,8 20,10 8,11 16,14 15,17 14,18 12,19 19,24 13,25 3,26 5,27 9,31 14
77	5 7 7 4 4 5 ,1 13,2 10,3 6,4 10,5 9,9 12,10 21,11 13,13 7,14 15,17 25,19 7,20 14,26 9,27 5,29 17,31 14
78	2 4 6 9 4 4 ,0 22,2 8,5 10,6 3,7 17,10 21,12 2,14 6,16 20,18 14,21 5,22 17,25 3,26 12,27 12,30 20,31 12
79	4 3 4 8 7 6 ,0 10,2 19,4 13,6 22,7 8,9 6,10 19,11 10,14 6,16 10,18 14,19 5,20 5,21 4,22 7,27 18,28 20,30 12,31 17
80	2 4 7 6 7 5 ,1 7,3 8,4 8,5 10,6 18,9 17,10 8,12 17,16 4,17 18,19 2,20 21,21 25,22 12,24 11,25 15,26 10,28 20,29 2,31 24
81	1 7 9 8 9 2 ,0 9,2 9,3 18,5 19,6 5,7 15,8 10,9 6,10 4,11 20,12 1,14 13,17 10,18 8,19 6,21 15,22 8,23 16,25 9,26 10,27 10,28 15,31 8
82	5 5 7 7 12 3 ,0 5,1 15,2 9,3 7,4 20,5 18,6 11,8 9,11 19,12 16,15 17,16 9,17 8,18 8,19 14,23 20,24 16,25 15,26 6,27 12,28 8,30 20,31 24
83	3 6 7 5 4 7 ,0 14,1 13,3 17,4 10,5 18,7 17,8 10,9 8,10 21,11 11,12 6,14 6,16 6,18 20,19 6,20 9,21 7,25 13,26 6,28 15,30 3
84	2 6 8 4 3 5 ,1 12,2 8,3 2,4 15,5 11,6 18,8 6,10 4,13 9,15 13,16 13,17 20,19 12,20 11,21 8,23 3,25 13,26 20,29 5,30 10,31 8
85	3 6 10 4 5 4 ,0 15,1 12,2 24,4 5,5 13,6 11,10 8,11 6,12 17,13 8,16 8,17 14,19 23,20 11,22 9,27 10,28 12,29 8,30 3,31 10
86	1 8 7 7 7 7 ,0 5,1 7,2 16,3 11,4 15,8 18,9 4,10 22,11 20,12 6,13 1,14 14,15 3,16 18,17 14,18 18,20 14,21 6,22 2,23 15,24 13,25 15,26 10,27 11,28 4,29 17,30 19,31 9
87	2 4 8 4 2 13 ,0 7,5 19,6 13,7 17,9 17,10 8,11 20,14 15,19 22,20 7,21 2,22 10,23 16,24 14,25 10,26 2,30 12,31 10
88	3 9 4 6 4 4 ,0 13,3 11,5 9,10 12,11 11,12 11,13 13,14 8,16 8,18 18,22 9,23 3,25 13,26 13,27 9,31 8
89	5 3 4 4 4 7 ,1 19,4 11,9 7,11 10,16 15,17 14,18 5,22 20,23 23,26 7,27 13,28 10,29 13,30 20
90	3 2 5 7 3 8 ,0 14,1 19,3 6,6 18,7 10,10 6,11 6,14 18,18 18,19 8,20 11,22 14,23 23,26 12,29 3
91	2 2 6 9 2 13 ,0 17,1 13,2 19,3 13,4 6,8 21,10 2,11 15,12 11,14 14,16 6,17 17,18 18,19 13,20 2,25 12,26 12,27 23,28 8,29 19,30 20
92	2 7 4 8 6 7 ,1 17,2 3,3 8,8 5,10 5,11 11,14 13,15 5,16 8,17 18,18 6,19 14,21 2,22 11,23 16,24 6,25 15,26 13,28 9,29 16
93	2 6 13 5 4 3 ,0 14,2 9,3 14,4 3,5 8,7 17,8 5,10 10,13 13,14 13,15 2,16 9,19 12,20 9,22 12,23 8,25 11,26 12,27 9,28 14,29 3
94	3 9 7 4 9 5 ,0 17,1 5,3 18,4 3,5 23,7 7,8 14,9 10,10 5,12 5,14 6,16 12,17 14,18 12,19 22,22 10,23 9,24 11,27 6,31 7
95	3 5 6 5 3 4 ,0 14,1 13,3 8,4 10,5 18,6 11,7 10,8 10,9 24,10 5,12 16,13 10,16 13,18 6,21 3,22 13,26 7
96	1 5 9 5 8 10 ,1 12,2 24,3 13,6 18,7 3,8 12,9 12,11 19,12 16,16 6,17 4,18 7,19 19,20 3,22 1,23 23,24 21,26 17,27 23,28 22,29 11
97	2 5 7 5 8 4 ,1 19,4 15,5 12,7 15,8 20,9 9,11 7,13 8,14 20,16 15,17 4,20 8,22 7,24 10,25 7,26 5,29 2,30 6
98	2 4 7 8 4 7 ,0 13,1 5,2 7,5 6,7 2,8 10,11 16,13 8,14 20,15 23,16 10,18 9,23 16,24 14,25 11,26 12,27 17,28 3,29 7,30 15
99	5 4 8 10 6 8 ,1 5,3 13,4 9,6 18,7 17,8 13,9 15,11 6,12 6,13 14,16 8,17 9,18 19,20 7,22 12,23 16,25 13,26 18,27 10,28 14,31 12
