1	6 1 1 0 1 0 ,10 1,14 2,19 4
3	9 0 1 0 0 0 ,9 2
5	7 0 0 1 0 0 ,18 3
6	4 0 0 0 1 0 ,12 4
7	5 0 0 1 0 1 ,1 5,5 3
9	13 2 0 0 0 0 ,4 1,14 1
11	12 0 0 1 0 1 ,3 5,7 3
13	12 0 0 0 1 0 ,13 4
14	12 1 0 0 0 0 ,7 1
16	5 0 1 0 0 0 ,5 2
20	19 0 0 1 0 0 ,3 3
22	19 1 0 0 0 0 ,3 1
23	12 0 1 0 0 0 ,7 2
26	11 0 0 1 0 0 ,6 3
28	6 1 0 0 0 0 ,19 1
31	2 1 1 0 0 0 ,16 2,21 1
34	7 0 0 0 1 0 ,18 4
40	10 0 0 1 0 0 ,20 3
41	3 0 1 0 0 0 ,8 2
43	13 0 0 0 1 0 ,4 4
44	6 1 1 0 0 1 ,6 5,13 2,19 1
47	13 1 0 0 0 0 ,1 1
48	5 0 0 0 0 2 ,0 5,4 5
50	1 2 1 0 0 0 ,6 1,11 1,14 2
52	8 0 1 0 0 0 ,21 2
56	12 0 1 0 0 0 ,13 2
58	8 0 0 0 0 2 ,3 5,21 5
59	13 1 0 0 0 0 ,4 1
60	5 0 0 0 0 1 ,15 5
61	12 1 0 0 0 0 ,7 1
62	4 0 1 0 1 0 ,6 2,17 4
63	15 0 1 0 0 0 ,10 2
64	20 0 0 0 0 1 ,14 5
68	19 0 1 0 0 0 ,3 2
69	15 0 0 0 0 1 ,10 5
73	20 0 0 0 0 1 ,14 5
80	10 0 0 0 1 0 ,20 4
81	13 0 1 0 0 1 ,1 5,10 2
82	9 0 2 0 0 0 ,9 2,10 2
83	13 0 1 0 0 0 ,1 2
88	5 0 0 0 0 1 ,2 5
89	12 0 0 0 1 1 ,7 5,13 4
92	9 0 0 1 0 0 ,9 3
94	13 0 1 0 0 0 ,4 2
95	10 0 0 1 0 1 ,14 5,20 3
96	15 0 0 1 0 0 ,10 3
97	3 1 0 1 0 0 ,3 3,8 1
98	9 0 1 0 0 0 ,9 2
