4	9 1 0 0 1 0 ,16 4,19 1
9	3 0 0 1 0 0 ,13 3
10	15 0 0 1 0 0 ,5 3
11	6 0 0 1 0 1 ,7 3,10 5
12	17 0 0 0 0 1 ,0 5
13	11 0 1 0 0 0 ,16 2
15	4 0 1 0 1 0 ,6 4,14 2
17	6 0 0 0 0 1 ,12 5
18	13 0 0 1 0 0 ,4 3
19	13 0 1 0 0 0 ,4 2
21	10 0 0 0 0 1 ,24 5
22	12 0 0 0 1 0 ,11 4
24	8 1 0 0 0 1 ,2 5,23 1
26	9 0 0 0 0 1 ,19 5
27	9 0 1 0 0 0 ,2 2
29	6 0 0 1 0 1 ,8 3,26 5
30	17 0 0 1 0 0 ,20 3
32	2 0 1 0 0 0 ,3 2
37	4 2 0 0 1 0 ,0 4,1 1,18 1
40	10 1 1 0 0 0 ,22 1,24 2
42	13 0 0 0 0 1 ,4 5
43	2 1 1 0 0 0 ,15 2,17 1
44	4 0 0 1 0 0 ,18 3
48	15 0 0 1 0 0 ,5 3
49	9 0 0 1 0 1 ,10 5,19 3
51	16 0 0 0 0 1 ,26 5
55	13 0 0 1 0 0 ,4 3
56	10 0 0 1 1 0 ,1 3,21 4
57	12 1 0 0 1 1 ,0 4,1 1,22 5
58	15 0 1 0 0 0 ,14 2
60	15 0 0 0 0 1 ,14 5
63	17 0 1 0 0 0 ,20 2
64	12 0 0 1 0 0 ,22 3
65	15 0 0 0 2 0 ,0 4,5 4
66	11 0 1 1 0 0 ,10 2,16 3
67	17 0 0 0 0 1 ,20 5
69	12 0 0 1 0 0 ,22 3
70	6 1 1 0 0 0 ,1 2,12 1
71	2 1 3 1 0 0 ,14 1,16 2,17 2,20 3,25 2
73	10 0 1 0 0 0 ,21 2
74	10 0 0 0 1 0 ,21 4
75	10 0 0 2 0 0 ,10 3,24 3
78	17 0 0 0 1 0 ,20 4
82	8 0 1 0 0 1 ,10 2,17 5
84	15 0 0 0 1 0 ,14 4
85	15 0 0 0 1 0 ,5 4
86	16 0 0 0 0 1 ,26 5
87	8 1 0 1 0 0 ,14 1,23 3
88	16 1 0 0 0 0 ,26 1
89	4 0 0 0 1 0 ,9 4
91	6 0 0 1 0 0 ,7 3
94	15 1 0 0 0 0 ,5 1
95	6 0 0 1 0 0 ,8 3
96	9 0 1 0 0 0 ,2 2
97	12 0 0 1 0 1 ,1 5,11 3
98	12 0 0 0 0 1 ,11 5
99	8 0 0 0 1 0 ,23 4
