2	2 0 1 0 1 0 ,5 2,35 4
3	4 0 1 1 0 0 ,19 3,26 2
4	12 0 1 0 0 1 ,10 5,19 2
5	4 0 0 0 1 0 ,6 4
6	16 1 0 0 0 0 ,1 1
7	12 0 0 1 0 0 ,21 3
8	6 0 0 1 0 0 ,7 3
10	13 0 0 0 0 2 ,14 5,35 5
12	12 0 1 0 0 0 ,21 2
14	16 0 1 0 0 0 ,3 2
15	6 1 1 0 0 0 ,0 1,25 2
17	10 1 0 1 0 0 ,2 1,12 3
18	11 0 1 0 0 1 ,15 5,17 2
19	9 0 0 0 0 1 ,33 5
20	11 0 0 0 0 1 ,17 5
22	7 1 0 1 0 0 ,4 1,33 3
23	10 0 1 0 0 0 ,2 2
24	9 0 1 0 1 1 ,15 5,19 2,24 4
25	12 1 0 0 0 0 ,19 1
26	6 1 0 0 0 0 ,7 1
27	7 1 0 1 0 0 ,2 1,22 3
29	8 0 0 0 1 1 ,11 5,12 4
30	6 0 0 1 0 0 ,0 3
31	12 0 0 0 0 1 ,20 5
32	3 0 0 1 0 1 ,27 5,28 3
36	8 1 2 0 0 0 ,2 2,25 1,30 2
37	11 0 0 1 0 1 ,15 5,16 3
38	7 0 0 0 1 0 ,22 4
40	6 0 0 2 0 0 ,18 3,34 3
41	10 0 0 1 0 0 ,29 3
42	10 1 1 0 1 0 ,10 4,12 1,25 2
43	10 0 0 0 1 0 ,29 4
44	12 0 1 0 0 0 ,20 2
45	10 0 0 0 1 0 ,31 4
46	8 0 0 0 1 1 ,1 4,30 5
47	9 0 0 0 0 1 ,24 5
48	20 0 0 0 1 0 ,34 4
49	4 0 1 0 0 0 ,8 2
50	3 1 0 2 0 0 ,1 1,14 3,36 3
51	16 0 0 0 1 1 ,1 5,14 4
52	6 1 0 0 0 1 ,0 1,34 5
53	10 0 0 0 1 0 ,25 4
55	12 0 1 0 0 0 ,19 2
59	10 0 0 0 1 0 ,2 4
61	23 1 0 0 0 0 ,15 1
62	12 0 0 1 0 0 ,21 3
65	10 1 0 0 0 0 ,27 1
66	6 2 1 1 0 1 ,1 1,4 3,11 2,13 5,21 1
68	11 0 0 0 0 1 ,16 5
70	8 1 0 0 0 0 ,30 1
71	16 0 1 1 1 0 ,1 4,3 3,10 2
72	10 1 1 0 0 0 ,10 1,31 2
73	5 0 1 0 0 1 ,7 2,32 5
74	23 0 1 0 0 0 ,15 2
75	7 0 0 1 1 0 ,4 3,17 4
76	10 0 1 1 0 0 ,16 2,29 3
77	6 3 0 0 1 0 ,13 1,21 1,25 1,35 4
78	16 0 0 0 0 1 ,3 5
79	10 0 0 1 1 1 ,20 5,27 4,34 3
80	4 0 1 0 1 0 ,9 4,26 2
82	8 0 0 0 1 0 ,9 4
85	12 0 1 0 0 0 ,19 2
86	18 1 0 0 0 0 ,14 1
87	4 0 1 0 0 0 ,8 2
89	6 0 0 1 0 0 ,18 3
90	12 0 1 0 0 0 ,21 2
92	20 0 0 0 0 1 ,34 5
93	20 0 0 0 0 1 ,12 5
94	17 0 0 0 0 2 ,10 5,15 5
95	6 3 0 0 0 0 ,0 1,3 1,16 1
96	8 1 0 0 1 1 ,11 1,12 4,14 5
97	16 0 0 1 0 1 ,3 5,12 3
98	2 0 1 0 0 0 ,23 2
99	9 1 0 0 1 0 ,31 4,33 1
