0	12 0 2 0 0 0 ,6 2,23 2
1	19 0 0 0 1 0 ,25 4
2	18 0 1 0 1 0 ,28 2,30 4
5	7 0 1 0 1 0 ,10 2,14 4
6	17 0 1 0 0 0 ,20 2
7	21 0 0 0 0 1 ,4 5
9	6 1 1 0 0 0 ,13 1,36 2
12	6 0 0 3 1 1 ,4 3,6 3,17 4,29 5,31 3
13	14 0 2 1 0 0 ,5 3,21 2,26 2
14	14 0 0 0 1 0 ,26 4
15	14 1 0 0 1 1 ,5 5,24 1,30 4
16	7 0 1 0 1 1 ,2 4,20 2,27 5
17	8 0 0 1 0 1 ,21 5,33 3
18	1 1 1 0 0 0 ,29 2,32 1
19	20 0 0 1 0 0 ,30 3
20	7 0 0 0 0 1 ,10 5
21	18 1 0 0 0 0 ,28 1
23	21 1 0 0 0 0 ,4 1
24	6 0 1 0 0 0 ,8 2
25	10 0 0 1 0 1 ,35 5,39 3
26	10 1 0 1 2 0 ,14 4,25 4,36 3,39 1
27	6 1 0 0 1 1 ,26 4,27 5,37 1
28	9 1 1 0 0 1 ,17 5,20 2,25 1
29	19 0 0 0 0 1 ,25 5
30	8 1 0 0 0 0 ,33 1
31	6 0 0 0 0 2 ,4 5,13 5
33	1 1 0 0 0 1 ,7 1,28 5
34	15 1 1 0 0 2 ,24 5,34 5,35 1,36 2
35	6 0 0 1 0 1 ,14 3,37 5
36	17 1 0 0 0 0 ,19 1
37	17 0 0 0 1 0 ,19 4
40	6 0 0 0 1 2 ,22 5,24 4,25 5
41	17 0 0 0 0 1 ,35 5
42	17 0 0 0 1 0 ,19 4
43	17 0 0 0 1 0 ,35 4
44	5 1 0 1 1 0 ,5 3,15 4,22 1
45	21 0 0 0 1 0 ,4 4
47	17 0 1 0 0 0 ,20 2
48	12 1 0 0 1 1 ,6 4,24 5,28 1
50	14 0 0 0 1 0 ,26 4
52	6 1 0 0 1 0 ,8 4,19 1
53	19 0 0 1 0 0 ,36 3
54	6 0 0 1 0 0 ,31 3
55	4 0 0 0 1 0 ,16 4
56	10 0 0 0 1 1 ,36 5,39 4
57	4 0 0 0 1 0 ,1 4
59	17 0 1 0 0 0 ,19 2
60	13 0 0 0 1 0 ,23 4
61	8 1 0 0 0 2 ,23 5,33 1,34 5
62	7 0 0 1 0 0 ,2 3
64	2 0 2 0 0 0 ,11 2,34 2
66	3 1 1 0 0 1 ,5 2,9 1,21 5
67	10 1 0 0 0 0 ,29 1
68	10 0 1 0 0 0 ,29 2
69	15 0 0 1 0 1 ,30 5,34 3
70	2 0 1 0 0 0 ,18 2
72	17 0 0 0 0 1 ,19 5
73	17 0 1 1 0 1 ,21 3,28 5,35 2
74	17 0 0 0 1 0 ,20 4
75	20 0 0 0 1 0 ,30 4
76	14 1 0 0 0 0 ,5 1
78	20 0 0 0 0 1 ,21 5
82	2 0 1 0 1 0 ,0 4,12 2
84	1 1 0 2 0 0 ,3 1,4 3,33 3
86	10 1 0 0 2 1 ,20 5,24 4,28 4,39 1
88	3 0 0 1 0 0 ,38 3
90	3 1 1 0 1 0 ,9 2,36 4,39 1
94	12 1 0 0 0 0 ,14 1
96	13 0 1 0 0 0 ,23 2
97	5 1 0 0 0 0 ,15 1
98	12 0 1 0 0 0 ,6 2
99	12 1 0 0 0 0 ,6 1
