0	12 1 0 1 0 0 ,10 3,24 1
2	11 0 2 0 0 0 ,14 2,24 2
3	7 0 0 0 0 2 ,9 5,34 5
4	21 0 0 0 1 0 ,30 4
6	20 0 1 0 0 0 ,27 2
7	7 1 0 0 0 0 ,15 1
8	16 0 0 0 0 1 ,37 5
9	11 0 1 0 0 0 ,6 2
10	8 0 0 0 1 1 ,11 4,21 5
11	8 0 0 0 0 1 ,38 5
12	16 0 0 0 0 1 ,9 5
13	15 1 0 0 0 0 ,33 1
14	8 0 1 0 0 0 ,19 2
15	11 0 0 0 1 0 ,14 4
16	16 0 0 0 0 1 ,23 5
17	3 0 0 2 0 0 ,24 3,36 3
18	20 0 0 0 1 0 ,27 4
19	16 1 0 0 0 0 ,37 1
20	8 1 1 0 1 0 ,4 2,25 1,27 4
21	21 0 0 0 0 1 ,21 5
22	12 0 0 0 0 1 ,10 5
23	13 0 0 0 1 0 ,8 4
26	21 0 1 0 0 0 ,30 2
27	11 0 0 0 1 0 ,35 4
28	12 0 0 0 1 0 ,10 4
29	18 0 0 0 0 1 ,24 5
30	10 0 2 0 1 1 ,25 2,27 4,32 2,33 5
31	14 1 0 0 0 0 ,26 1
32	11 1 1 1 0 0 ,6 2,25 1,37 3
33	8 0 0 1 0 0 ,19 3
36	1 1 0 0 0 0 ,16 1
37	21 0 0 0 1 0 ,30 4
38	5 0 0 0 0 1 ,13 5
39	8 1 2 0 1 1 ,1 2,9 5,24 4,29 1,37 2
41	13 0 1 0 2 0 ,8 2,23 4,26 4
42	10 1 0 0 0 1 ,1 1,22 5
43	10 1 0 0 0 0 ,28 1
44	5 0 2 0 1 0 ,6 2,14 2,31 4
45	1 2 0 0 0 0 ,11 1,20 1
49	7 0 1 1 0 0 ,17 3,34 2
52	8 0 1 1 0 1 ,21 2,27 5,38 3
53	2 1 0 1 0 2 ,4 5,7 1,26 5,30 3
54	20 1 0 0 0 0 ,27 1
55	4 0 0 0 1 0 ,2 4
56	8 0 1 1 0 0 ,1 2,19 3
57	8 1 0 0 0 1 ,4 1,30 5
58	21 0 0 0 0 1 ,21 5
59	8 0 1 1 0 0 ,26 3,29 2
60	11 0 1 0 0 1 ,35 5,37 2
61	10 0 0 0 1 1 ,1 4,6 5
62	15 1 0 0 0 0 ,33 1
64	16 1 0 0 0 0 ,9 1
65	11 0 0 1 0 0 ,14 3
67	5 2 0 0 0 1 ,3 5,8 1,31 1
68	16 0 0 0 1 0 ,23 4
69	2 0 1 0 0 1 ,0 2,28 5
70	8 0 0 1 0 0 ,29 3
71	10 0 0 0 1 0 ,28 4
73	15 0 0 1 0 0 ,33 3
74	6 0 0 2 1 0 ,5 4,25 3,30 3
75	16 1 0 0 0 0 ,17 1
76	14 0 0 1 0 0 ,22 3
77	16 0 0 1 0 0 ,17 3
78	3 0 0 2 0 0 ,18 3,37 3
79	6 1 0 0 1 0 ,3 1,32 4
80	7 0 0 0 0 1 ,15 5
81	14 0 0 0 1 1 ,17 5,22 4
82	16 0 0 1 0 0 ,23 3
83	7 1 0 0 0 0 ,15 1
84	12 0 0 0 0 1 ,25 5
86	10 0 2 1 0 0 ,8 2,32 3,35 2
88	10 1 0 0 0 0 ,32 1
90	10 1 0 0 0 0 ,1 1
91	21 0 0 0 1 0 ,21 4
92	8 0 1 0 0 0 ,29 2
93	14 1 0 0 0 0 ,26 1
94	15 0 0 0 0 1 ,33 5
96	6 0 1 0 0 0 ,5 2
97	8 0 1 1 0 0 ,11 3,22 2
98	16 0 0 0 1 0 ,17 4
99	1 2 0 1 1 0 ,7 1,8 4,12 1,24 3
