1	14 1 0 0 1 0 ,0 4,21 1
2	14 0 1 0 0 0 ,25 2
3	13 0 1 0 1 1 ,7 5,17 2,28 4
5	11 0 0 0 0 1 ,24 5
7	16 0 1 0 0 0 ,11 2
8	16 0 0 0 0 1 ,11 5
10	1 1 0 0 0 0 ,22 1
11	18 0 0 0 0 1 ,20 5
12	15 0 1 0 0 0 ,14 2
13	3 0 1 0 0 0 ,15 2
16	3 2 1 1 0 0 ,0 1,3 2,8 1,23 3
18	2 2 1 0 0 0 ,5 1,16 2,24 1
19	10 0 1 0 0 1 ,6 5,28 2
20	1 1 0 0 1 0 ,1 1,25 4
21	10 1 0 0 0 0 ,6 1
23	8 1 0 0 0 0 ,2 1
24	15 0 0 0 0 1 ,14 5
27	14 1 0 1 0 0 ,20 1,25 3
29	5 0 1 0 0 0 ,26 2
30	5 0 1 1 0 0 ,5 2,26 3
31	10 1 1 0 1 0 ,6 1,13 2,18 4
33	13 0 0 0 0 1 ,18 5
34	8 1 0 1 0 0 ,3 1,21 3
37	17 0 0 1 0 0 ,7 3
38	8 1 0 0 0 1 ,3 5,13 1
39	18 0 1 0 0 0 ,20 2
40	12 0 0 1 0 1 ,9 3,20 5
41	12 0 1 0 0 0 ,9 2
43	8 0 1 0 0 1 ,2 5,6 2
44	14 1 0 1 0 0 ,7 3,25 1
46	17 0 0 1 0 0 ,28 3
49	8 0 1 0 0 0 ,2 2
52	8 0 0 1 1 0 ,8 3,14 4
53	20 0 0 0 0 1 ,0 5
54	16 1 0 0 0 1 ,0 5,11 1
55	14 0 0 0 0 1 ,21 5
56	12 0 0 0 0 1 ,9 5
57	2 1 0 0 0 1 ,17 5,19 1
61	2 1 0 0 0 1 ,19 1,24 5
63	13 1 0 0 0 0 ,17 1
64	14 0 0 1 0 0 ,21 3
65	8 0 0 0 1 0 ,8 4
68	2 3 0 0 0 0 ,5 1,17 1,27 1
69	2 1 0 0 0 0 ,27 1
71	10 1 0 0 0 0 ,6 1
73	14 0 1 0 0 1 ,7 5,21 2
76	5 0 0 0 0 1 ,10 5
77	12 0 1 0 1 0 ,9 2,14 4
78	13 1 0 0 0 0 ,18 1
79	6 0 0 0 1 0 ,4 4
82	6 0 1 0 0 1 ,4 2,11 5
83	17 0 0 0 1 1 ,0 5,28 4
84	12 0 0 0 0 1 ,13 5
85	16 0 0 1 0 0 ,11 3
87	13 0 0 1 0 0 ,18 3
88	18 0 0 0 0 1 ,20 5
89	12 0 0 0 2 0 ,13 4,28 4
94	1 2 0 0 0 0 ,7 1,12 1
95	8 0 0 0 2 0 ,5 4,17 4
97	14 0 0 0 1 0 ,25 4
98	3 1 0 0 0 0 ,15 1
