0	17 0 0 0 0 1 ,8 5
2	13 0 0 1 1 0 ,6 3,31 4
3	10 0 1 0 0 0 ,28 2
5	20 0 0 0 0 1 ,6 5
6	13 0 1 0 1 0 ,27 4,31 2
7	17 0 1 0 0 0 ,14 2
8	7 0 1 1 0 1 ,11 2,17 3,19 5
9	16 1 1 0 0 0 ,8 1,27 2
10	11 1 0 0 2 0 ,3 1,12 4,23 4
11	4 0 0 1 0 1 ,6 5,26 3
14	13 0 0 0 1 0 ,17 4
16	14 0 0 0 0 1 ,10 5
19	9 0 0 1 1 0 ,19 4,21 3
21	9 0 0 0 0 1 ,5 5
22	20 0 0 1 1 0 ,6 3,9 4
24	6 0 0 0 1 0 ,16 4
25	19 0 0 0 0 1 ,3 5
26	17 0 0 1 0 0 ,8 3
27	8 0 0 0 2 0 ,28 4,30 4
29	1 2 1 0 0 1 ,8 5,13 1,23 1,28 2
30	15 0 0 0 2 1 ,14 5,18 4,19 4
33	4 1 0 0 0 1 ,18 5,22 1
34	13 0 1 0 1 0 ,6 4,17 2
36	6 2 1 0 1 0 ,0 1,4 2,12 4,14 1
40	10 0 0 1 0 0 ,0 3
41	2 1 1 0 0 0 ,1 2,28 1
42	9 0 0 1 0 1 ,18 5,21 3
43	8 0 1 0 1 0 ,3 2,30 4
44	3 1 1 0 0 0 ,4 1,25 2
48	4 1 0 0 0 1 ,0 5,26 1
49	17 0 0 0 0 1 ,14 5
50	3 0 0 1 0 0 ,24 3
53	7 0 0 1 2 0 ,11 3,14 4,27 4
54	13 1 0 0 0 0 ,31 1
56	14 1 0 0 0 0 ,10 1
57	14 1 0 1 0 0 ,10 1,27 3
58	14 1 0 0 1 1 ,3 5,10 4,18 1
61	17 0 0 1 0 0 ,8 3
62	11 0 0 2 0 0 ,3 3,12 3
63	6 0 2 0 0 0 ,9 2,16 2
64	16 0 0 1 0 0 ,27 3
65	12 0 0 0 0 1 ,15 5
66	19 0 0 0 0 1 ,23 5
67	9 1 1 0 0 0 ,5 1,31 2
68	4 0 0 0 2 0 ,7 4,29 4
70	4 0 0 1 0 0 ,22 3
72	12 1 0 0 1 0 ,9 1,15 4
73	4 0 0 0 2 0 ,20 4,31 4
74	10 1 0 0 0 0 ,28 1
75	19 0 0 1 1 0 ,3 3,23 4
76	9 1 0 1 0 0 ,5 1,10 3
77	20 0 0 0 1 0 ,9 4
78	1 1 0 0 1 1 ,17 4,23 5,32 1
82	20 0 0 0 1 0 ,9 4
85	6 0 0 1 0 0 ,4 3
86	16 1 0 0 0 0 ,19 1
89	2 1 0 0 0 0 ,2 1
90	2 2 1 0 0 0 ,0 1,2 1,11 2
91	20 0 0 0 0 1 ,9 5
92	9 1 1 0 0 0 ,5 2,21 1
93	3 1 1 0 0 0 ,21 2,25 1
96	12 0 0 1 0 0 ,15 3
97	16 0 1 0 0 0 ,19 2
