0	18 0 0 0 0 1 ,26 5
1	17 0 0 1 0 0 ,6 3
2	15 0 0 0 0 1 ,29 5
3	12 0 0 1 1 0 ,34 3,38 4
4	17 1 0 1 1 0 ,3 4,6 3,25 1
5	16 1 0 0 0 1 ,12 1,30 5
6	16 0 2 1 0 1 ,0 5,6 3,21 2,25 2
7	10 0 1 0 0 0 ,10 2
8	1 1 0 0 1 2 ,3 5,5 1,13 5,35 4
11	7 0 1 1 0 0 ,13 2,23 3
12	20 0 1 0 0 0 ,35 2
13	5 0 0 0 0 1 ,27 5
14	3 1 0 2 0 0 ,2 1,37 3,38 3
15	13 0 0 0 1 0 ,1 4
17	18 0 0 0 0 1 ,26 5
18	15 0 0 1 0 0 ,29 3
20	18 1 0 1 0 0 ,14 3,26 1
21	16 0 1 0 0 1 ,12 2,30 5
23	7 1 0 0 0 0 ,23 1
24	12 0 0 1 1 0 ,1 4,20 3
25	20 0 0 0 1 0 ,33 4
26	15 0 1 0 0 0 ,8 2
28	16 0 0 1 0 0 ,0 3
29	4 0 0 0 1 0 ,9 4
30	10 0 0 0 1 1 ,4 4,25 5
31	6 1 0 0 0 0 ,37 1
34	17 0 1 0 0 0 ,28 2
35	11 0 0 0 0 1 ,24 5
36	13 0 1 0 0 1 ,1 2,33 5
38	4 0 0 0 1 0 ,19 4
41	15 0 0 0 1 0 ,8 4
42	5 0 1 0 0 1 ,24 2,31 5
43	6 0 1 0 1 0 ,3 4,37 2
44	7 0 2 0 0 0 ,22 2,33 2
45	13 1 0 1 0 0 ,1 1,30 3
46	8 3 1 0 1 0 ,7 1,17 1,20 1,32 2,33 4
47	12 0 0 0 0 1 ,34 5
48	12 0 1 0 0 1 ,20 2,25 5
50	15 1 0 0 1 1 ,14 4,17 1,35 5
51	17 0 0 0 0 1 ,28 5
52	8 0 0 1 0 0 ,32 3
53	8 0 0 0 0 1 ,11 5
55	17 0 0 0 1 1 ,21 5,35 4
56	15 0 0 0 0 1 ,29 5
58	16 0 0 1 0 0 ,12 3
59	8 0 0 1 0 0 ,11 3
60	8 1 0 0 0 1 ,17 5,32 1
62	12 1 1 0 0 1 ,7 2,21 1,28 5
64	15 0 0 2 0 0 ,17 3,33 3
65	1 1 1 0 0 1 ,12 2,15 1,22 5
66	20 0 1 0 0 0 ,33 2
67	3 0 1 0 0 0 ,2 2
68	10 0 0 1 0 0 ,10 3
69	1 1 1 0 0 1 ,18 1,25 5,29 2
70	4 0 0 0 2 1 ,14 4,38 5,39 4
71	8 0 1 0 0 0 ,32 2
73	18 0 0 0 0 1 ,26 5
74	11 0 0 0 1 0 ,24 4
76	16 0 0 0 1 1 ,0 5,3 4
77	12 0 1 2 0 1 ,6 5,20 2,28 3,35 3
79	24 0 0 0 0 1 ,30 5
80	12 0 0 0 1 0 ,7 4
81	12 0 0 0 2 1 ,7 5,12 4,21 4
82	16 0 0 1 0 0 ,0 3
83	5 0 0 1 0 0 ,16 3
84	15 1 0 0 0 1 ,8 1,21 5
86	15 0 0 0 1 0 ,17 4
87	22 0 0 0 0 1 ,3 5
88	15 0 0 1 0 0 ,38 3
89	9 0 1 0 0 2 ,10 5,13 2,14 5
90	10 1 1 0 0 1 ,4 5,28 2,30 1
91	12 0 0 0 1 2 ,25 5,30 5,34 4
92	15 0 0 1 0 0 ,8 3
93	5 0 2 1 0 0 ,6 3,8 2,16 2
94	1 2 1 0 0 0 ,4 1,35 2,36 1
95	13 0 1 0 1 0 ,1 2,12 4
96	15 0 1 1 0 0 ,8 3,26 2
97	7 0 0 1 1 0 ,20 4,23 3
98	15 1 0 0 0 1 ,14 5,17 1
