0	3 7 8 9 9 5 ,2 12,4 14,5 18,6 14,8 15,9 19,10 14,11 15,12 11,13 5,14 13,18 22,19 3,20 16,22 8,23 4,24 4,25 4,27 21,30 14,32 15
1	4 3 6 8 5 11 ,1 23,2 9,3 11,5 18,6 10,7 20,8 11,9 9,10 15,14 9,15 4,16 11,18 6,19 6,20 11,21 10,23 5,24 10,26 4,30 5
2	6 3 4 7 3 6 ,3 21,4 6,5 13,6 14,10 17,11 16,20 8,21 8,22 10,24 7,26 8,27 9,28 11,29 12,31 13,32 12
3	1 10 5 8 6 7 ,0 1,1 4,3 21,4 9,5 18,6 14,7 10,8 13,9 3,10 13,11 16,12 10,14 11,16 8,18 12,21 14,22 11,26 5,27 8,28 15,29 10,32 6
4	5 2 5 7 5 8 ,2 13,5 6,6 14,7 16,8 9,9 14,11 19,12 5,14 12,15 13,16 18,21 10,22 6,26 18,27 8,31 8,32 14
5	2 2 9 11 6 3 ,1 12,4 12,6 2,7 15,8 4,9 20,10 13,12 10,14 12,16 5,18 22,19 10,20 6,21 8,23 20,25 20,27 4,28 3
6	2 6 7 5 11 10 ,1 14,3 10,4 15,5 8,6 12,7 5,9 15,11 22,12 12,13 22,14 4,15 16,16 15,17 5,18 16,19 18,20 8,23 12,24 18,27 9,31 2,32 2
7	4 8 9 2 8 8 ,0 5,1 19,2 9,3 15,5 12,6 7,9 19,10 17,11 12,13 19,14 12,15 21,17 4,18 19,19 23,20 20,23 16,25 18,26 13,27 9,28 16,29 4,32 7
8	4 3 6 5 5 7 ,1 10,2 14,4 9,5 5,6 21,7 7,9 10,10 13,12 15,14 14,15 16,16 18,17 17,19 22,20 10,22 11,26 18,27 8,30 4,32 14
9	1 5 7 5 4 9 ,1 7,2 15,4 16,6 19,7 8,9 9,10 13,11 15,13 11,14 6,15 16,17 17,19 10,20 6,21 7,22 1,23 7,24 10,25 6,28 2,30 7,31 19
10	2 6 8 7 5 4 ,1 4,2 14,3 17,4 16,7 9,8 9,9 9,10 8,11 19,13 5,15 16,16 21,17 17,19 12,20 6,21 14,22 2,23 13,27 8,29 11,32 11
11	1 7 8 8 4 10 ,1 2,2 2,4 11,5 19,6 17,7 9,8 14,9 3,10 16,12 10,13 16,14 18,15 6,16 13,17 20,18 16,20 5,21 14,22 2,27 1,30 17,31 10
12	3 8 8 9 3 7 ,2 11,3 10,4 10,5 3,6 8,7 9,9 11,10 17,11 22,14 14,15 13,19 5,20 10,21 7,22 10,23 10,24 6,26 11,27 9,28 17,29 11,30 13,31 6,32 9
13	4 7 8 4 6 5 ,1 13,2 20,4 10,6 7,7 16,8 14,10 9,13 6,14 17,16 8,19 10,20 14,21 14,22 7,24 18,27 9,28 11,29 12,30 11,31 4
14	7 4 3 4 5 3 ,2 9,3 15,4 22,6 12,10 15,14 16,15 7,18 25,19 23,20 14,22 17,23 14,26 18,29 13,30 11
15	6 8 3 6 6 8 ,0 19,1 10,2 9,3 10,4 10,6 10,7 18,8 13,10 9,11 15,12 23,13 11,15 16,19 17,20 9,23 7,26 7,28 6,29 13,31 15,32 11
16	3 3 9 7 9 4 ,2 10,4 17,6 17,7 6,8 15,12 10,13 15,14 9,16 12,17 17,18 3,20 20,21 10,22 7,23 14,24 6,25 23,29 14
17	2 3 8 11 2 5 ,0 5,1 7,2 20,4 12,5 19,8 14,9 17,11 12,13 22,14 19,16 9,19 5,21 9,22 3,23 10,24 15,27 23,28 20,29 2
18	3 11 10 5 2 3 ,1 17,4 15,5 19,7 11,10 3,12 7,13 12,14 13,17 5,18 12,19 12,20 10,22 7,23 11,24 15,25 16,26 13,27 13,28 6,30 13
19	2 4 6 4 6 2 ,2 19,4 15,6 7,7 10,11 6,12 23,13 3,14 12,15 4,17 8,19 10,20 10,26 19,28 24,32 2
20	2 2 3 11 13 15 ,0 9,2 14,3 4,5 6,6 18,7 14,8 13,10 14,11 15,12 16,14 12,15 16,16 19,18 20,19 4,20 6,21 5,22 22,23 14,24 9,25 12,26 13,27 4,28 18,29 12,30 2,32 3
21	3 8 3 7 9 4 ,0 13,1 8,5 13,6 7,7 23,9 3,10 4,12 16,13 11,14 12,15 16,16 14,17 12,18 7,20 11,21 10,22 8,23 14,28 15,30 17,31 14,32 23
22	1 6 3 5 7 3 ,0 10,2 16,3 11,5 5,6 1,8 15,11 8,15 16,16 1,17 3,18 8,19 10,20 6,22 11,25 14,26 24,30 15,32 23
23	6 4 4 3 5 8 ,6 12,7 16,10 15,11 15,13 12,14 10,15 12,19 6,25 12,26 9,27 8,29 11,30 17,32 22
24	4 5 8 7 10 3 ,0 26,1 23,3 5,4 14,5 19,6 11,7 11,11 8,12 10,14 4,15 13,17 9,18 7,19 17,20 16,21 12,24 16,26 10,28 16
25	5 2 9 4 10 6 ,0 13,1 5,2 9,6 14,7 9,10 14,13 7,14 14,16 19,17 9,19 5,21 14,22 9,23 6,26 5,28 11,29 18,31 6
26	5 5 10 9 2 4 ,1 5,2 11,4 17,6 12,7 11,8 18,9 20,11 6,12 13,13 18,16 12,18 19,19 8,20 5,25 9,28 5,29 13,31 15,32 23
27	2 3 13 5 10 9 ,1 15,5 6,7 16,8 14,11 2,12 15,14 13,15 13,16 2,17 21,18 16,19 8,20 6,21 9,22 11,23 7,26 12,27 21,29 11,30 11
28	3 2 2 6 7 6 ,0 6,6 7,7 6,8 9,11 5,12 17,13 19,14 3,17 4,19 6,20 13,25 18,28 4,29 18,30 15,31 17,32 23
29	2 7 7 4 4 7 ,1 6,2 11,6 12,7 9,9 18,10 7,11 15,12 8,13 16,14 26,15 4,16 2,17 18,19 17,21 14,22 17,24 16,25 16,27 7,29 13,32 11
30	1 12 5 10 2 8 ,1 4,3 18,6 12,7 9,8 3,9 13,10 7,11 10,13 12,15 5,16 15,17 1,19 12,20 25,21 8,22 19,23 15,24 8,26 7,28 18,31 20,32 19
31	2 8 10 5 7 5 ,3 12,4 12,8 13,9 5,10 6,11 15,12 10,14 14,15 7,16 14,19 4,20 22,21 19,22 13,25 14,26 10,27 7,28 17,29 2,30 11,31 8,32 9
32	4 7 7 7 6 4 ,0 19,1 5,2 20,5 12,6 5,7 9,8 13,9 9,10 14,11 8,12 18,14 17,17 13,19 4,20 8,21 10,25 6,28 18,29 19,31 8,32 9
33	3 8 9 8 4 6 ,1 6,2 13,3 14,5 12,7 7,8 13,9 9,10 14,12 18,13 8,14 17,15 5,17 4,18 22,19 22,22 3,23 21,24 14,25 6,26 7,27 6,31 17,32 23
34	3 9 5 7 3 4 ,0 9,1 15,2 19,5 14,6 8,7 9,9 3,10 17,12 18,14 9,15 12,16 4,17 4,22 11,23 13,24 9,26 12,30 13,31 8
35	3 5 7 7 1 4 ,1 3,4 22,6 18,7 9,9 3,10 13,11 11,13 10,15 13,19 9,22 15,25 23,26 8,27 3,28 11,29 11
36	3 4 7 5 4 5 ,0 11,1 5,2 3,3 17,5 8,7 22,8 15,9 18,11 10,13 18,14 11,17 17,18 19,21 8,22 15,23 3,25 14,28 14
37	4 6 5 9 6 2 ,1 8,2 4,4 11,5 19,6 12,7 6,9 13,13 22,14 15,15 5,18 6,19 6,21 5,22 11,27 9,28 16,29 4,30 11,31 14
38	4 9 7 10 2 6 ,0 9,1 5,2 11,4 11,5 9,6 7,7 16,8 6,9 17,10 13,12 5,14 25,15 4,16 15,20 9,21 14,22 13,23 14,24 16,26 12,31 17
39	7 8 5 10 7 6 ,1 7,3 18,6 12,7 12,9 19,10 12,11 11,12 10,15 10,16 15,18 20,19 7,20 12,21 10,22 9,23 9,24 8,25 12,26 13,28 8,30 14,31 10
40	5 8 4 7 8 6 ,1 10,2 20,3 11,4 21,5 14,6 19,7 9,10 7,12 10,14 13,15 12,17 8,19 17,20 10,21 9,23 5,24 9,25 11,26 11,27 10,29 11,32 19
41	3 2 5 6 1 8 ,0 11,1 10,6 13,10 13,11 8,12 13,15 16,16 15,20 10,21 3,22 11,23 8,24 10,25 22,26 18
42	5 3 5 7 6 9 ,1 12,4 21,6 14,7 10,8 9,9 9,10 9,11 12,13 14,14 14,16 5,18 6,19 19,20 16,21 10,22 12,24 18,25 21,26 7,27 6,28 11
43	5 6 7 6 6 6 ,0 9,2 13,3 10,4 8,5 7,6 13,14 17,15 15,16 5,18 19,19 18,20 8,21 9,22 17,23 16,24 14,28 20,31 9
44	4 3 4 4 3 3 ,5 4,7 11,8 15,10 13,11 10,12 15,14 10,18 22,19 19,20 10,21 5,28 24,29 13,31 19,32 11
45	1 6 5 7 11 7 ,0 6,2 4,3 11,6 7,7 14,8 20,10 18,11 16,12 11,13 19,14 16,15 5,19 10,21 8,23 7,27 11,28 11,29 1,30 7,31 7,32 9
46	1 3 7 9 10 13 ,0 9,1 17,4 7,5 13,7 6,8 3,10 17,12 4,13 8,14 15,16 15,17 7,18 3,19 14,20 11,21 14,22 5,23 1,26 13,27 7,28 11
47	2 4 11 5 3 7 ,0 6,1 3,4 2,5 2,6 13,8 25,9 10,10 16,12 8,14 15,15 5,19 12,20 11,21 5,22 3,23 16,24 6,27 11,28 18,29 11,30 15,31 19
48	2 4 9 7 5 8 ,0 9,1 13,2 11,3 10,4 5,5 9,7 23,10 18,11 11,12 13,13 11,15 14,16 15,17 4,19 14,20 9,21 14,23 8,24 15,26 24,27 6,28 2,29 2,32 23
49	3 3 7 10 7 3 ,0 26,1 6,4 17,5 8,6 12,7 8,11 10,12 8,14 14,15 15,16 3,17 17,20 8,22 19,26 8,28 17,29 10,31 9,32 7
50	4 7 6 8 7 7 ,0 13,6 22,7 9,8 13,10 14,11 15,12 8,14 13,15 12,17 20,19 19,20 18,21 4,22 12,23 5,24 20,25 20,28 17,29 12
51	3 3 2 3 9 10 ,1 14,5 3,7 8,10 8,12 4,15 5,17 8,18 8,19 11,20 18,23 13,24 13,26 15,28 17,29 12,30 7,31 19
52	1 8 5 4 9 7 ,0 26,1 17,2 19,3 20,4 9,5 7,6 7,10 17,11 22,14 17,16 4,17 13,18 16,20 5,22 5,23 5,25 1,27 8,31 19,32 19
53	2 6 7 5 10 5 ,0 2,1 23,4 8,5 6,6 8,7 23,8 14,9 15,10 18,12 16,13 7,16 11,17 11,19 13,20 13,21 6,22 5,24 16,26 24,27 19,29 12,30 13
54	1 6 9 6 10 5 ,0 9,1 10,3 12,4 16,5 12,6 9,7 8,9 13,10 16,13 15,16 18,18 22,19 8,20 6,21 6,22 3,23 8,24 14,25 6,27 11,28 11,30 1,31 20
55	3 6 3 8 5 3 ,2 11,5 17,6 13,7 11,8 9,9 18,11 7,14 25,15 15,17 3,18 19,20 7,22 8,23 20,24 16,26 17,27 6,29 16,30 13,31 10
56	3 6 8 2 4 5 ,1 12,2 19,3 11,6 11,8 14,9 9,11 3,12 10,13 22,14 11,15 21,16 16,23 11,24 7,25 11,26 12,27 21,29 11,31 10,32 19
57	2 8 6 4 2 4 ,1 12,5 18,6 2,7 18,12 10,13 14,15 7,16 19,17 18,19 6,21 6,22 10,23 5,24 15,25 5,26 12,27 8,31 13
58	3 7 7 6 10 3 ,1 3,2 13,5 18,6 7,7 14,8 13,11 16,12 10,14 18,16 3,19 19,20 16,21 10,22 17,23 21,24 10,25 5,26 12,28 11,31 6
59	2 4 5 3 14 9 ,0 13,1 5,2 2,5 19,7 3,10 12,12 18,13 14,14 18,15 13,16 13,17 18,18 7,19 10,21 7,22 17,24 12,25 16,26 19,28 11,29 4
60	2 3 8 5 4 4 ,2 15,6 12,7 16,9 9,13 15,14 2,15 12,17 8,19 6,20 8,21 8,22 12,24 15,25 16,29 12,32 23
61	6 8 4 8 10 8 ,1 15,2 12,4 10,5 8,6 6,8 9,9 17,11 10,15 8,16 20,17 13,18 12,19 14,20 7,21 11,22 7,23 21,24 16,26 7,27 13,29 18,31 20,32 15
62	1 4 7 5 6 6 ,1 1,5 4,6 14,7 18,8 13,10 8,11 15,12 10,14 15,15 14,17 21,19 20,20 3,22 19,23 1,25 17,26 17,28 5
63	4 7 7 4 5 7 ,0 5,1 5,5 8,6 6,7 5,9 15,10 15,11 19,12 18,13 18,15 13,16 8,18 7,20 11,21 4,22 22,24 9,26 13,28 6,31 13
64	3 6 5 8 4 6 ,1 12,2 12,4 10,5 3,6 7,7 26,9 9,10 3,12 10,14 14,15 7,16 15,17 13,18 22,21 5,23 11,25 9,26 17,29 19,31 20,32 9
65	1 4 6 6 7 9 ,0 25,1 10,2 9,4 12,5 18,6 8,7 20,10 9,12 13,14 16,15 15,17 3,19 6,20 1,24 12,26 14,27 3,28 16,31 17,32 14
66	2 6 7 5 11 5 ,1 2,2 4,3 20,6 18,8 12,10 13,11 10,12 10,13 12,14 25,15 13,16 8,18 22,19 22,21 6,23 2,24 15,25 23,30 13,31 14
67	1 3 4 6 5 4 ,0 10,2 15,5 6,8 3,11 12,13 8,15 13,18 12,19 14,20 1,24 9,26 8,28 17,29 18,30 15
68	1 4 9 2 4 6 ,1 13,2 20,4 1,5 17,7 9,10 13,11 16,12 16,13 19,15 13,16 19,21 3,22 12,23 16,25 20,26 11,27 6
69	7 9 5 6 4 7 ,0 26,1 9,2 9,4 10,5 9,6 12,7 9,8 12,9 17,11 11,12 10,14 19,16 16,19 13,20 12,21 8,22 12,23 10,25 9,30 7
70	3 7 9 3 5 4 ,0 19,1 4,3 4,5 8,7 3,8 13,9 5,12 4,13 12,16 8,19 14,20 10,21 5,23 20,24 8,25 17,26 13,27 7,29 14,30 11,32 22
71	2 10 15 3 12 6 ,0 25,1 9,2 14,3 4,4 6,5 6,6 6,9 11,10 17,11 6,12 16,14 16,15 16,16 17,17 9,18 2,19 18,20 13,21 14,22 13,23 11,24 16,26 17,27 23,28 24,29 11,32 11
72	3 7 5 10 5 4 ,1 7,2 13,6 8,7 9,8 4,9 9,12 18,13 12,15 13,16 4,17 9,18 7,19 10,20 14,21 10,22 5,23 25,24 16,25 9,29 14,31 3
73	5 6 7 11 6 3 ,1 7,2 12,6 8,7 20,10 7,11 16,12 15,13 5,14 12,15 16,16 21,18 20,21 8,22 18,23 20,25 12,26 13,27 13,30 12,32 14
74	2 6 4 9 4 6 ,0 6,1 12,2 2,3 14,5 12,7 6,8 14,9 10,12 7,15 7,17 18,18 25,19 6,20 11,23 9,25 17,28 8,29 12
75	2 7 9 1 4 8 ,2 10,5 18,8 6,9 3,10 14,12 17,18 5,19 2,20 13,21 5,23 21,24 9,27 9,28 16,30 11,32 9
76	1 11 6 4 4 8 ,0 17,1 14,2 13,3 10,4 22,5 4,6 11,7 23,8 11,12 13,13 5,14 16,17 8,19 8,20 22,23 1,24 2,25 4,26 15,29 18,30 7,32 6
77	1 3 7 7 5 6 ,0 10,1 17,2 19,3 4,5 1,8 15,10 7,11 7,14 15,15 5,17 7,18 19,20 9,22 7,23 20,24 18,25 4,26 14,27 19,29 11
78	4 7 7 4 10 3 ,0 9,2 11,3 4,4 15,5 13,7 10,8 12,9 17,11 10,12 11,13 21,14 19,15 13,17 8,20 21,22 9,23 25,24 15,25 14,26 15,27 8,30 14,32 22
79	3 5 4 7 5 5 ,0 14,1 10,4 12,6 15,7 15,9 8,11 10,12 18,17 18,18 22,19 23,20 3,22 21,23 11,25 22,26 14,27 13,29 12,32 22
80	3 5 4 6 8 3 ,2 9,4 9,6 11,7 16,8 25,9 11,10 15,14 14,16 20,19 14,20 10,21 7,22 18,23 20,24 10,25 14,26 15,29 3,30 17,31 7
81	6 1 1 8 10 5 ,0 26,1 19,2 11,5 18,7 18,11 7,12 10,13 21,14 16,15 14,18 25,19 6,21 6,22 11,25 20,27 19,30 11
82	1 8 12 4 9 6 ,0 9,3 5,4 12,5 1,6 6,7 12,8 20,10 16,12 7,13 11,14 6,15 13,16 20,17 13,20 6,23 2,24 2,27 6,30 17
83	2 6 6 4 7 11 ,0 19,1 9,2 13,3 21,6 8,7 6,8 13,10 4,12 23,13 21,15 15,16 3,17 14,19 14,20 16,21 19,22 2,23 21,24 14,25 18,27 7,29 13,30 7,32 14
84	5 11 4 4 4 5 ,0 11,3 12,5 12,6 15,8 9,9 13,10 13,12 10,13 8,14 12,18 25,19 23,20 5,21 7,22 10,23 6,26 19,28 5,29 11
85	4 2 5 11 3 7 ,1 13,2 11,3 10,5 4,7 14,9 11,14 5,15 10,17 7,19 18,20 14,22 13,26 12,27 8,28 15,30 15,32 19
86	2 7 7 9 5 10 ,1 10,3 2,5 3,6 16,7 9,12 18,13 11,14 14,15 21,16 14,17 5,18 6,19 6,20 6,23 6,24 16,27 5,28 11,29 16,30 17
87	3 4 8 9 2 9 ,1 9,2 12,5 19,6 6,7 19,9 9,10 14,11 19,12 23,14 14,15 13,18 22,19 4,20 16,21 3,22 19,23 11,24 15,26 14,27 21,28 14
88	2 4 8 5 3 13 ,0 17,1 17,2 19,3 10,4 15,5 5,6 7,7 2,8 18,13 10,14 13,16 11,17 12,20 10,21 13,22 10,23 12,24 12,27 23,28 5,29 11,30 11,32 12
89	1 5 3 9 5 6 ,0 15,1 4,6 19,8 20,10 7,13 15,14 14,16 16,17 18,18 5,20 13,21 9,22 13,23 10,24 15,25 21,28 1,30 7
90	1 6 7 2 5 13 ,0 11,1 3,2 10,3 14,4 1,5 5,6 12,8 25,10 18,11 16,12 13,13 16,14 15,15 13,16 12,17 14,18 3,19 17,20 17,22 13,26 24,28 17,31 13,32 9
91	5 7 4 11 4 6 ,4 5,6 19,7 7,8 9,9 8,10 13,13 18,15 13,16 18,17 11,19 17,20 11,23 5,24 6,25 9,26 19,29 5,31 15,32 18
92	6 5 6 8 5 8 ,0 15,5 18,6 11,7 7,8 24,9 10,10 6,11 16,15 6,17 13,18 20,19 10,21 10,22 7,23 15,25 21,26 14,27 6,28 16,32 18
93	3 7 1 7 14 3 ,0 14,2 19,3 11,4 12,5 19,6 14,7 8,10 16,11 8,13 11,14 16,15 6,18 3,20 16,22 12,23 25,24 16,26 13,28 8,29 10,30 11,31 8,32 9
94	2 3 5 7 4 5 ,2 9,6 18,7 6,8 11,12 23,17 11,19 12,20 16,21 9,22 5,24 15,25 9,29 2,30 11,32 15
95	4 6 6 10 12 10 ,0 5,1 8,2 11,3 11,4 5,6 8,7 10,11 19,12 8,13 8,15 15,17 14,19 13,20 14,21 11,22 17,23 13,25 14,26 8,27 8,29 12,30 4,31 10,32 9
96	4 4 4 5 4 3 ,1 7,2 16,3 11,4 5,5 4,7 19,11 6,12 18,13 18,14 5,15 15,16 11,17 14,18 12,20 6,21 13,25 5,32 12
97	3 6 7 3 7 7 ,0 13,1 8,2 16,3 15,6 16,9 15,10 16,11 3,12 10,13 10,14 10,15 10,17 12,18 19,19 13,21 8,22 17,23 7,26 24,29 11,31 19
98	4 1 5 10 11 5 ,0 15,1 6,2 19,3 4,4 16,6 14,7 14,9 18,11 11,12 12,13 11,14 17,15 7,16 4,18 7,19 17,20 6,24 10,26 10,32 9
99	2 8 9 6 5 7 ,1 11,2 11,4 7,5 3,6 9,7 12,8 11,9 15,10 9,11 12,13 15,15 5,16 18,17 17,19 2,20 18,21 10,22 21,23 5,24 4,26 14,27 7
