0	7 2 0 0 0 0 ,17 1,23 1
1	12 0 0 1 0 1 ,0 3,19 5
2	3 0 0 2 1 1 ,7 3,19 4,21 3,22 5
3	15 0 0 0 1 1 ,18 5,20 4
4	12 0 0 0 1 0 ,5 4
5	18 1 0 0 0 0 ,20 1
6	14 2 0 0 0 0 ,2 1,17 1
7	16 0 1 0 0 0 ,4 2
8	12 1 0 0 0 0 ,8 1
9	16 1 0 0 0 0 ,13 1
10	4 0 0 0 1 0 ,1 4
11	18 0 0 0 0 2 ,2 5,20 5
13	19 0 0 1 0 0 ,9 3
14	14 0 0 1 1 0 ,17 4,20 3
15	16 1 0 0 0 0 ,21 1
16	12 1 0 0 0 0 ,5 1
17	16 0 0 2 0 0 ,9 3,21 3
19	16 0 0 0 0 1 ,4 5
22	7 0 0 1 0 0 ,23 3
25	16 0 0 1 0 1 ,13 3,16 5
26	16 0 0 1 0 0 ,21 3
28	5 0 1 0 0 0 ,11 2
29	19 0 1 0 0 0 ,9 2
30	12 0 1 0 0 0 ,8 2
31	24 0 0 0 0 1 ,16 5
32	12 0 1 0 1 0 ,8 2,16 4
33	2 0 1 0 0 0 ,3 2
38	12 0 1 0 0 0 ,0 2
40	12 0 1 0 1 0 ,0 2,16 4
41	16 0 0 1 0 1 ,9 5,13 3
43	14 1 0 0 0 0 ,19 1
44	12 1 0 0 0 0 ,0 1
45	7 0 0 1 1 0 ,2 4,15 3
46	7 0 1 0 2 0 ,2 4,9 4,23 2
48	11 0 0 0 0 1 ,24 5
49	11 0 1 0 0 0 ,24 2
51	13 0 0 1 0 0 ,10 3
52	14 0 1 0 0 0 ,17 2
53	16 0 0 0 0 1 ,13 5
54	7 0 0 0 1 0 ,15 4
55	16 1 0 0 0 0 ,13 1
56	24 1 0 0 0 0 ,16 1
57	12 0 0 1 0 0 ,0 3
58	8 0 0 0 1 0 ,12 4
59	8 0 0 1 0 0 ,12 3
60	14 1 0 0 1 1 ,4 1,16 5,17 4
61	14 0 0 0 1 0 ,19 4
63	16 0 0 0 1 0 ,4 4
64	5 1 0 1 0 1 ,8 1,11 3,18 5
66	14 0 1 0 0 0 ,17 2
67	21 0 0 0 0 1 ,2 5
68	12 1 0 0 0 0 ,8 1
69	8 2 0 0 0 0 ,0 1,12 1
70	21 0 1 0 0 0 ,2 2
71	16 0 0 0 1 0 ,4 4
72	15 1 0 0 1 0 ,18 1,20 4
73	13 0 0 0 0 1 ,10 5
74	5 0 1 0 0 0 ,14 2
75	9 0 1 1 0 0 ,5 2,6 3
80	16 0 0 1 0 0 ,13 3
82	9 0 1 1 0 1 ,6 3,10 5,22 2
85	12 0 0 0 0 1 ,8 5
86	11 0 0 0 1 0 ,24 4
87	5 0 0 1 0 0 ,14 3
89	12 0 0 0 0 1 ,5 5
91	19 0 1 0 0 0 ,9 2
92	16 1 0 0 0 0 ,21 1
93	7 1 0 0 0 0 ,23 1
95	9 0 0 1 0 0 ,6 3
96	16 0 0 0 0 1 ,21 5
97	15 1 0 0 1 0 ,18 4,20 1
99	11 0 0 0 1 0 ,22 4
