0	7 1 0 0 1 1 ,3 4,6 5,18 1
5	13 0 0 0 1 0 ,11 4
7	4 0 1 1 0 1 ,1 2,14 3,16 5
11	8 0 1 0 0 1 ,5 2,10 5
14	13 1 0 0 0 1 ,5 5,11 1
15	17 0 1 0 0 0 ,0 2
18	19 0 0 0 1 0 ,6 4
19	19 0 0 0 0 1 ,6 5
22	15 0 1 0 1 0 ,3 2,5 4
28	21 0 0 0 0 1 ,13 5
29	14 1 0 1 0 0 ,2 1,19 3
30	5 0 0 1 0 1 ,4 5,18 3
31	12 0 0 0 0 1 ,17 5
32	21 0 0 0 0 1 ,13 5
34	8 0 0 0 1 0 ,12 4
35	12 1 0 0 0 0 ,16 1
36	14 1 0 0 0 0 ,19 1
37	16 1 0 0 0 0 ,2 1
38	5 0 0 1 0 0 ,15 3
41	13 0 1 0 0 0 ,11 2
42	8 0 0 1 1 0 ,12 4,13 3
45	5 1 0 2 0 0 ,3 3,15 1,18 3
46	12 0 0 0 0 1 ,16 5
50	13 1 0 1 0 0 ,11 1,19 3
53	17 0 0 0 0 1 ,0 5
54	4 1 0 0 0 0 ,14 1
55	3 0 1 0 0 0 ,7 2
61	13 0 0 1 0 0 ,11 3
62	16 0 0 0 0 1 ,2 5
63	3 1 0 0 0 0 ,7 1
64	4 1 0 0 0 0 ,9 1
65	16 0 1 0 0 1 ,2 5,13 2
67	15 0 0 0 1 0 ,3 4
68	4 1 1 0 0 1 ,6 5,9 1,11 2
69	5 1 0 0 0 0 ,15 1
70	8 0 0 2 0 0 ,10 3,17 3
73	5 0 0 1 1 0 ,1 3,2 4
74	17 1 0 0 1 0 ,0 4,5 1
75	12 1 0 0 0 0 ,16 1
76	14 0 0 1 0 1 ,0 5,19 3
78	4 0 1 0 0 0 ,9 2
79	14 0 0 0 1 0 ,19 4
81	12 0 0 0 1 0 ,17 4
85	9 0 1 1 0 0 ,8 3,13 2
86	9 0 0 1 1 0 ,5 4,8 3
89	9 0 0 1 0 0 ,8 3
90	18 0 1 0 0 0 ,5 2
94	17 1 0 0 1 0 ,0 1,13 4
98	15 0 1 0 0 0 ,3 2
