1	2 1 1 1 0 2 ,1 1,6 5,10 5,15 3,24 2
2	24 0 0 1 0 0 ,0 3
3	9 0 0 0 0 1 ,17 5
4	15 0 1 0 0 0 ,18 2
6	14 0 0 0 1 0 ,16 4
9	14 0 0 0 0 1 ,5 5
10	9 1 0 0 0 0 ,17 1
11	3 0 0 1 0 1 ,11 3,14 5
13	14 1 0 1 0 2 ,6 3,7 5,16 1,20 5
15	24 0 0 1 0 0 ,0 3
17	9 0 0 0 1 0 ,2 4
18	15 0 0 1 0 0 ,8 3
20	9 0 0 0 1 1 ,0 5,2 4
22	14 0 1 0 0 0 ,5 2
23	9 0 0 0 0 1 ,12 5
24	16 0 0 1 1 0 ,15 3,20 4
25	23 1 0 0 0 0 ,14 1
26	4 0 0 1 0 0 ,22 3
27	1 1 0 1 0 0 ,8 3,25 1
29	18 0 0 0 0 1 ,6 5
31	14 0 0 0 0 1 ,16 5
32	2 1 0 0 0 0 ,1 1
34	9 1 1 0 0 0 ,12 1,16 2
35	9 1 0 0 0 0 ,12 1
39	9 0 1 0 0 0 ,24 2
40	9 1 0 0 0 0 ,24 1
41	15 0 0 0 1 0 ,18 4
42	15 0 0 1 0 0 ,18 3
43	4 0 1 0 0 0 ,3 2
45	14 1 0 0 0 0 ,16 1
47	15 0 1 0 0 0 ,18 2
48	14 1 0 0 0 0 ,16 1
49	21 0 0 0 0 1 ,20 5
51	9 0 1 0 0 1 ,7 5,24 2
55	21 1 0 0 0 0 ,20 1
57	4 0 1 0 0 0 ,3 2
62	10 0 0 1 0 1 ,10 5,14 3
68	24 0 0 1 0 0 ,0 3
70	16 0 0 0 0 2 ,14 5,15 5
71	5 1 0 1 0 0 ,4 1,5 3
76	9 1 0 0 0 0 ,2 1
77	2 1 1 0 0 0 ,13 2,22 1
78	24 0 0 0 0 1 ,0 5
80	15 0 1 1 1 0 ,7 3,8 4,15 2
81	2 1 1 0 1 0 ,5 4,12 2,23 1
83	16 0 0 1 0 0 ,7 3
84	15 0 0 0 0 2 ,0 5,8 5
85	5 0 0 0 0 2 ,9 5,20 5
88	9 0 1 0 0 0 ,24 2
92	1 2 0 0 0 0 ,19 1,20 1
93	23 0 0 0 1 0 ,14 4
95	23 0 0 0 0 1 ,14 5
96	5 0 0 1 1 0 ,4 4,17 3
97	2 1 0 1 0 0 ,21 3,23 1
98	16 0 0 1 0 1 ,6 5,15 3
99	15 0 0 0 1 0 ,18 4
