0	14 1 0 0 0 4 ,5 5,6 1,13 5,17 5,26 5
1	15 0 0 1 0 0 ,19 3
2	17 0 0 0 0 1 ,37 5
3	11 1 0 1 0 0 ,18 3,32 1
4	14 0 0 1 1 0 ,27 4,37 3
5	15 1 0 0 0 0 ,19 1
6	6 0 2 0 0 1 ,15 2,17 5,35 2
7	22 0 0 0 0 1 ,12 5
10	11 0 2 0 1 0 ,22 2,30 2,36 4
11	18 0 0 0 1 0 ,35 4
12	11 1 0 0 0 0 ,32 1
13	17 0 1 0 0 1 ,22 5,34 2
14	12 1 0 0 0 0 ,10 1
15	11 1 0 0 0 0 ,31 1
16	9 0 0 1 0 0 ,21 3
18	10 0 0 1 0 1 ,33 3,38 5
19	11 0 0 1 1 0 ,7 3,12 4
20	17 0 0 0 1 0 ,30 4
21	14 0 0 0 1 1 ,6 5,33 4
22	12 0 2 1 1 0 ,8 2,12 2,18 4,26 3
23	14 2 1 0 0 1 ,5 1,18 5,19 2,33 1
24	2 0 2 0 1 0 ,16 2,21 2,23 4
27	15 1 0 0 0 1 ,4 5,19 1
28	6 1 0 2 1 1 ,3 4,13 3,25 1,32 3,38 5
29	14 0 0 0 1 1 ,23 5,26 4
31	16 0 0 1 0 0 ,33 3
32	15 0 0 0 0 1 ,19 5
33	10 1 1 1 1 0 ,3 2,4 4,6 3,29 1
35	6 0 0 1 0 0 ,25 3
36	11 2 0 0 0 1 ,3 1,31 1,35 5
37	12 1 0 0 0 0 ,10 1
38	4 0 1 0 1 0 ,0 2,24 4
40	11 0 0 1 0 0 ,32 3
41	5 0 1 0 0 2 ,4 2,28 5,37 5
43	17 0 1 0 0 0 ,30 2
44	6 1 3 1 0 1 ,7 2,10 3,12 5,17 1,23 2,25 2
45	18 1 0 0 0 0 ,18 1
47	19 0 0 1 0 1 ,12 3,22 5
50	10 0 0 0 3 0 ,7 4,27 4,29 4
51	11 1 0 0 0 0 ,7 1
53	11 0 0 0 0 1 ,31 5
57	9 0 0 0 2 1 ,3 4,11 4,29 5
58	18 0 1 0 0 0 ,35 2
59	16 0 0 0 1 1 ,4 4,13 5
60	3 1 0 2 2 0 ,2 3,17 3,34 4,36 4,37 1
61	16 1 0 0 0 0 ,33 1
62	5 1 0 1 0 0 ,20 1,22 3
63	17 0 0 0 1 0 ,34 4
65	12 0 1 1 0 1 ,5 2,10 3,34 5
67	17 0 0 1 1 0 ,3 4,37 3
68	5 1 0 3 1 0 ,19 3,20 3,21 3,33 4,36 1
72	14 1 0 1 1 0 ,12 3,17 4,27 1
74	2 0 1 0 0 0 ,1 2
75	4 1 0 0 0 0 ,0 1
76	14 1 0 0 0 0 ,24 1
77	3 0 0 1 0 0 ,9 3
79	5 1 0 0 0 0 ,20 1
80	9 0 0 1 1 0 ,11 3,24 4
81	17 1 0 0 0 1 ,23 1,30 5
82	14 0 0 0 1 1 ,6 5,22 4
83	9 1 0 0 1 1 ,8 4,18 5,21 1
84	3 1 1 0 0 0 ,14 1,34 2
85	9 0 1 0 0 0 ,11 2
86	4 1 0 0 1 2 ,0 1,5 4,8 5,35 5
87	6 0 0 0 1 0 ,15 4
88	14 0 0 2 0 1 ,3 3,4 3,27 5
89	12 1 0 0 1 0 ,8 1,30 4
91	14 0 1 0 0 1 ,17 5,26 2
92	12 0 0 0 1 0 ,10 4
93	11 0 1 0 0 0 ,36 2
96	14 0 0 1 0 2 ,13 3,23 5,24 5
97	11 1 1 0 0 0 ,5 2,7 1
98	3 0 1 0 0 0 ,14 2
99	11 0 0 1 1 0 ,31 4,32 3
