0	13 0 0 0 1 0 ,10 4
1	11 1 2 0 0 1 ,12 1,23 2,28 2,30 5
2	11 0 0 0 1 1 ,10 4,12 5
3	7 1 0 0 1 0 ,13 1,20 4
4	8 1 0 0 0 0 ,18 1
5	20 0 0 1 0 0 ,28 3
7	20 0 0 0 0 1 ,9 5
9	3 0 1 1 0 0 ,2 2,32 3
10	8 0 1 1 0 0 ,17 3,30 2
12	12 0 0 0 0 1 ,14 5
13	6 1 1 0 0 0 ,4 2,18 1
14	2 0 1 0 0 0 ,16 2
15	8 0 0 1 0 0 ,17 3
16	20 0 0 0 0 1 ,7 5
19	11 1 0 0 0 0 ,12 1
20	8 2 0 0 0 0 ,25 1,30 1
21	17 0 1 0 0 0 ,32 2
23	12 0 1 0 1 0 ,14 2,23 4
24	6 1 0 0 0 1 ,4 1,11 5
25	15 0 0 0 0 1 ,24 5
26	3 0 1 0 0 0 ,19 2
27	21 0 0 0 0 1 ,22 5
28	18 0 0 1 0 1 ,1 5,22 3
29	15 0 0 0 1 0 ,24 4
31	7 1 0 0 0 1 ,13 5,14 1
32	13 0 1 0 0 0 ,23 2
33	8 0 1 0 0 0 ,18 2
34	20 0 0 0 1 0 ,7 4
38	20 0 0 0 1 0 ,9 4
39	3 0 1 1 1 1 ,1 5,9 2,20 4,21 3
40	15 0 1 0 0 1 ,22 5,24 2
42	4 0 0 0 1 1 ,11 5,31 4
43	20 0 0 0 1 0 ,7 4
45	13 0 1 0 0 1 ,8 2,10 5
46	19 0 1 0 0 0 ,26 2
47	11 0 1 0 1 0 ,1 2,12 4
48	8 2 0 0 0 0 ,24 1,27 1
49	2 0 1 1 0 0 ,0 2,4 3
50	3 1 0 0 0 0 ,19 1
51	16 0 0 0 1 0 ,30 4
52	3 0 2 0 0 0 ,7 2,15 2
55	22 0 1 0 0 0 ,11 2
56	17 0 0 0 1 0 ,32 4
59	8 0 0 0 1 1 ,18 4,20 5
61	7 3 1 0 0 0 ,7 1,13 1,20 2,26 1
65	3 1 0 1 1 0 ,2 1,9 4,27 3
67	19 0 1 0 0 0 ,26 2
68	3 0 1 0 0 0 ,5 2
71	13 0 1 0 0 0 ,8 2
73	5 0 0 0 1 1 ,29 5,32 4
74	15 1 0 0 0 0 ,24 1
75	3 1 0 0 1 2 ,15 1,22 5,23 5,30 4
76	8 0 0 0 1 0 ,3 4
77	18 0 0 2 0 1 ,1 3,11 3,28 5
78	8 1 0 0 1 0 ,17 1,32 4
80	19 0 1 0 0 0 ,20 2
81	8 0 1 0 0 0 ,25 2
82	8 1 0 0 0 0 ,17 1
83	18 0 0 1 0 0 ,1 3
84	13 1 0 0 1 0 ,8 1,26 4
85	13 0 0 2 0 0 ,8 3,22 3
86	20 0 0 1 0 0 ,9 3
87	12 0 0 0 1 0 ,14 4
88	8 0 0 0 1 0 ,27 4
89	8 0 0 0 1 0 ,3 4
91	19 0 1 0 0 0 ,20 2
92	5 0 1 0 0 3 ,6 5,11 2,25 5,26 5
93	20 0 1 0 1 0 ,9 2,28 4
94	20 0 1 0 0 0 ,28 2
95	3 1 0 0 0 2 ,5 1,11 5,26 5
96	15 0 1 0 0 0 ,24 2
97	20 0 0 0 2 0 ,7 4,28 4
99	13 0 0 0 0 1 ,8 5
