0	12 1 0 0 0 0 ,10 1
1	20 0 1 0 0 0 ,18 2
2	14 1 0 0 0 0 ,17 1
3	8 0 1 0 2 0 ,2 4,6 4,21 2
5	12 0 1 0 0 0 ,6 2
6	12 0 0 0 1 0 ,10 4
7	15 0 1 0 0 0 ,8 2
8	9 0 0 0 1 0 ,22 4
9	12 1 0 0 0 1 ,10 5,19 1
12	12 1 0 0 0 0 ,10 1
13	4 0 1 0 0 0 ,20 2
14	20 0 0 0 1 0 ,21 4
15	18 0 0 0 0 1 ,19 5
18	18 0 0 0 1 0 ,19 4
19	2 0 1 0 1 0 ,0 2,5 4
20	20 1 0 0 0 0 ,11 1
21	18 0 1 0 0 0 ,19 2
22	15 1 0 0 0 0 ,8 1
23	9 0 0 1 0 0 ,22 3
26	3 0 0 1 0 2 ,1 3,17 5,18 5
27	12 1 0 0 0 0 ,10 1
28	10 0 0 1 0 0 ,9 3
29	14 0 0 0 1 0 ,7 4
30	7 0 1 0 0 0 ,14 2
32	12 1 0 0 0 0 ,6 1
33	18 0 0 0 1 1 ,11 5,19 4
34	20 0 0 0 0 1 ,21 5
37	15 0 0 0 1 0 ,8 4
38	5 1 0 0 0 0 ,5 1
41	8 0 0 0 2 0 ,15 4,17 4
42	14 0 1 0 0 1 ,13 5,16 2
48	7 0 1 1 0 0 ,3 3,9 2
49	15 0 1 0 0 0 ,8 2
52	20 0 1 0 0 0 ,11 2
54	7 0 1 0 0 0 ,14 2
56	8 1 1 0 0 1 ,8 1,11 5,15 2
58	10 0 0 0 1 0 ,9 4
59	8 1 0 0 0 0 ,4 1
63	8 0 0 0 1 0 ,2 4
65	14 0 0 0 1 1 ,11 5,17 4
67	18 0 1 0 0 0 ,19 2
68	8 1 0 0 0 0 ,4 1
71	14 0 0 0 0 1 ,16 5
74	4 0 1 0 0 0 ,20 2
76	12 0 0 0 0 1 ,6 5
77	14 0 0 1 0 1 ,8 5,16 3
78	20 0 0 0 0 1 ,21 5
80	10 1 0 0 0 0 ,9 1
82	7 0 1 1 1 0 ,3 4,14 3,15 2
83	2 1 1 0 0 0 ,12 2,21 1
84	14 0 0 1 1 0 ,16 4,21 3
85	20 0 0 1 0 0 ,18 3
87	14 0 0 0 0 2 ,7 5,18 5
88	20 0 0 0 0 1 ,18 5
89	14 0 0 0 0 1 ,7 5
90	8 0 0 2 0 0 ,4 3,13 3
92	8 0 1 1 0 0 ,4 3,22 2
93	17 0 0 0 1 0 ,13 4
95	17 0 0 0 0 1 ,13 5
99	20 0 1 0 0 0 ,11 2
