0	8 0 0 1 0 0 ,0 3
1	17 0 0 0 1 0 ,17 4
4	5 1 0 0 0 0 ,19 1
6	8 2 0 0 0 1 ,0 5,4 1,14 1
7	6 0 0 1 0 0 ,11 3
9	11 0 0 0 1 0 ,15 4
12	16 0 1 0 0 0 ,6 2
14	9 0 1 0 0 0 ,12 2
16	14 0 0 0 0 1 ,20 5
17	16 0 0 1 0 0 ,6 3
20	14 1 0 0 0 0 ,20 1
22	1 1 0 0 0 0 ,16 1
24	12 0 1 0 0 1 ,7 2,14 5
25	14 0 1 0 1 0 ,5 2,20 4
26	9 0 0 1 1 0 ,12 3,17 4
27	8 1 1 0 0 0 ,9 1,17 2
28	16 0 0 1 0 0 ,6 3
29	9 0 0 0 1 0 ,12 4
31	13 0 0 0 1 1 ,1 5,6 4
32	3 0 0 1 1 0 ,1 4,13 3
34	14 0 0 0 0 1 ,4 5
37	13 0 1 0 0 0 ,1 2
39	15 0 0 0 1 0 ,7 4
42	14 0 0 1 0 0 ,4 3
45	19 0 0 0 1 0 ,5 4
49	19 0 0 1 0 0 ,5 3
50	6 0 1 1 0 0 ,4 2,11 3
53	11 1 0 0 0 0 ,15 1
55	8 0 2 1 0 0 ,1 2,9 2,17 3
56	11 0 0 0 1 0 ,15 4
59	19 0 0 1 0 0 ,5 3
60	14 0 0 0 1 0 ,20 4
61	2 0 2 0 0 0 ,3 2,15 2
64	15 0 1 0 0 0 ,7 2
71	3 1 0 0 0 1 ,2 5,8 1
72	12 0 0 1 0 0 ,14 3
73	5 0 0 0 0 2 ,9 5,10 5
77	5 0 0 1 1 0 ,17 4,19 3
78	15 0 0 1 0 0 ,7 3
81	1 1 0 1 0 0 ,4 3,18 1
84	10 0 0 0 1 0 ,2 4
86	16 0 0 0 1 0 ,6 4
90	3 0 1 0 0 0 ,8 2
91	5 1 0 0 1 0 ,5 4,19 1
96	19 0 0 1 0 0 ,5 3
98	12 0 0 1 0 0 ,14 3
99	10 1 0 0 1 0 ,2 1,7 4
