0	12 0 1 0 1 0 ,4 4,29 2
3	10 0 1 1 0 0 ,11 2,28 3
4	12 0 1 0 0 0 ,4 2
5	14 0 0 1 0 0 ,21 3
6	9 0 0 0 1 1 ,8 4,16 5
7	12 0 0 1 0 0 ,19 3
8	20 0 0 0 1 0 ,18 4
9	10 1 2 0 1 0 ,18 4,22 1,23 2,28 2
10	12 0 0 0 0 1 ,19 5
11	18 1 0 0 0 0 ,3 1
12	11 2 0 0 0 1 ,11 1,12 1,24 5
13	14 0 0 0 1 0 ,21 4
14	14 0 0 0 1 1 ,21 5,27 4
16	15 0 1 0 0 1 ,5 5,14 2
18	5 0 0 2 0 1 ,3 3,9 5,15 3
19	12 1 0 0 0 0 ,19 1
20	5 0 0 0 1 2 ,7 5,16 5,25 4
22	17 0 1 0 0 1 ,11 5,27 2
23	17 1 0 0 0 0 ,27 1
24	11 1 0 0 1 0 ,17 4,24 1
27	8 1 0 0 0 0 ,30 1
28	12 0 0 1 0 0 ,2 3
29	15 0 1 0 0 0 ,5 2
30	17 0 1 0 0 0 ,27 2
31	10 1 0 0 1 0 ,13 1,29 4
33	15 0 0 1 0 1 ,5 3,11 5
34	11 0 0 1 0 1 ,19 3,24 5
35	9 0 0 1 1 0 ,8 4,12 3
36	7 0 2 0 0 0 ,14 2,26 2
37	8 0 0 0 1 1 ,20 5,29 4
38	19 0 0 0 1 0 ,16 4
39	8 0 0 1 0 0 ,30 3
40	5 0 1 1 0 1 ,3 3,10 5,18 2
41	17 0 0 1 0 0 ,27 3
42	8 0 1 1 0 1 ,5 2,20 3,28 5
43	8 0 1 0 1 0 ,6 2,11 4
45	12 0 0 1 0 0 ,17 3
46	18 0 0 0 1 0 ,14 4
48	12 0 0 1 0 1 ,2 5,5 3
49	10 0 0 1 0 0 ,13 3
50	10 0 0 1 0 0 ,22 3
51	12 0 0 1 1 0 ,4 3,11 4
53	15 1 0 0 0 0 ,29 1
56	12 0 0 0 0 1 ,17 5
60	10 0 0 2 0 0 ,14 3,22 3
61	7 0 0 0 1 1 ,12 4,26 5
63	6 0 0 1 0 0 ,0 3
64	6 0 0 1 0 0 ,0 3
66	17 0 0 0 1 1 ,12 4,14 5
68	14 0 1 0 0 0 ,21 2
69	17 0 0 1 0 0 ,12 3
70	9 1 1 0 1 0 ,2 4,4 2,8 1
71	20 0 0 0 1 0 ,18 4
72	2 0 1 0 0 0 ,1 2
73	19 1 0 0 0 0 ,16 1
74	10 0 0 1 2 0 ,3 4,22 3,29 4
75	8 0 1 2 0 0 ,6 3,14 2,18 3
76	8 0 0 0 1 0 ,30 4
77	19 0 0 0 1 0 ,16 4
79	8 0 0 1 1 0 ,23 3,25 4
84	8 0 0 1 0 0 ,6 3
87	14 0 1 0 0 0 ,23 2
90	14 0 0 1 0 1 ,23 3,27 5
91	10 0 2 0 1 0 ,3 2,12 2,13 4
93	18 0 0 0 0 1 ,3 5
95	12 1 0 0 0 0 ,4 1
96	14 0 0 0 1 0 ,23 4
97	20 0 0 1 0 0 ,18 3
98	10 0 1 0 0 0 ,13 2
99	5 0 1 0 0 0 ,15 2
