4	16 0 0 0 0 1 ,9 5
8	4 1 1 0 0 0 ,2 2,3 1
9	6 1 1 0 0 0 ,6 1,16 2
10	3 0 0 1 1 0 ,14 3,16 4
11	5 0 0 1 0 0 ,15 3
14	11 0 0 0 0 1 ,5 5
18	18 0 0 0 1 0 ,12 4
19	2 0 1 1 0 0 ,3 3,11 2
23	16 0 0 0 1 0 ,9 4
25	16 0 0 1 0 0 ,9 3
27	11 1 0 0 0 0 ,5 1
28	18 0 1 1 0 0 ,12 2,16 3
35	18 1 0 0 0 0 ,12 1
37	5 0 1 0 0 0 ,15 2
42	6 0 0 1 0 0 ,6 3
44	9 0 0 0 0 1 ,4 5
45	9 1 0 1 0 0 ,7 3,8 1
47	5 0 0 0 0 1 ,1 5
52	18 0 1 0 0 0 ,12 2
56	18 0 0 0 1 1 ,12 4,16 5
57	16 1 0 0 0 0 ,9 1
59	18 0 0 0 0 1 ,7 5
60	11 1 0 0 0 0 ,5 1
62	9 0 0 0 1 0 ,10 4
64	9 1 0 0 0 0 ,0 1
65	9 0 0 0 0 1 ,8 5
66	9 0 1 1 0 0 ,0 2,8 3
69	18 2 0 0 0 0 ,7 1,16 1
74	11 1 0 0 0 0 ,5 1
78	9 1 0 0 0 0 ,10 1
79	9 0 0 0 0 1 ,0 5
80	9 0 0 0 1 0 ,10 4
81	6 0 1 0 0 0 ,6 2
82	18 0 0 0 1 0 ,7 4
83	5 0 0 0 0 1 ,13 5
84	18 0 1 0 0 0 ,7 2
89	9 0 0 0 2 0 ,4 4,16 4
92	7 0 0 0 0 1 ,2 5
93	18 0 0 1 0 1 ,7 3,12 5
96	9 1 0 2 0 0 ,0 1,5 3,9 3
