1	16 0 0 0 1 1 ,9 5,20 4
5	9 1 0 0 1 0 ,14 1,16 4
8	10 1 0 0 1 0 ,5 1,20 4
9	15 0 0 0 1 0 ,16 4
12	10 0 0 0 1 0 ,11 4
13	13 0 0 0 1 0 ,22 4
14	15 1 1 0 0 0 ,16 1,17 2
16	16 0 0 0 0 1 ,23 5
17	15 0 1 0 0 0 ,7 2
18	13 1 0 0 0 0 ,15 1
19	16 1 0 0 1 0 ,6 1,19 4
20	10 0 0 0 2 0 ,2 4,5 4
22	16 1 0 0 1 0 ,8 1,9 4
23	10 0 0 0 0 1 ,3 5
24	7 0 1 0 1 0 ,20 4,24 2
25	11 1 0 0 0 0 ,2 1
27	5 1 0 0 0 1 ,4 1,21 5
28	11 0 0 0 1 0 ,13 4
31	10 0 1 0 0 0 ,5 2
35	11 1 0 0 0 1 ,2 1,6 5
37	2 0 1 0 1 0 ,1 2,6 4
38	16 1 0 0 0 0 ,19 1
40	10 0 0 1 1 0 ,5 3,7 4
41	19 0 0 0 0 1 ,8 5
42	5 0 0 0 1 1 ,4 4,16 5
43	16 0 0 0 2 0 ,9 4,19 4
44	13 0 2 0 0 0 ,15 2,21 2
45	11 0 1 0 0 0 ,13 2
46	13 0 0 1 0 0 ,15 3
47	13 0 0 0 1 0 ,22 4
48	15 0 0 1 0 0 ,7 3
49	19 0 0 0 0 1 ,8 5
50	15 0 1 0 0 1 ,7 2,17 5
51	15 0 0 0 1 0 ,21 4
55	9 0 1 0 0 0 ,14 2
56	9 1 0 0 0 0 ,0 1
60	2 0 1 0 0 0 ,18 2
61	4 0 2 0 0 0 ,6 2,10 2
63	9 1 0 0 0 2 ,3 5,14 1,22 5
64	11 1 0 0 0 0 ,13 1
66	18 0 0 1 0 0 ,17 3
67	7 0 0 2 0 0 ,15 3,24 3
68	10 0 0 1 0 0 ,11 3
69	13 0 1 0 0 0 ,15 2
70	9 0 0 1 0 1 ,11 3,14 5
73	11 0 0 2 0 0 ,9 3,13 3
74	15 1 0 0 0 0 ,21 1
75	21 0 0 0 1 0 ,20 4
77	19 0 1 0 0 0 ,8 2
81	16 0 0 0 1 0 ,23 4
83	17 0 1 0 1 0 ,6 4,8 2
84	18 1 0 0 0 0 ,17 1
85	4 0 2 0 0 1 ,10 2,12 5,15 2
86	7 0 1 0 0 0 ,24 2
88	18 0 0 0 0 1 ,17 5
90	9 1 0 0 1 1 ,0 4,13 1,23 5
91	11 0 1 0 0 1 ,2 5,17 2
94	16 1 0 0 0 0 ,19 1
95	9 0 0 0 3 0 ,0 4,7 4,8 4
96	15 1 1 0 0 0 ,16 1,23 2
97	15 1 0 1 0 0 ,19 1,21 3
98	16 1 0 0 0 2 ,6 1,19 5,20 5
