0	15 0 1 0 0 0 ,15 2
2	9 0 0 0 1 0 ,2 4
3	4 0 1 0 0 0 ,26 2
4	11 1 0 0 0 0 ,19 1
6	10 0 1 0 0 0 ,0 2
7	10 0 0 0 0 1 ,17 5
8	11 0 0 0 1 1 ,21 5,24 4
10	5 1 0 0 2 0 ,9 4,16 4,22 1
12	18 1 0 0 0 0 ,4 1
13	7 1 0 0 1 0 ,1 1,14 4
14	4 1 0 0 0 0 ,26 1
15	18 0 0 0 1 0 ,5 4
16	14 0 1 0 0 0 ,9 2
19	5 1 0 0 0 0 ,22 1
21	11 0 1 1 1 0 ,18 2,19 4,20 3
22	9 1 0 1 1 0 ,12 3,19 1,25 4
23	4 1 0 0 0 0 ,26 1
24	8 1 0 0 0 0 ,16 1
25	16 0 1 0 0 0 ,7 2
26	5 1 0 0 1 0 ,10 1,12 4
27	18 0 1 0 0 0 ,5 2
28	12 0 0 0 1 0 ,3 4
29	9 0 0 1 0 3 ,2 5,7 3,15 5,24 5
30	12 0 0 1 0 0 ,18 3
31	22 0 0 0 1 0 ,24 4
32	12 1 0 0 0 0 ,1 1
34	15 0 0 0 1 0 ,15 4
35	10 0 0 1 0 0 ,17 3
37	16 1 0 1 0 0 ,4 3,7 1
39	5 1 1 1 0 0 ,1 3,9 2,10 1
41	5 0 0 2 0 0 ,5 3,10 3
43	14 0 0 0 1 0 ,20 4
45	8 1 0 0 0 0 ,16 1
46	11 0 1 1 0 0 ,4 3,13 2
47	14 0 0 0 1 0 ,20 4
48	9 1 0 0 0 0 ,11 1
50	16 0 1 0 0 0 ,7 2
51	21 0 0 0 0 1 ,12 5
52	11 1 0 1 0 1 ,1 1,5 5,13 3
53	12 1 0 0 0 0 ,1 1
55	10 0 1 0 0 0 ,17 2
56	12 1 0 0 0 0 ,18 1
57	18 0 0 0 1 0 ,4 4
59	12 0 0 1 0 1 ,1 5,18 3
60	21 0 0 0 1 0 ,12 4
61	18 0 1 0 0 0 ,4 2
62	12 0 0 0 0 1 ,3 5
63	10 0 0 0 2 0 ,0 4,7 4
64	21 0 1 0 0 0 ,12 2
65	10 0 0 1 1 0 ,0 4,20 3
66	9 0 0 0 0 1 ,11 5
67	5 0 0 2 0 1 ,18 3,22 3,25 5
69	11 0 0 0 1 1 ,13 4,21 5
70	11 1 0 0 0 0 ,13 1
72	18 1 0 0 0 0 ,5 1
73	11 0 0 0 0 1 ,19 5
74	21 0 0 1 0 0 ,12 3
76	9 0 0 1 1 0 ,9 4,11 3
79	18 0 0 1 0 0 ,5 3
80	4 0 0 0 1 0 ,6 4
83	11 1 0 0 0 0 ,13 1
84	22 0 0 0 1 0 ,24 4
86	7 1 1 1 0 0 ,14 1,16 2,24 3
87	7 0 2 0 0 0 ,3 2,14 2
88	15 0 0 0 1 0 ,15 4
89	4 0 0 0 1 0 ,8 4
90	4 0 0 0 1 0 ,23 4
91	11 1 0 0 0 1 ,4 5,21 1
95	22 0 1 0 0 0 ,24 2
97	12 1 0 0 0 0 ,3 1
98	16 0 0 0 1 0 ,7 4
99	14 0 1 0 0 0 ,9 2
