1	20 0 0 1 0 0 ,20 3
2	11 0 1 0 1 1 ,4 5,25 2,29 4
3	8 1 0 0 0 2 ,14 5,25 5,28 1
4	17 0 0 1 0 0 ,7 3
5	12 0 0 0 1 0 ,26 4
6	17 1 0 0 0 0 ,8 1
8	15 1 0 0 0 0 ,19 1
9	10 0 0 0 1 1 ,18 5,22 4
10	10 0 0 0 0 1 ,0 5
14	15 1 0 1 0 0 ,16 1,20 3
15	17 0 0 1 0 0 ,29 3
16	5 0 0 0 0 2 ,10 5,20 5
17	2 1 1 0 0 0 ,17 2,19 1
18	12 2 1 0 0 0 ,19 2,25 1,26 1
19	12 0 1 0 0 0 ,26 2
23	6 0 1 0 0 0 ,3 2
24	15 0 0 0 1 0 ,13 4
26	12 0 1 1 0 0 ,6 2,11 3
28	12 0 1 0 0 0 ,18 2
29	3 0 0 1 0 0 ,5 3
30	15 0 1 0 1 0 ,8 2,13 4
31	17 0 0 0 1 0 ,8 4
33	15 0 0 0 0 1 ,16 5
35	15 0 0 1 0 0 ,16 3
36	4 0 1 1 0 0 ,6 3,27 2
37	13 0 0 0 2 0 ,6 4,7 4
38	15 1 0 1 0 0 ,13 1,29 3
40	4 0 2 1 0 0 ,4 3,9 2,27 2
41	10 1 0 1 0 1 ,0 3,4 1,28 5
43	10 1 0 1 0 1 ,6 1,11 3,22 5
49	2 0 1 1 0 0 ,2 3,24 2
50	2 0 1 0 0 1 ,15 2,28 5
54	12 0 2 0 1 0 ,7 4,11 2,13 2
55	4 2 0 0 1 0 ,12 4,25 1,26 1
56	8 0 1 1 0 1 ,14 3,19 5,29 2
57	13 0 1 1 1 0 ,2 3,19 4,29 2
58	17 0 0 0 1 0 ,7 4
60	1 1 0 0 0 0 ,1 1
61	20 0 0 0 0 1 ,20 5
62	13 0 0 1 0 0 ,6 3
63	17 0 0 1 0 0 ,8 3
66	7 0 1 1 0 0 ,9 2,13 3
67	13 0 1 0 0 1 ,2 5,8 2
68	10 0 1 0 0 0 ,0 2
69	12 0 0 0 1 0 ,11 4
70	10 1 0 0 1 0 ,22 1,25 4
72	6 0 1 0 1 0 ,3 4,16 2
73	12 0 0 0 1 0 ,26 4
75	17 0 0 0 0 1 ,8 5
76	12 0 0 0 0 1 ,18 5
77	3 0 0 1 0 0 ,21 3
78	14 1 0 0 0 0 ,25 1
79	17 0 1 0 0 0 ,7 2
84	17 0 0 1 0 0 ,29 3
86	17 0 0 0 0 1 ,28 5
87	15 0 1 0 0 0 ,19 2
89	3 0 1 2 0 0 ,9 3,16 2,23 3
90	11 0 1 0 0 0 ,4 2
95	13 0 1 0 1 0 ,2 2,20 4
96	15 1 1 0 0 0 ,16 2,28 1
97	15 1 0 0 0 0 ,13 1
