0	13 0 1 0 0 0 ,14 2
6	9 0 0 1 2 0 ,19 4,31 4,33 3
9	16 0 0 0 0 1 ,18 5
10	9 0 0 0 1 0 ,19 4
11	19 0 1 0 0 0 ,24 2
12	1 1 0 0 0 0 ,27 1
13	13 0 0 0 0 1 ,33 5
14	4 0 0 1 1 0 ,20 4,29 3
15	19 0 0 0 0 1 ,24 5
16	4 0 0 0 1 0 ,35 4
18	10 1 1 0 0 2 ,1 5,9 5,12 2,28 1
19	10 0 0 0 1 0 ,36 4
20	12 0 0 0 0 1 ,25 5
23	19 0 0 0 0 2 ,24 5,31 5
24	8 0 0 0 1 1 ,5 5,22 4
25	10 1 0 0 0 0 ,13 1
26	2 0 1 1 0 1 ,7 2,13 5,36 3
27	8 0 1 2 0 1 ,1 5,14 2,24 3,32 3
28	15 1 0 1 0 0 ,3 3,10 1
29	9 0 1 0 0 0 ,4 2
30	18 0 1 0 0 0 ,5 2
32	3 0 0 1 2 0 ,0 3,18 4,25 4
35	3 1 0 0 0 0 ,6 1
36	15 0 0 0 1 0 ,3 4
37	9 0 0 0 1 1 ,2 5,4 4
38	16 0 0 1 0 0 ,23 3
40	4 1 0 0 0 0 ,29 1
41	7 0 0 0 1 0 ,15 4
43	16 0 0 1 0 1 ,1 5,23 3
44	10 0 1 1 0 1 ,12 5,24 2,36 3
46	13 0 0 0 1 0 ,2 4
47	10 1 0 0 0 0 ,12 1
48	16 0 0 1 0 0 ,18 3
49	10 0 0 1 0 0 ,13 3
50	16 0 1 0 0 0 ,18 2
51	12 0 0 1 0 0 ,30 3
53	21 1 0 0 0 0 ,1 1
55	12 0 0 0 0 2 ,21 5,31 5
57	4 0 1 1 2 0 ,5 4,10 3,11 4,28 2
58	17 0 0 0 1 0 ,10 4
59	21 0 1 0 0 0 ,1 2
60	9 1 0 0 0 0 ,19 1
62	11 0 0 0 1 1 ,3 4,26 5
64	10 0 2 0 0 1 ,9 5,12 2,28 2
65	7 1 0 1 0 1 ,13 1,15 3,23 5
66	17 0 0 0 1 0 ,10 4
67	12 0 0 0 0 1 ,21 5
68	12 0 0 1 1 0 ,9 4,25 3
69	9 0 0 1 0 0 ,4 3
73	10 0 1 0 1 0 ,17 2,30 4
74	2 1 0 0 0 0 ,34 1
75	2 0 1 0 1 0 ,16 2,17 4
76	12 0 0 0 1 0 ,30 4
77	13 0 1 0 0 0 ,33 2
78	8 1 1 0 1 2 ,2 4,10 5,28 1,31 5,32 2
79	18 0 1 0 0 0 ,5 2
80	16 0 1 0 0 0 ,18 2
82	18 0 0 0 0 1 ,5 5
83	11 0 0 0 0 2 ,26 5,28 5
84	11 1 0 0 0 0 ,26 1
85	12 0 2 0 0 0 ,21 2,24 2
87	11 0 0 0 0 1 ,20 5
90	2 2 0 0 0 0 ,30 1,34 1
91	10 0 0 1 0 1 ,14 5,17 3
92	13 1 0 0 0 0 ,14 1
93	13 0 0 1 0 1 ,14 3,23 5
94	10 1 0 1 0 0 ,1 3,17 1
95	1 1 0 0 0 0 ,8 1
96	8 0 0 1 1 0 ,22 4,32 3
98	13 0 0 1 0 0 ,33 3
99	3 0 2 0 1 0 ,3 4,6 2,20 2
