1	14 0 1 0 0 0 ,26 2
2	19 1 0 0 0 0 ,19 1
3	16 1 0 0 0 0 ,12 1
6	16 0 0 0 0 1 ,0 5
11	21 0 0 0 1 0 ,21 4
12	16 0 1 0 1 1 ,6 2,14 4,28 5
13	21 0 1 0 0 0 ,21 2
15	11 0 1 0 0 0 ,24 2
17	20 1 0 0 0 0 ,17 1
18	20 0 0 0 0 1 ,5 5
19	16 1 0 0 0 0 ,0 1
20	14 0 0 0 0 1 ,26 5
21	10 0 0 1 2 0 ,13 4,25 3,28 4
23	16 0 0 0 1 0 ,7 4
24	16 0 2 1 0 1 ,4 2,6 3,7 2,10 5
25	4 0 0 1 1 0 ,3 4,9 3
26	8 1 1 1 0 0 ,9 2,10 1,18 3
27	15 0 1 0 0 0 ,29 2
28	10 0 1 0 0 0 ,18 2
29	15 1 0 0 0 1 ,12 1,29 5
31	10 1 0 0 0 1 ,6 1,18 5
32	1 1 0 0 0 2 ,7 5,15 1,23 5
33	6 2 0 1 0 0 ,2 1,12 1,19 3
34	15 0 1 0 2 0 ,0 2,10 4,20 4
35	16 0 0 0 1 0 ,12 4
36	10 0 1 1 0 0 ,11 3,22 2
37	7 0 1 1 0 1 ,5 2,16 5,25 3
40	11 0 0 1 0 0 ,8 3
42	9 0 0 1 1 0 ,1 4,11 3
44	16 0 0 0 1 0 ,12 4
45	17 0 0 1 0 0 ,11 3
46	17 0 0 1 0 1 ,11 3,17 5
48	14 2 0 0 1 0 ,0 4,6 1,25 1
49	15 0 0 1 0 0 ,20 3
50	14 1 0 1 0 1 ,10 5,25 3,26 1
51	17 0 0 0 0 1 ,11 5
52	15 0 0 0 1 2 ,19 4,20 5,21 5
53	11 0 0 0 0 1 ,8 5
55	20 0 0 1 0 0 ,17 3
56	15 0 1 0 0 0 ,20 2
57	9 1 0 1 1 0 ,1 4,23 3,24 1
58	20 0 0 0 1 0 ,5 4
59	20 0 0 0 1 0 ,5 4
61	15 1 0 0 0 0 ,20 1
62	14 0 0 0 1 0 ,25 4
63	14 0 1 0 0 1 ,14 5,26 2
65	11 1 0 2 0 0 ,4 3,24 3,28 1
66	12 0 0 0 3 1 ,14 4,17 5,27 4,29 4
67	11 0 0 1 0 0 ,8 3
69	6 0 0 1 1 1 ,2 3,19 4,24 5
70	16 0 1 0 0 0 ,14 2
72	10 0 0 0 0 1 ,22 5
73	16 1 0 0 1 0 ,6 4,7 1
74	12 1 0 0 1 0 ,26 4,27 1
76	10 0 0 1 0 0 ,13 3
77	16 0 0 0 2 0 ,0 4,4 4
78	6 1 2 1 0 0 ,2 1,17 3,22 2,29 2
79	12 1 0 1 0 1 ,12 5,27 3,29 1
83	9 1 0 0 1 0 ,1 1,21 4
85	17 0 0 0 1 0 ,4 4
86	19 1 0 0 1 0 ,19 4,21 1
88	15 1 0 0 0 0 ,29 1
89	16 0 0 1 0 1 ,6 5,28 3
90	6 1 0 2 2 0 ,2 1,4 4,19 3,27 4,28 3
92	13 0 0 0 0 1 ,23 5
93	8 0 0 1 0 2 ,5 5,9 3,21 5
95	16 1 0 0 0 0 ,14 1
97	20 0 0 1 0 0 ,17 3
98	7 0 1 1 1 0 ,7 4,13 3,16 2
99	10 1 0 0 0 1 ,10 5,22 1
