0	9 1 1 0 0 0 ,4 2,14 1
1	8 0 0 1 0 0 ,23 3
2	14 0 1 0 0 0 ,9 2
3	19 1 0 0 0 1 ,5 1,18 5
4	8 0 0 0 0 1 ,21 5
5	5 0 0 2 0 1 ,29 5,33 3,39 3
6	10 1 1 1 0 1 ,14 3,15 1,29 5,38 2
9	17 0 0 0 0 1 ,11 5
11	19 0 1 0 0 0 ,18 2
14	20 0 0 0 0 1 ,5 5
16	6 1 0 0 1 0 ,2 1,3 4
18	5 2 0 0 0 0 ,25 1,30 1
19	10 0 1 0 0 1 ,19 2,22 5
21	14 0 1 0 0 1 ,12 5,19 2
22	13 0 0 0 0 1 ,38 5
23	5 1 1 1 0 0 ,5 3,10 2,14 1
27	16 0 0 1 0 1 ,3 5,34 3
28	11 0 0 1 0 1 ,3 5,20 3
30	6 0 0 1 0 0 ,2 3
31	4 0 1 0 0 0 ,7 2
32	3 0 2 1 1 1 ,3 4,4 2,29 5,32 2,35 3
33	3 0 0 1 0 0 ,17 3
35	14 0 1 0 0 0 ,9 2
36	16 0 1 0 0 0 ,34 2
37	6 0 1 0 0 2 ,12 2,16 5,23 5
38	2 0 1 0 0 0 ,26 2
39	10 1 0 0 0 0 ,22 1
41	5 1 0 1 0 1 ,6 5,22 3,33 1
45	10 0 0 0 0 2 ,14 5,25 5
46	5 1 0 1 0 2 ,10 3,11 5,27 5,31 1
47	6 0 0 0 1 0 ,37 4
49	7 0 1 1 0 0 ,0 2,12 3
50	13 0 2 0 0 0 ,9 2,38 2
51	24 0 0 0 1 0 ,27 4
52	14 0 0 0 1 0 ,9 4
53	20 0 1 0 0 0 ,5 2
54	16 1 0 0 0 0 ,34 1
55	5 0 1 1 0 0 ,13 2,32 3
58	10 0 1 0 0 0 ,15 2
59	11 0 0 1 0 0 ,20 3
60	9 2 0 0 0 0 ,4 1,11 1
61	14 0 0 0 1 0 ,9 4
62	24 0 1 0 0 0 ,27 2
63	6 0 1 0 0 0 ,37 2
64	14 1 0 0 0 1 ,18 1,19 5
65	5 1 1 0 0 1 ,5 5,14 2,33 1
67	6 1 1 0 1 0 ,12 4,13 1,21 2
68	16 0 0 0 1 0 ,34 4
69	20 0 1 0 0 0 ,12 2
71	11 0 2 0 0 0 ,20 2,38 2
72	19 1 0 0 0 0 ,18 1
73	8 1 0 0 1 0 ,27 4,39 1
74	10 0 0 0 0 1 ,28 5
75	5 0 0 0 2 0 ,27 4,31 4
76	11 0 0 0 0 1 ,8 5
77	9 2 0 0 0 1 ,19 5,22 1,24 1
78	8 1 0 0 1 1 ,4 4,18 5,21 1
80	5 1 0 0 0 0 ,36 1
82	10 2 0 0 0 1 ,28 5,29 1,34 1
83	17 0 1 0 0 0 ,11 2
84	8 1 1 0 0 0 ,1 2,8 1
85	24 0 0 0 0 1 ,27 5
86	6 0 1 1 0 1 ,2 2,20 3,24 5
87	5 0 0 0 2 0 ,15 4,30 4
88	13 0 1 0 0 0 ,38 2
89	10 0 0 1 0 1 ,15 3,18 5
90	9 0 0 1 0 0 ,24 3
92	4 0 1 1 0 1 ,1 3,7 2,34 5
93	8 0 0 1 1 1 ,1 3,6 5,11 4
94	7 0 0 0 0 2 ,0 5,8 5
96	8 0 0 0 2 0 ,25 4,39 4
97	6 1 0 0 0 0 ,16 1
98	6 0 0 1 2 0 ,5 4,12 4,13 3
99	5 0 0 0 1 0 ,36 4
