0	19 0 0 0 1 0 ,12 4
2	5 0 1 0 0 0 ,15 2
5	10 0 0 0 0 2 ,0 5,17 5
6	13 0 0 0 0 1 ,9 5
7	23 0 1 0 0 0 ,5 2
8	2 0 1 1 0 0 ,14 2,18 3
9	7 1 0 0 0 0 ,8 1
11	18 0 0 0 1 0 ,18 4
13	18 0 1 0 0 0 ,18 2
16	23 0 0 0 0 1 ,5 5
17	4 1 0 0 0 0 ,1 1
18	13 0 0 0 1 0 ,9 4
23	12 0 0 0 1 0 ,4 4
24	13 0 0 1 0 0 ,9 3
26	7 1 0 1 0 0 ,8 3,16 1
27	17 0 0 1 0 0 ,13 3
28	19 0 0 0 1 1 ,2 5,12 4
29	7 0 1 1 0 0 ,10 2,11 3
30	14 0 0 1 0 0 ,11 3
32	27 0 0 0 0 1 ,2 5
36	5 0 1 0 0 0 ,15 2
37	14 0 1 0 0 0 ,6 2
38	19 0 1 0 0 0 ,12 2
40	19 0 0 0 1 0 ,12 4
44	18 0 0 0 0 1 ,18 5
45	2 1 0 0 0 0 ,7 1
46	14 0 0 0 1 0 ,6 4
47	19 0 0 1 1 0 ,2 4,12 3
49	14 0 1 0 0 0 ,6 2
50	2 1 0 0 1 0 ,7 1,18 4
51	4 1 0 0 0 0 ,1 1
52	5 0 0 0 0 2 ,3 5,5 5
53	27 0 0 0 1 0 ,2 4
54	16 0 0 0 1 0 ,17 4
56	13 1 0 0 0 0 ,9 1
60	14 1 0 0 0 0 ,6 1
61	8 0 2 0 0 0 ,12 2,16 2
62	17 0 0 0 0 1 ,13 5
63	17 0 0 0 1 0 ,13 4
64	17 0 0 0 0 1 ,13 5
66	27 0 0 0 0 1 ,2 5
67	5 1 0 0 0 0 ,15 1
68	14 0 0 0 0 1 ,11 5
70	12 0 0 0 0 1 ,4 5
75	23 0 0 0 1 0 ,5 4
76	7 1 0 0 0 0 ,10 1
77	23 0 0 1 0 0 ,5 3
80	7 0 0 0 1 0 ,10 4
81	4 0 1 0 0 0 ,1 2
85	16 1 0 0 0 0 ,17 1
87	8 0 1 0 0 0 ,16 2
88	14 0 1 0 0 0 ,6 2
89	16 1 0 0 0 0 ,17 1
92	27 0 0 0 1 0 ,2 4
93	7 0 0 1 0 0 ,8 3
94	12 0 0 2 0 0 ,4 3,6 3
95	10 0 0 1 0 1 ,0 5,11 3
96	8 0 0 1 1 1 ,5 4,16 3,17 5
