0	10 1 0 0 0 0 ,24 1
1	4 0 1 0 0 1 ,0 2,21 5
2	9 0 0 0 0 1 ,20 5
4	9 1 0 0 0 0 ,25 1
6	19 0 0 1 0 0 ,2 3
7	14 1 0 0 1 0 ,17 1,26 4
9	11 1 0 0 0 1 ,7 1,27 5
10	11 0 1 0 0 0 ,7 2
11	10 0 2 0 0 2 ,10 2,13 5,24 2,26 5
14	17 0 0 0 0 1 ,16 5
15	10 0 1 0 1 0 ,17 4,24 2
16	18 0 1 0 0 1 ,2 2,9 5
17	13 1 0 0 0 0 ,14 1
18	19 0 0 0 0 1 ,2 5
19	11 0 0 1 0 0 ,27 3
20	17 1 0 0 0 0 ,16 1
22	19 0 0 0 0 1 ,15 5
23	19 0 0 1 1 0 ,2 4,26 3
24	11 0 0 1 0 0 ,7 3
30	17 0 0 0 0 1 ,12 5
32	14 1 0 0 0 0 ,17 1
33	9 0 1 0 1 0 ,4 4,25 2
34	8 0 0 0 2 0 ,1 4,6 4
35	9 0 0 2 0 0 ,13 3,25 3
36	9 0 0 1 0 0 ,25 3
38	10 0 0 0 0 1 ,10 5
39	17 0 0 0 0 1 ,12 5
40	1 1 0 0 0 0 ,28 1
41	13 1 0 0 0 0 ,14 1
42	17 0 0 1 0 0 ,12 3
43	18 1 0 0 0 0 ,4 1
44	10 0 2 0 0 0 ,16 2,24 2
47	12 0 2 0 0 1 ,1 2,17 2,26 5
48	2 0 1 0 0 1 ,1 5,8 2
49	9 0 2 1 1 0 ,15 2,16 2,17 4,20 3
51	17 1 0 1 0 0 ,9 3,12 1
52	18 0 0 0 1 0 ,4 4
53	2 1 1 0 0 1 ,4 5,11 2,26 1
55	13 0 0 1 0 1 ,9 3,14 5
57	2 0 1 1 0 0 ,6 3,19 2
59	9 2 0 0 1 0 ,9 1,15 4,20 1
61	6 0 1 0 0 0 ,23 2
62	5 1 0 0 0 0 ,18 1
64	2 0 2 0 0 0 ,10 2,22 2
65	17 0 0 0 0 1 ,16 5
68	5 0 0 0 1 0 ,5 4
69	5 1 0 0 0 0 ,5 1
71	14 0 1 0 0 0 ,17 2
73	4 0 1 0 0 0 ,0 2
74	9 3 0 0 0 2 ,3 1,13 5,15 1,21 5,27 1
75	17 0 0 1 0 0 ,12 3
76	5 0 0 0 1 1 ,7 5,18 4
77	9 0 0 0 0 1 ,3 5
78	10 0 1 1 0 0 ,16 2,24 3
80	10 1 0 0 0 0 ,10 1
81	19 0 1 0 0 0 ,15 2
82	18 0 1 1 0 0 ,2 3,4 2
83	18 0 0 0 1 0 ,9 4
84	11 0 2 0 0 0 ,9 2,27 2
85	13 0 1 0 0 0 ,14 2
87	19 0 0 0 0 1 ,15 5
88	9 0 1 1 0 0 ,2 2,3 3
93	8 1 0 0 0 0 ,6 1
94	23 0 0 0 0 1 ,26 5
95	18 0 1 0 0 0 ,4 2
97	12 1 0 0 1 0 ,1 1,14 4
98	6 0 0 0 1 0 ,23 4
