0	6 0 0 1 0 0 ,14 3
2	18 0 1 0 0 0 ,4 2
3	10 0 0 0 1 0 ,21 4
6	8 0 1 0 0 0 ,13 2
7	6 0 0 1 0 2 ,5 5,14 3,18 5
10	14 0 1 0 0 0 ,2 2
12	15 0 0 0 0 1 ,6 5
14	6 1 0 1 0 0 ,17 3,22 1
15	7 1 0 0 0 0 ,8 1
17	14 1 0 1 0 0 ,2 3,15 1
18	5 0 0 0 0 1 ,10 5
20	7 0 1 0 0 0 ,0 2
21	7 1 0 0 0 0 ,7 1
22	19 1 0 0 0 0 ,5 1
23	7 2 0 1 0 0 ,0 1,5 3,18 1
24	19 1 0 0 0 0 ,18 1
25	18 0 0 0 1 0 ,4 4
26	3 0 0 1 0 0 ,20 3
27	15 0 0 1 0 0 ,16 3
28	15 0 0 1 0 0 ,15 3
29	16 1 0 0 1 0 ,5 4,17 1
30	7 1 0 0 0 0 ,0 1
31	7 0 0 1 1 0 ,1 4,8 3
33	12 0 1 0 0 0 ,1 2
35	19 0 0 0 1 0 ,18 4
36	19 1 0 0 0 0 ,5 1
37	18 1 0 0 0 0 ,4 1
38	15 0 0 0 1 0 ,16 4
40	5 0 0 1 0 1 ,11 5,13 3
41	15 0 1 0 0 0 ,6 2
42	10 1 0 0 0 0 ,21 1
43	7 0 0 1 0 0 ,8 3
46	12 0 0 0 1 1 ,15 4,19 5
47	15 0 0 0 0 1 ,16 5
50	8 0 1 0 0 0 ,13 2
51	6 0 0 0 0 2 ,3 5,22 5
55	10 0 0 1 0 0 ,21 3
56	7 1 0 1 0 0 ,0 1,15 3
57	12 0 0 0 1 0 ,19 4
59	12 0 0 1 0 0 ,19 3
61	16 0 0 0 0 1 ,17 5
64	15 0 1 0 0 0 ,15 2
65	7 1 0 0 0 0 ,7 1
67	19 0 0 0 0 1 ,5 5
70	18 0 0 0 1 0 ,4 4
72	18 0 1 0 0 0 ,4 2
75	14 0 0 2 0 0 ,2 3,16 3
76	9 0 0 1 2 0 ,3 4,6 4,18 3
79	14 0 0 0 2 0 ,2 4,6 4
81	2 0 2 0 0 1 ,7 5,12 2,15 2
83	12 0 0 1 0 0 ,1 3
85	12 0 0 1 0 0 ,1 3
86	14 0 1 0 0 0 ,2 2
87	8 0 1 0 1 0 ,9 4,21 2
88	18 0 0 0 0 1 ,4 5
89	8 1 0 0 0 1 ,13 1,18 5
91	16 1 0 0 0 0 ,17 1
93	16 0 1 0 0 0 ,17 2
96	8 0 0 0 1 0 ,9 4
98	16 0 0 0 1 0 ,17 4
99	7 0 1 0 0 0 ,0 2
