0	15 0 0 0 0 1 ,19 5
3	8 1 0 0 0 0 ,33 1
4	14 0 0 0 1 0 ,18 4
5	9 0 1 0 0 1 ,8 2,9 5
6	17 0 0 0 0 1 ,25 5
7	21 0 0 0 1 0 ,17 4
8	1 1 0 0 1 1 ,0 4,1 5,11 1
9	18 0 0 0 1 0 ,8 4
10	21 0 0 0 1 0 ,17 4
11	17 0 0 0 1 0 ,25 4
12	1 2 0 0 0 1 ,12 5,16 1,22 1
13	11 0 1 0 1 1 ,18 2,22 4,31 5
14	21 0 0 1 0 0 ,1 3
18	10 0 1 0 0 0 ,5 2
20	21 0 0 0 1 0 ,1 4
21	11 0 1 0 0 1 ,19 2,22 5
22	14 0 1 0 0 0 ,34 2
23	5 0 0 1 1 3 ,0 5,17 5,19 4,28 3,33 5
24	16 1 0 0 0 0 ,20 1
25	2 0 1 0 0 0 ,10 2
26	2 1 0 0 0 0 ,26 1
27	10 1 0 1 0 0 ,13 1,23 3
28	1 1 1 0 0 0 ,4 1,12 2
29	2 1 0 0 0 0 ,26 1
31	16 0 0 0 0 1 ,0 5
33	11 0 0 0 1 0 ,15 4
37	8 1 0 0 0 1 ,30 5,33 1
39	4 1 0 1 0 0 ,20 3,24 1
43	10 0 0 1 0 0 ,5 3
44	17 0 0 0 0 1 ,25 5
45	14 0 0 0 1 1 ,19 4,34 5
47	8 1 0 0 0 0 ,33 1
49	10 0 0 0 0 2 ,5 5,14 5
53	18 0 0 0 0 1 ,8 5
54	14 0 0 0 1 0 ,18 4
56	11 0 0 0 1 0 ,15 4
57	8 0 0 1 1 0 ,30 3,32 4
58	5 0 0 0 1 0 ,27 4
59	21 0 0 0 0 1 ,1 5
63	21 0 0 0 1 0 ,1 4
64	5 1 1 0 0 0 ,22 1,28 2
65	13 0 0 0 2 0 ,14 4,31 4
67	4 0 0 2 1 0 ,2 4,24 3,31 3
68	7 0 0 0 0 1 ,3 5
69	17 0 0 1 0 0 ,25 3
70	3 1 0 1 0 0 ,14 1,29 3
75	14 0 0 0 0 1 ,23 5
76	14 0 0 0 1 1 ,32 4,34 5
77	4 0 1 0 3 0 ,9 4,15 2,18 4,21 4
78	17 0 0 0 0 1 ,31 5
80	14 0 0 0 1 1 ,12 4,23 5
81	1 2 0 0 0 0 ,7 1,32 1
82	10 0 0 0 1 0 ,13 4
85	11 2 1 2 0 0 ,14 3,15 1,17 3,23 1,34 2
87	3 0 0 2 0 1 ,6 3,17 3,32 5
88	10 0 1 0 0 2 ,12 5,13 5,20 2
89	16 1 0 0 0 0 ,20 1
90	18 0 1 0 0 0 ,8 2
93	16 0 1 0 0 1 ,0 2,20 5
96	21 0 1 0 0 0 ,17 2
97	18 0 0 0 0 1 ,8 5
98	5 1 1 0 0 0 ,3 2,27 1
99	16 0 0 0 1 0 ,20 4
