0	18 0 0 1 0 0 ,27 3
1	12 1 0 0 0 0 ,28 1
3	10 0 1 2 1 1 ,8 5,10 4,11 2,20 3,32 3
4	19 0 0 1 0 1 ,21 5,24 3
5	13 0 1 0 0 0 ,35 2
6	2 1 1 1 0 0 ,9 2,19 3,27 1
7	10 1 0 0 0 0 ,2 1
9	12 0 0 1 0 0 ,28 3
10	17 0 0 0 1 0 ,20 4
11	3 0 0 1 0 0 ,16 3
14	19 0 0 0 0 1 ,21 5
15	10 0 0 0 1 1 ,2 4,12 5
16	10 0 0 0 0 2 ,14 5,27 5
18	13 0 1 1 0 0 ,13 3,37 2
20	13 0 0 1 0 1 ,6 5,35 3
21	13 1 0 0 0 0 ,35 1
22	18 0 0 0 1 0 ,13 4
23	13 1 1 0 0 0 ,13 1,35 2
24	12 0 0 0 1 1 ,0 5,24 4
26	18 1 0 1 1 0 ,12 1,24 3,27 4
27	13 0 0 0 1 0 ,35 4
28	8 0 0 1 0 0 ,3 3
29	9 0 0 0 1 1 ,10 5,23 4
31	7 1 1 0 0 0 ,17 2,18 1
32	13 0 1 0 0 0 ,37 2
33	24 0 0 1 0 0 ,10 3
34	16 0 1 0 0 1 ,13 5,22 2
36	1 1 0 1 0 0 ,30 1,32 3
37	10 0 0 1 1 0 ,11 4,13 3
38	1 3 0 0 1 0 ,3 4,5 1,15 1,28 1
39	17 0 0 0 1 0 ,20 4
41	9 0 1 0 0 0 ,23 2
42	19 0 0 1 0 0 ,19 3
43	8 0 0 1 1 0 ,25 3,28 4
44	13 0 0 0 1 0 ,37 4
45	2 0 1 0 0 0 ,4 2
46	10 1 1 1 0 0 ,0 2,2 3,20 1
47	9 1 0 0 0 1 ,1 1,32 5
48	3 0 0 1 0 0 ,31 3
49	9 0 0 0 1 0 ,26 4
52	10 0 0 0 0 1 ,14 5
53	10 1 0 0 1 0 ,2 1,33 4
54	15 1 0 0 0 0 ,32 1
55	13 0 1 1 0 0 ,13 2,37 3
57	15 0 1 0 0 0 ,33 2
58	10 0 2 0 0 1 ,11 2,19 5,36 2
59	15 0 1 0 0 0 ,32 2
61	8 1 0 0 0 0 ,3 1
62	10 1 0 0 2 0 ,11 1,22 4,24 4
63	13 1 0 0 1 0 ,6 4,20 1
64	15 0 1 1 1 1 ,21 2,22 5,27 3,33 4
65	9 0 0 1 2 0 ,19 4,23 3,24 4
66	15 0 0 0 0 1 ,8 5
67	7 0 0 1 0 0 ,18 3
68	9 0 1 0 1 1 ,0 4,1 2,26 5
70	12 1 1 0 1 0 ,0 1,20 4,37 2
71	6 1 0 1 0 1 ,5 3,11 1,36 5
73	6 0 2 0 0 1 ,1 2,5 2,25 5
74	13 0 0 0 1 0 ,6 4
75	8 1 0 0 0 0 ,17 1
76	13 1 1 0 1 0 ,8 4,21 2,35 1
77	12 0 1 0 0 0 ,28 2
79	10 1 0 0 0 1 ,2 1,12 5
80	24 0 0 0 1 0 ,10 4
82	7 0 1 1 0 0 ,18 3,33 2
83	12 2 0 0 1 0 ,21 4,28 1,32 1
84	18 0 1 0 0 0 ,27 2
85	24 0 0 0 0 1 ,10 5
86	8 0 0 0 0 1 ,17 5
87	15 1 1 0 0 0 ,8 1,19 2
88	9 0 0 0 1 0 ,1 4
90	2 0 1 0 1 0 ,7 2,12 4
91	19 1 0 0 1 0 ,12 4,21 1
92	19 0 1 0 0 0 ,19 2
93	5 0 0 0 0 1 ,29 5
94	16 0 0 1 0 1 ,10 3,22 5
96	15 0 0 1 0 0 ,33 3
97	3 0 0 1 0 1 ,34 3,36 5
99	14 0 1 1 0 0 ,24 3,36 2
