3	13 1 0 0 1 0 ,14 4,22 1
4	12 0 0 0 1 0 ,11 4
5	5 0 0 0 1 0 ,1 4
6	13 1 0 0 0 0 ,5 1
8	7 0 1 0 0 0 ,0 2
14	12 0 1 0 1 0 ,5 2,11 4
15	25 0 0 0 0 1 ,10 5
16	8 0 0 0 1 0 ,2 4
17	11 0 1 0 0 0 ,23 2
19	19 0 1 0 0 0 ,15 2
20	8 1 2 0 1 0 ,2 1,8 4,14 2,23 2
22	11 0 0 0 0 1 ,23 5
23	15 0 0 0 0 1 ,25 5
25	8 0 0 1 0 0 ,4 3
27	3 0 0 1 0 0 ,19 3
28	11 0 1 0 1 0 ,21 4,26 2
29	17 0 0 0 1 1 ,8 5,17 4
31	12 0 1 0 0 0 ,11 2
32	2 0 1 1 0 0 ,3 3,20 2
33	13 1 0 0 0 2 ,5 5,8 1,21 5
35	17 0 0 0 1 0 ,22 4
37	19 0 0 1 0 1 ,10 5,15 3
38	17 0 0 1 0 1 ,10 3,22 5
41	4 0 0 0 1 0 ,12 4
43	11 0 1 0 0 1 ,16 5,21 2
45	13 0 1 0 0 0 ,14 2
46	8 0 1 0 0 0 ,2 2
47	19 1 0 0 0 0 ,15 1
48	8 0 1 1 0 0 ,4 3,25 2
49	11 0 1 0 0 0 ,16 2
51	25 0 0 0 1 0 ,10 4
57	19 0 0 0 0 1 ,15 5
58	11 0 1 1 0 0 ,11 2,16 3
59	11 0 0 0 0 1 ,26 5
61	17 0 0 0 1 1 ,15 5,22 4
62	4 1 0 0 0 0 ,3 1
63	8 1 2 0 1 0 ,4 2,13 2,14 1,17 4
64	4 0 0 0 2 1 ,10 4,17 5,18 4
67	17 0 1 0 0 0 ,17 2
71	5 1 0 0 0 0 ,1 1
73	11 0 0 1 1 0 ,14 3,26 4
74	7 0 0 1 0 1 ,0 5,8 3
77	17 0 0 0 1 0 ,8 4
82	11 0 1 0 0 0 ,23 2
83	16 0 0 0 0 1 ,21 5
85	15 0 0 1 0 0 ,25 3
86	4 0 0 0 1 0 ,24 4
88	9 0 0 1 0 0 ,13 3
89	3 1 0 1 1 0 ,7 1,10 4,22 3
90	3 0 2 0 0 0 ,7 2,17 2
92	9 0 1 0 0 0 ,13 2
93	1 1 0 0 0 1 ,9 1,25 5
94	2 1 1 0 0 0 ,6 2,16 1
95	13 1 0 1 0 0 ,14 1,15 3
97	8 1 0 0 0 0 ,2 1
98	9 0 1 0 0 0 ,13 2
99	13 0 0 0 0 1 ,5 5
