1	12 0 0 1 0 1 ,1 5,22 3
2	14 1 1 0 0 0 ,7 1,29 2
3	5 1 0 0 0 1 ,9 5,27 1
4	13 0 1 0 0 0 ,2 2
7	12 1 0 1 0 0 ,0 3,7 1
8	12 0 0 0 1 1 ,15 5,31 4
10	19 0 1 0 0 0 ,19 2
11	10 1 1 1 0 1 ,0 2,15 1,17 3,19 5
12	15 0 0 0 1 0 ,15 4
13	19 0 0 1 0 0 ,26 3
15	10 1 0 1 0 1 ,4 3,11 5,17 1
16	6 1 0 0 0 0 ,6 1
17	13 0 0 1 0 0 ,2 3
18	16 0 0 0 0 1 ,16 5
19	10 0 0 0 1 1 ,4 5,10 4
20	7 0 0 0 1 1 ,3 4,24 5
21	19 0 0 1 0 0 ,26 3
22	12 0 1 1 0 0 ,2 2,31 3
23	5 0 1 0 0 0 ,14 2
24	5 0 0 0 1 1 ,20 5,29 4
26	7 0 0 1 0 0 ,23 3
27	7 0 1 0 0 0 ,24 2
28	19 1 0 0 0 0 ,25 1
29	6 1 1 1 1 0 ,1 2,8 3,17 4,31 1
30	5 1 0 0 1 2 ,9 5,10 5,14 1,18 4
31	13 0 2 0 0 0 ,2 2,9 2
35	23 0 0 1 0 0 ,9 3
36	5 0 0 0 2 0 ,7 4,27 4
37	13 0 1 1 0 0 ,25 2,28 3
38	10 0 1 0 0 0 ,17 2
39	10 2 0 0 0 0 ,10 1,19 1
41	4 0 0 0 1 0 ,12 4
42	12 1 0 0 1 0 ,9 4,22 1
43	16 0 0 1 1 1 ,16 3,19 5,25 4
44	13 0 0 0 0 1 ,3 5
45	12 0 0 1 0 0 ,0 3
46	14 0 0 1 0 0 ,11 3
48	12 0 0 0 1 0 ,31 4
51	14 0 1 0 0 1 ,26 2,29 5
52	19 0 0 1 0 0 ,26 3
53	2 0 1 1 0 0 ,21 2,30 3
54	13 1 0 0 0 1 ,11 5,28 1
55	6 0 0 0 1 0 ,5 4
56	14 1 0 0 1 0 ,26 4,29 1
57	5 0 1 0 1 0 ,9 4,14 2
58	13 0 0 0 1 0 ,2 4
61	19 0 1 0 0 0 ,25 2
63	19 0 0 0 0 1 ,25 5
64	13 0 0 0 0 3 ,18 5,25 5,28 5
67	14 0 1 0 0 0 ,29 2
70	16 0 0 0 1 0 ,16 4
74	12 1 0 0 0 0 ,22 1
76	12 0 0 0 2 0 ,0 4,22 4
78	13 0 0 0 1 0 ,18 4
83	6 0 1 0 1 0 ,8 2,26 4
84	13 0 0 0 1 0 ,28 4
85	7 0 0 0 1 0 ,23 4
86	13 0 0 0 1 0 ,3 4
87	6 0 1 0 0 0 ,5 2
89	6 1 0 0 0 1 ,6 5,8 1
91	12 0 0 0 1 1 ,1 5,19 4
92	5 0 1 0 1 1 ,7 4,13 5,19 2
95	13 1 0 0 2 0 ,4 4,11 1,16 4
98	12 0 0 1 0 2 ,7 5,15 5,22 3
99	13 1 0 0 0 0 ,4 1
