2	12 0 0 1 0 0 ,12 3
3	12 1 0 0 0 0 ,2 1
6	7 0 0 0 2 0 ,19 4,26 4
7	8 0 0 0 1 0 ,25 4
8	4 0 1 0 0 0 ,9 2
10	13 0 1 0 0 0 ,7 2
12	4 1 0 0 0 1 ,5 5,9 1
13	5 1 0 0 0 0 ,22 1
14	3 2 0 0 0 0 ,4 1,6 1
19	6 1 1 1 0 0 ,1 2,3 1,20 3
20	6 1 0 1 1 0 ,1 4,15 1,26 3
23	5 0 0 2 1 0 ,7 3,8 3,22 4
24	2 0 1 0 0 0 ,16 2
26	14 0 1 0 0 0 ,11 2
28	12 0 0 1 0 0 ,2 3
30	9 1 1 0 1 1 ,10 2,11 4,20 1,23 5
32	9 1 0 0 1 0 ,6 4,20 1
35	13 1 0 0 0 0 ,10 1
36	24 0 0 1 0 0 ,23 3
37	4 1 0 0 0 0 ,9 1
38	24 0 1 0 0 0 ,23 2
39	12 0 1 0 0 0 ,2 2
42	10 0 1 0 1 0 ,8 2,12 4
44	19 0 0 1 0 0 ,15 3
48	13 1 0 0 0 0 ,10 1
51	13 1 0 2 0 0 ,5 3,7 1,11 3
52	13 0 0 1 0 2 ,5 3,10 5,15 5
54	13 1 0 0 0 0 ,10 1
55	14 0 0 1 0 0 ,11 3
56	4 1 1 0 0 0 ,19 1,21 2
57	13 0 1 0 0 0 ,7 2
59	19 0 0 1 0 0 ,15 3
61	8 0 1 0 1 0 ,18 2,23 4
63	8 0 0 1 1 0 ,10 3,18 4
66	7 0 1 0 0 0 ,3 2
69	12 0 0 0 1 0 ,2 4
70	2 0 1 1 0 0 ,0 2,7 3
72	9 0 0 0 1 0 ,6 4
74	11 0 0 0 0 1 ,17 5
76	6 0 0 0 0 1 ,13 5
79	4 1 1 0 0 0 ,13 1,21 2
80	9 0 1 0 1 0 ,12 2,20 4
81	10 0 0 0 0 1 ,8 5
82	3 0 1 1 0 1 ,4 2,5 5,15 3
85	5 1 0 0 0 0 ,14 1
86	3 0 1 1 0 0 ,11 2,24 3
87	7 0 0 0 2 0 ,3 4,19 4
89	18 0 1 0 0 0 ,5 2
90	11 0 2 0 0 0 ,2 2,17 2
94	8 0 1 0 0 1 ,18 2,23 5
95	12 0 1 1 0 0 ,7 2,12 3
97	5 0 0 0 3 0 ,14 4,17 4,25 4
98	19 0 0 0 1 0 ,15 4
99	24 0 0 0 0 1 ,23 5
