0	3 0 1 0 0 0 ,33 2
1	13 0 0 0 0 2 ,11 5,32 5
2	20 1 0 0 0 0 ,15 1
5	20 0 0 0 0 1 ,16 5
6	11 2 0 1 0 0 ,4 1,16 3,20 1
7	16 1 0 0 0 0 ,23 1
8	3 1 0 0 1 0 ,9 1,10 4
9	16 1 0 0 1 0 ,8 1,24 4
10	14 1 0 0 0 0 ,4 1
11	5 1 1 2 1 1 ,1 2,19 1,23 3,24 5,29 3,31 4
12	7 0 0 1 1 0 ,17 4,31 3
13	15 1 0 0 0 0 ,29 1
14	18 0 0 1 0 0 ,30 3
17	27 0 0 0 0 1 ,24 5
18	4 0 0 0 2 0 ,0 4,30 4
19	15 0 1 2 0 0 ,7 2,29 3,31 3
21	13 1 0 0 0 1 ,13 1,28 5
22	10 0 0 0 0 1 ,12 5
24	8 1 1 0 0 0 ,19 2,27 1
25	16 0 1 0 0 0 ,10 2
26	20 0 1 0 0 0 ,22 2
27	13 0 0 1 1 0 ,11 3,13 4
29	13 1 0 0 0 2 ,10 1,19 5,31 5
30	10 0 1 0 0 1 ,12 2,15 5
31	11 0 0 0 0 1 ,20 5
32	8 0 1 0 2 0 ,15 4,27 4,30 2
34	17 0 0 1 1 0 ,16 3,35 4
35	13 0 0 0 1 0 ,13 4
36	16 0 1 0 0 0 ,34 2
37	3 1 0 0 0 0 ,9 1
38	2 1 0 1 1 0 ,15 4,24 3,26 1
39	14 0 0 0 0 1 ,4 5
40	5 0 0 0 0 1 ,2 5
42	10 0 1 0 0 0 ,12 2
43	7 0 0 2 1 0 ,17 3,21 3,32 4
44	20 0 0 0 1 0 ,18 4
45	16 0 0 0 1 0 ,23 4
46	16 0 0 1 0 0 ,23 3
48	13 1 0 0 0 0 ,11 1
50	15 0 0 0 2 1 ,7 4,29 4,34 5
51	27 0 0 0 0 1 ,24 5
52	17 0 1 0 0 0 ,28 2
55	3 1 1 0 2 1 ,8 4,21 5,22 4,27 2,33 1
56	17 0 0 0 0 1 ,35 5
57	20 0 0 0 0 1 ,18 5
58	16 0 1 1 0 0 ,14 2,35 3
60	9 2 0 0 1 1 ,3 4,8 5,19 1,32 1
62	20 0 0 0 1 0 ,16 4
63	19 0 0 1 0 1 ,7 3,22 5
64	16 1 0 0 0 0 ,10 1
68	6 0 0 0 2 1 ,5 4,18 5,30 4
69	16 0 0 0 1 0 ,34 4
71	2 1 0 0 0 0 ,26 1
72	16 0 1 0 0 1 ,8 2,14 5
74	2 0 1 0 0 0 ,25 2
75	16 0 0 0 1 0 ,14 4
76	15 0 0 0 1 0 ,29 4
77	19 0 0 2 0 0 ,7 3,22 3
78	17 0 0 1 0 1 ,7 3,35 5
79	6 0 1 0 2 0 ,5 2,19 4,32 4
81	3 2 0 0 1 0 ,8 4,9 1,12 1
82	16 0 0 0 0 2 ,23 5,28 5
83	16 0 1 1 0 1 ,10 3,28 2,34 5
84	3 0 0 1 0 1 ,6 3,22 5
85	20 0 0 0 0 1 ,16 5
86	5 0 1 2 0 1 ,1 3,20 5,31 3,32 2
89	8 2 0 1 0 2 ,14 5,15 1,24 5,27 1,28 3
90	16 0 0 0 0 1 ,10 5
91	20 1 0 0 0 1 ,15 5,22 1
92	18 0 0 0 0 1 ,30 5
93	14 0 1 0 0 0 ,4 2
94	19 0 0 0 1 0 ,7 4
97	13 0 0 0 1 1 ,4 5,13 4
98	9 0 0 0 1 1 ,3 5,18 4
99	13 0 1 0 1 0 ,11 4,18 2
