0	10 0 0 0 1 0 ,31 4
1	16 0 0 0 1 0 ,28 4
3	8 0 0 0 0 1 ,32 5
4	12 0 1 0 0 0 ,9 2
5	3 0 1 0 0 1 ,11 2,16 5
8	20 0 1 0 0 0 ,5 2
9	19 0 0 0 0 1 ,0 5
10	5 0 1 0 0 0 ,17 2
12	23 0 0 1 0 0 ,30 3
13	14 0 1 0 0 1 ,1 2,27 5
15	14 1 0 0 0 0 ,20 1
16	3 0 1 1 0 1 ,0 2,26 3,33 5
17	11 0 1 0 0 0 ,10 2
18	10 1 0 0 0 1 ,2 5,31 1
20	10 0 0 0 1 2 ,10 5,13 5,30 4
21	8 2 0 1 2 0 ,2 1,6 1,7 4,21 4,32 3
22	10 0 2 0 2 0 ,5 2,6 2,28 4,31 4
23	18 0 0 1 0 0 ,8 3
24	11 1 0 0 0 0 ,12 1
25	20 0 0 0 0 1 ,5 5
26	15 0 0 1 0 0 ,15 3
27	10 1 0 0 0 1 ,5 5,23 1
28	14 1 1 0 0 0 ,1 1,20 2
30	9 0 1 1 1 0 ,5 2,14 3,19 4
31	22 0 0 0 1 0 ,1 4
32	8 1 0 1 0 0 ,2 1,25 3
34	2 0 1 0 0 0 ,3 2
35	16 1 0 0 0 0 ,28 1
36	11 0 0 0 2 1 ,9 5,10 4,28 4
38	3 2 0 0 0 1 ,1 5,4 1,11 1
40	5 0 0 1 0 1 ,4 5,17 3
42	15 0 0 0 2 1 ,2 4,15 4,30 5
44	19 0 0 1 0 2 ,0 5,2 5,14 3
46	13 1 0 0 1 0 ,2 4,16 1
48	18 0 0 1 0 0 ,4 3
49	22 0 0 0 0 1 ,1 5
51	14 0 1 0 0 1 ,14 5,20 2
53	9 0 0 1 0 1 ,19 3,21 5
54	9 0 1 0 1 1 ,15 2,18 4,33 5
56	8 0 0 0 0 1 ,22 5
57	13 0 0 0 0 1 ,16 5
59	20 0 0 0 1 0 ,5 4
60	19 0 0 0 0 1 ,33 5
61	10 1 0 0 0 0 ,31 1
63	13 0 1 1 0 0 ,0 3,16 2
65	15 1 0 0 0 0 ,15 1
66	11 0 0 0 0 1 ,12 5
67	10 0 1 0 0 0 ,23 2
69	8 1 1 0 1 0 ,7 4,19 2,25 1
70	14 1 0 1 0 0 ,6 3,27 1
72	18 0 0 1 0 1 ,0 3,4 5
73	8 0 0 1 0 0 ,22 3
74	10 1 0 0 0 0 ,23 1
75	16 1 0 0 0 0 ,28 1
77	5 0 1 0 0 1 ,28 2,29 5
79	17 0 0 0 1 1 ,6 4,8 5
83	10 0 0 0 0 1 ,13 5
84	23 0 0 0 0 1 ,14 5
85	17 0 0 0 0 1 ,6 5
86	18 0 0 0 1 1 ,8 5,33 4
87	12 0 0 0 0 2 ,9 5,20 5
88	9 0 1 1 0 1 ,8 2,14 5,18 3
89	9 1 1 0 1 1 ,0 1,15 5,18 2,20 4
91	10 0 1 2 0 0 ,23 2,27 3,30 3
92	17 0 1 0 0 0 ,6 2
93	14 0 0 1 0 1 ,7 5,30 3
94	10 0 2 0 1 0 ,12 2,14 2,23 4
95	1 1 0 1 0 0 ,12 3,24 1
97	18 0 0 0 1 2 ,1 5,4 4,30 5
98	8 1 0 1 1 1 ,7 1,8 3,25 4,27 5
