2	11 0 0 0 1 0 ,19 4
3	3 0 1 0 0 0 ,32 2
5	3 1 1 0 0 0 ,2 1,27 2
7	13 0 0 0 0 1 ,13 5
8	11 1 0 0 0 1 ,3 5,16 1
9	10 0 1 0 1 0 ,5 4,21 2
10	11 0 0 1 0 0 ,22 3
11	15 0 1 0 0 0 ,25 2
15	9 1 0 0 0 0 ,26 1
19	17 1 0 0 0 0 ,29 1
21	2 0 1 0 1 0 ,15 2,16 4
22	9 0 1 1 0 1 ,0 5,19 3,26 2
24	11 2 0 0 0 1 ,16 1,19 1,29 5
26	9 0 1 0 1 0 ,1 4,29 2
27	2 0 1 0 0 0 ,28 2
29	20 0 0 0 1 0 ,21 4
30	19 1 1 0 0 0 ,12 1,21 2
31	13 0 1 0 0 0 ,13 2
35	9 0 0 0 0 1 ,1 5
36	19 0 0 0 1 0 ,12 4
39	12 0 0 2 0 0 ,6 3,13 3
41	12 1 0 1 0 0 ,6 1,25 3
42	9 0 0 3 1 0 ,2 4,10 3,20 3,22 3
43	17 0 0 0 0 2 ,4 5,29 5
44	3 1 1 0 0 0 ,21 2,32 1
45	4 0 0 1 0 0 ,24 3
46	6 2 0 1 0 0 ,5 1,17 3,26 1
49	4 1 0 1 0 0 ,2 3,14 1
51	2 0 1 0 0 0 ,31 2
52	19 0 0 0 1 0 ,12 4
53	18 0 0 0 0 1 ,4 5
55	16 0 0 1 0 0 ,10 3
56	16 0 0 1 0 0 ,10 3
58	15 1 0 0 0 0 ,25 1
59	3 1 0 0 0 0 ,27 1
60	14 0 0 1 0 0 ,0 3
61	4 1 0 1 0 0 ,13 3,24 1
62	17 0 0 0 1 0 ,29 4
63	4 0 1 1 1 0 ,14 3,19 2,25 4
65	11 0 0 0 0 1 ,3 5
66	11 1 0 0 0 0 ,3 1
68	4 0 0 0 2 0 ,9 4,22 4
69	11 1 0 0 0 0 ,22 1
70	19 0 0 0 0 1 ,12 5
72	19 0 0 0 0 1 ,12 5
73	9 0 1 0 0 1 ,0 5,20 2
76	4 0 0 0 1 2 ,6 5,7 4,16 5
77	12 0 1 0 0 0 ,6 2
78	11 2 0 0 0 0 ,6 1,19 1
79	7 0 0 2 0 0 ,26 3,30 3
80	18 0 0 0 1 0 ,4 4
84	9 1 1 0 0 0 ,4 2,20 1
86	8 0 0 2 0 1 ,2 3,10 5,23 3
87	10 0 0 0 0 1 ,5 5
89	6 0 0 2 0 0 ,17 3,25 3
90	13 0 1 0 0 0 ,2 2
92	9 0 0 1 0 1 ,20 3,21 5
93	1 2 0 1 0 0 ,0 1,8 1,18 3
94	15 0 1 0 0 0 ,25 2
95	5 0 0 0 0 1 ,11 5
96	8 0 0 0 0 1 ,23 5
97	7 0 2 0 1 0 ,4 2,26 2,30 4
99	16 0 1 0 0 1 ,10 2,21 5
