0	5 0 0 0 0 1 ,1 5
1	14 0 1 1 0 0 ,0 3,34 2
2	16 0 0 1 0 0 ,19 3
3	17 0 0 0 0 1 ,6 5
5	8 1 1 0 0 0 ,20 1,21 2
6	7 2 0 1 1 0 ,7 1,9 4,14 3,35 1
7	15 0 1 0 0 0 ,18 2
9	4 0 1 0 1 0 ,19 2,33 4
10	9 0 0 0 0 1 ,12 5
11	19 0 0 1 0 0 ,38 3
12	15 0 0 1 1 0 ,18 4,19 3
13	15 1 0 0 0 0 ,21 1
14	5 1 0 2 0 1 ,0 3,4 3,8 5,32 1
15	14 0 1 0 0 0 ,34 2
16	14 0 0 0 1 1 ,34 5,36 4
17	13 0 0 0 2 1 ,30 4,37 5,38 4
19	13 1 1 0 0 0 ,0 2,7 1
21	17 0 0 0 1 0 ,5 4
22	15 0 0 1 0 1 ,11 5,36 3
23	7 1 0 0 0 1 ,14 1,27 5
24	8 0 0 1 1 1 ,20 5,35 4,37 3
25	13 0 0 0 1 0 ,31 4
26	25 0 0 0 1 0 ,8 4
27	15 0 2 0 1 1 ,0 2,3 2,14 4,30 5
29	13 1 0 0 1 0 ,13 1,36 4
30	15 0 0 1 0 1 ,5 3,21 5
33	15 0 0 2 1 0 ,14 3,19 4,21 3
34	13 0 0 0 0 1 ,13 5
36	13 0 1 1 0 0 ,6 3,25 2
38	13 0 0 0 0 1 ,7 5
39	12 1 0 1 0 0 ,15 3,30 1
40	5 1 1 0 0 0 ,20 2,24 1
41	5 1 0 0 0 1 ,23 5,34 1
42	16 0 0 0 1 0 ,35 4
43	6 1 0 0 1 2 ,2 1,8 5,25 4,29 5
45	6 0 1 0 0 0 ,2 2
46	16 0 0 1 0 0 ,3 3
50	13 1 0 0 0 0 ,13 1
52	13 1 0 0 0 0 ,7 1
53	5 1 0 0 0 1 ,6 1,16 5
55	5 1 0 2 0 1 ,0 5,6 3,24 1,34 3
56	12 1 1 0 0 1 ,5 5,15 1,21 2
57	8 0 0 2 0 0 ,26 3,31 3
58	12 1 0 0 1 0 ,0 1,15 4
59	8 0 0 0 1 2 ,5 5,14 4,26 5
60	15 0 0 1 0 0 ,18 3
61	9 0 2 0 0 1 ,4 2,21 2,37 5
62	5 0 0 1 1 0 ,15 4,24 3
64	5 0 0 0 1 0 ,32 4
65	16 1 0 0 0 0 ,11 1
66	6 0 0 1 1 0 ,2 3,4 4
67	13 0 0 1 0 0 ,13 3
68	16 1 0 0 0 0 ,14 1
69	19 0 0 0 1 0 ,38 4
70	25 0 0 0 0 1 ,8 5
71	9 0 0 0 1 0 ,10 4
73	2 0 2 0 1 0 ,3 4,17 2,18 2
74	16 0 0 0 2 0 ,8 4,11 4
75	13 0 1 0 0 0 ,25 2
77	4 1 0 0 1 0 ,22 4,34 1
78	11 0 2 0 0 0 ,3 2,29 2
80	9 0 0 1 0 2 ,3 5,10 5,35 3
81	13 0 0 1 0 0 ,31 3
82	16 1 0 0 0 0 ,11 1
83	7 0 1 0 0 0 ,27 2
86	7 0 0 0 1 1 ,6 5,28 4
87	16 1 0 0 0 0 ,19 1
88	7 1 0 0 0 1 ,7 5,28 1
90	13 0 0 1 0 0 ,31 3
91	7 0 1 1 0 0 ,13 3,28 2
92	11 0 0 1 1 0 ,29 4,38 3
93	7 0 0 1 1 0 ,9 3,36 4
94	9 0 0 0 2 1 ,12 4,18 4,30 5
95	13 0 1 0 0 2 ,11 5,25 5,35 2
97	16 0 1 1 0 0 ,8 2,19 3
99	16 0 1 0 0 1 ,35 2,38 5
