0	17 0 0 0 0 1 ,8 5
1	10 0 1 1 0 1 ,1 3,7 2,13 5
5	3 0 1 2 0 0 ,22 2,25 3,37 3
6	13 0 0 1 0 0 ,0 3
7	9 0 0 1 0 0 ,15 3
8	21 0 0 1 0 0 ,4 3
9	21 0 0 0 0 1 ,4 5
10	7 1 0 0 0 0 ,6 1
11	3 0 0 1 0 0 ,32 3
14	12 0 1 0 0 1 ,9 5,38 2
16	12 0 1 2 0 0 ,2 3,4 2,33 3
17	12 0 0 0 0 2 ,16 5,29 5
18	13 0 1 0 0 0 ,38 2
21	12 0 1 0 0 0 ,26 2
22	1 1 0 1 0 0 ,13 3,36 1
23	2 0 1 0 1 0 ,27 2,34 4
24	8 1 1 0 0 0 ,21 2,24 1
25	10 0 1 0 1 3 ,16 4,21 2,23 5,25 5,33 5
26	12 0 0 0 1 0 ,29 4
27	15 0 0 1 1 0 ,1 4,37 3
28	3 0 0 2 0 0 ,8 3,11 3
29	5 1 1 0 0 0 ,5 1,14 2
30	10 2 0 0 0 0 ,7 1,16 1
32	10 0 1 0 2 0 ,12 4,17 4,34 2
33	9 0 1 1 1 0 ,15 3,20 2,21 4
34	19 0 0 1 1 0 ,13 4,14 3
35	15 3 0 0 0 0 ,1 1,14 1,34 1
36	12 0 1 1 0 1 ,0 3,2 2,21 5
37	21 0 0 0 1 0 ,21 4
38	9 0 1 0 1 0 ,8 4,15 2
39	6 0 1 1 0 0 ,1 2,3 3
40	9 1 0 0 0 0 ,15 1
41	6 0 1 1 0 0 ,3 3,34 2
42	10 0 0 0 1 1 ,12 5,38 4
44	12 0 1 1 0 1 ,2 2,17 5,37 3
45	15 0 1 0 0 0 ,1 2
50	13 0 0 1 0 0 ,38 3
52	12 1 0 0 1 0 ,26 4,33 1
53	10 0 0 0 3 0 ,13 4,20 4,23 4
54	12 1 1 0 0 1 ,2 1,14 5,26 2
55	3 1 0 1 0 0 ,12 1,28 3
56	12 1 0 1 0 0 ,2 1,13 3
59	12 0 1 0 0 0 ,9 2
60	10 0 1 0 0 0 ,7 2
61	13 0 1 0 1 1 ,0 5,8 2,37 4
62	12 0 0 0 1 0 ,26 4
65	5 1 0 2 2 1 ,2 3,4 5,5 3,24 4,29 1,34 4
67	16 0 0 0 0 1 ,33 5
68	12 1 0 0 0 0 ,16 1
71	19 1 0 0 0 0 ,37 1
72	10 0 1 0 0 1 ,4 2,7 5
73	3 0 0 2 0 0 ,10 3,31 3
74	2 1 1 0 1 0 ,17 4,25 2,30 1
75	12 0 0 0 1 1 ,4 4,9 5
77	2 2 0 0 0 0 ,16 1,30 1
79	19 0 0 0 1 0 ,14 4
82	5 0 1 0 0 1 ,0 2,19 5
83	7 1 0 0 0 0 ,6 1
85	2 0 3 0 0 0 ,18 2,33 2,35 2
86	7 0 0 0 0 2 ,6 5,37 5
87	7 0 0 1 1 0 ,31 4,34 3
89	5 1 2 2 0 0 ,1 3,5 1,13 3,29 2,38 2
92	8 0 0 1 0 0 ,24 3
93	3 1 0 1 0 0 ,8 3,22 1
94	10 1 0 0 0 0 ,23 1
95	21 0 0 0 1 0 ,21 4
96	11 0 0 0 0 1 ,20 5
97	19 0 0 0 1 0 ,14 4
