0	4 2 1 1 0 0 ,20 1,27 2,30 3,33 1
1	21 0 0 0 0 1 ,21 5
2	8 0 0 0 1 1 ,12 4,23 5
4	13 0 0 1 0 0 ,15 3
7	10 0 1 0 0 0 ,0 2
8	10 1 0 1 0 0 ,10 3,26 1
9	4 1 0 0 0 1 ,27 1,32 5
10	8 0 0 1 0 0 ,12 3
11	12 0 1 0 0 0 ,6 2
13	2 0 1 1 0 0 ,7 3,37 2
15	12 0 0 0 0 1 ,24 5
16	11 1 0 0 0 1 ,2 1,4 5
20	15 1 0 0 1 0 ,21 4,25 1
21	21 0 0 1 0 0 ,21 3
24	14 0 0 0 1 0 ,34 4
25	13 1 0 0 0 0 ,1 1
26	8 0 0 0 0 1 ,5 5
27	4 0 0 0 1 0 ,28 4
28	12 0 1 1 1 0 ,4 2,6 4,19 3
29	4 1 0 0 0 0 ,27 1
30	7 1 0 0 0 0 ,29 1
31	14 0 0 0 1 0 ,14 4
33	17 0 0 1 0 0 ,32 3
34	11 0 0 0 1 1 ,2 5,14 4
35	13 1 0 0 1 0 ,1 1,15 4
36	11 2 0 0 0 1 ,2 1,21 5,25 1
38	10 0 1 0 0 0 ,0 2
39	14 1 0 0 0 0 ,34 1
40	3 0 0 1 0 1 ,0 5,8 3
41	11 0 0 1 0 0 ,18 3
42	13 0 2 1 1 1 ,1 2,15 3,19 2,23 5,33 4
43	10 0 0 1 0 0 ,30 3
45	14 0 0 0 1 0 ,16 4
46	11 0 0 0 1 1 ,2 4,23 5
47	3 0 0 2 0 1 ,1 5,26 3,35 3
48	10 1 0 0 0 0 ,0 1
49	16 0 1 0 0 0 ,33 2
51	16 1 0 0 0 0 ,23 1
52	22 0 0 0 0 1 ,19 5
53	14 0 0 1 0 1 ,14 3,19 5
54	1 1 0 0 1 0 ,3 1,13 4
55	16 0 0 0 1 0 ,33 4
57	15 1 0 0 0 0 ,25 1
58	22 0 0 0 0 1 ,19 5
59	12 0 1 1 0 0 ,4 3,32 2
60	9 0 0 0 0 1 ,20 5
62	7 0 1 1 0 0 ,17 3,21 2
64	8 1 0 0 0 0 ,12 1
65	13 0 1 0 2 0 ,1 4,15 2,36 4
67	14 0 0 0 1 0 ,16 4
69	10 0 1 1 0 0 ,10 2,26 3
70	4 0 1 0 0 0 ,11 2
71	13 1 0 0 0 0 ,15 1
73	5 0 0 0 0 2 ,10 5,22 5
75	13 1 0 0 0 0 ,13 1
76	10 0 0 1 0 1 ,9 5,16 3
77	2 0 1 0 0 0 ,31 2
78	10 0 0 1 1 2 ,9 5,25 4,26 3,36 5
79	8 1 0 0 0 1 ,5 1,32 5
81	14 0 0 0 1 0 ,34 4
82	8 1 1 2 0 0 ,6 1,7 3,13 3,24 2
85	7 0 0 1 1 0 ,17 4,25 3
86	17 0 1 0 0 0 ,32 2
87	10 0 0 0 1 2 ,18 5,30 4,33 5
89	4 0 1 1 0 1 ,11 2,14 3,34 5
91	7 0 0 0 1 0 ,29 4
92	12 0 1 0 0 1 ,6 5,21 2
93	8 0 3 0 0 0 ,4 2,5 2,7 2
94	7 0 1 1 0 1 ,18 3,24 5,29 2
97	9 0 0 2 0 1 ,13 5,16 3,20 3
98	14 0 0 0 0 2 ,25 5,36 5
99	22 0 1 0 0 0 ,19 2
