0	12 0 0 1 0 0 ,11 3
1	7 0 0 0 0 1 ,15 5
2	9 0 0 1 1 0 ,4 3,16 4
6	7 0 0 0 1 0 ,21 4
8	6 0 1 0 0 0 ,13 2
12	16 0 0 0 0 1 ,5 5
13	13 0 1 1 0 0 ,8 3,10 2
17	5 2 0 0 0 0 ,16 1,18 1
19	16 0 0 0 1 0 ,5 4
26	5 0 0 0 1 0 ,1 4
28	10 0 1 0 0 0 ,9 2
29	16 0 0 0 1 1 ,3 5,5 4
33	13 0 0 0 1 0 ,10 4
34	7 0 2 0 0 0 ,20 2,21 2
35	10 0 2 0 0 0 ,8 2,9 2
40	13 0 0 1 2 0 ,3 4,5 3,10 4
41	10 0 0 0 1 1 ,3 5,19 4
42	20 0 1 0 0 0 ,3 2
43	11 1 0 0 0 1 ,14 1,16 5
46	11 0 0 0 0 1 ,14 5
50	20 0 0 0 1 0 ,3 4
52	5 1 0 0 1 0 ,8 4,18 1
53	5 1 0 0 0 0 ,1 1
54	12 0 0 0 0 1 ,11 5
55	11 0 0 0 0 1 ,17 5
57	14 0 0 0 1 0 ,12 4
60	11 0 0 0 0 1 ,14 5
61	10 0 0 1 0 0 ,9 3
62	13 1 0 0 0 0 ,10 1
63	10 0 0 0 1 1 ,12 4,19 5
64	6 0 0 1 1 0 ,8 3,13 4
66	15 0 1 0 0 0 ,16 2
68	11 0 0 0 1 0 ,17 4
71	14 0 0 1 0 0 ,12 3
72	7 1 0 0 0 0 ,21 1
73	8 1 0 0 0 0 ,20 1
76	2 0 2 1 0 0 ,0 3,7 2,10 2
78	5 1 0 0 0 0 ,2 1
81	5 0 0 0 1 0 ,2 4
83	14 1 0 0 0 0 ,12 1
85	10 0 1 1 0 0 ,9 3,11 2
86	7 0 2 0 0 0 ,11 2,15 2
88	16 0 0 0 1 0 ,8 4
89	11 0 1 0 0 0 ,17 2
91	5 0 0 1 0 1 ,6 5,16 3
92	5 0 0 1 0 0 ,18 3
93	8 0 0 0 0 1 ,20 5
96	9 1 0 0 0 0 ,4 1
98	9 0 0 0 0 1 ,4 5
99	10 1 1 0 0 0 ,12 2,19 1
