0	13 0 0 0 1 0 ,26 4
1	20 0 1 0 0 0 ,12 2
2	5 0 0 0 0 1 ,16 5
3	15 0 0 1 0 0 ,8 3
4	9 1 0 0 0 0 ,21 1
5	9 2 0 0 0 0 ,22 1,28 1
6	9 0 0 1 0 1 ,19 5,22 3
7	18 0 0 0 1 0 ,2 4
8	15 1 0 0 0 0 ,8 1
10	16 0 0 0 0 1 ,4 5
11	8 1 0 0 1 0 ,19 1,29 4
12	8 0 0 0 1 1 ,23 4,28 5
14	19 0 0 1 0 0 ,30 3
15	12 1 0 0 0 0 ,28 1
17	8 0 0 1 2 0 ,3 3,26 4,29 4
18	2 0 1 0 0 0 ,6 2
19	9 1 0 1 0 0 ,19 3,21 1
20	7 0 0 1 0 0 ,0 3
22	16 0 0 0 0 1 ,14 5
23	12 1 0 1 0 0 ,3 1,28 3
24	10 1 0 0 0 0 ,15 1
25	15 0 0 0 1 0 ,3 4
27	3 2 0 0 2 0 ,1 4,11 4,13 1,19 1
28	8 0 1 1 0 1 ,2 5,23 2,31 3
32	9 0 0 0 1 1 ,27 5,32 4
33	8 0 1 1 0 0 ,7 3,23 2
35	2 0 1 1 0 0 ,2 3,5 2
36	9 1 0 0 1 1 ,8 1,10 5,24 4
37	15 0 0 1 1 0 ,1 3,17 4
38	10 1 0 0 0 0 ,15 1
39	18 0 0 0 1 0 ,31 4
41	15 0 0 0 1 0 ,3 4
42	19 0 0 1 0 0 ,30 3
43	7 0 0 0 1 0 ,0 4
45	2 1 1 0 0 0 ,25 2,32 1
46	3 0 2 0 0 0 ,13 2,17 2
47	4 0 1 0 0 0 ,20 2
50	9 0 0 0 1 0 ,7 4
51	9 2 0 0 0 0 ,14 1,22 1
53	15 0 0 0 0 1 ,8 5
54	15 1 0 0 0 0 ,17 1
56	12 1 0 0 0 1 ,24 1,31 5
59	12 0 0 1 0 0 ,24 3
62	15 0 0 0 0 1 ,8 5
63	9 1 0 0 0 0 ,10 1
64	10 1 0 1 0 0 ,15 1,30 3
65	15 0 1 1 0 1 ,3 2,14 3,30 5
66	12 1 0 0 0 0 ,24 1
67	16 1 0 0 1 0 ,1 4,4 1
69	10 1 0 0 0 0 ,15 1
70	9 0 0 0 1 0 ,9 4
71	13 1 0 0 0 0 ,26 1
73	10 1 0 0 0 0 ,15 1
74	7 2 1 1 0 1 ,1 5,4 3,18 2,21 1,31 1
76	18 0 0 0 0 2 ,12 5,31 5
77	16 0 0 1 1 0 ,4 3,12 4
79	7 0 0 0 0 2 ,11 5,18 5
80	9 0 1 0 0 1 ,9 2,17 5
82	13 0 0 0 2 1 ,4 4,14 5,26 4
83	15 1 0 0 0 1 ,3 1,12 5
85	9 1 2 0 0 0 ,1 2,21 1,28 2
88	9 0 0 1 1 0 ,17 3,27 4
89	10 0 1 0 0 2 ,14 2,15 5,32 5
90	9 0 0 1 0 0 ,10 3
92	9 0 0 2 1 0 ,1 4,2 3,9 3
93	18 0 0 1 0 0 ,2 3
94	19 0 0 0 0 1 ,30 5
95	9 0 1 0 0 0 ,7 2
96	20 0 0 0 1 0 ,12 4
97	12 0 0 1 0 0 ,24 3
98	9 1 0 0 1 0 ,19 1,22 4
99	4 0 2 0 0 1 ,20 2,21 5,32 2
