0	18 0 0 1 0 0 ,19 3
2	16 0 0 0 0 1 ,23 5
4	3 0 0 1 0 0 ,20 3
5	9 1 0 0 1 0 ,0 4,5 1
6	18 0 0 0 0 1 ,18 5
8	4 0 0 2 2 0 ,13 4,21 3,26 4,27 3
9	18 0 1 0 0 0 ,17 2
17	3 0 4 0 0 0 ,2 2,8 2,15 2,28 2
18	15 0 2 0 0 0 ,19 2,25 2
20	22 0 1 0 0 0 ,26 2
21	11 0 1 1 0 0 ,4 2,10 3
23	16 0 0 0 0 1 ,23 5
24	13 0 0 0 3 0 ,2 4,21 4,26 4
25	9 0 0 0 0 1 ,5 5
28	15 0 1 1 0 1 ,4 3,17 2,18 5
29	15 0 2 0 0 0 ,0 2,25 2
30	2 1 0 0 0 0 ,14 1
32	18 0 0 1 0 0 ,0 3
33	8 0 0 1 1 0 ,18 3,24 4
36	4 0 0 0 2 0 ,17 4,22 4
37	11 0 0 0 0 1 ,6 5
38	13 1 0 0 1 0 ,3 4,21 1
40	20 0 0 0 0 1 ,3 5
41	18 0 0 2 0 0 ,19 3,26 3
42	9 0 1 0 0 0 ,5 2
43	7 0 0 0 0 1 ,11 5
44	2 1 0 0 0 1 ,14 1,17 5
46	11 0 1 0 0 0 ,6 2
47	22 0 0 0 0 1 ,26 5
48	18 0 0 0 0 1 ,19 5
49	5 1 1 0 1 0 ,6 4,8 1,23 2
52	9 1 0 0 0 0 ,5 1
54	9 0 0 1 2 0 ,19 4,25 3,27 4
56	18 0 0 0 0 1 ,18 5
57	14 0 0 0 0 1 ,2 5
60	7 1 1 1 0 0 ,2 3,27 2,29 1
61	20 0 0 0 0 1 ,3 5
63	7 0 1 0 1 0 ,1 2,24 4
64	18 0 1 0 0 0 ,0 2
65	5 1 1 0 0 1 ,1 5,28 1,29 2
67	11 1 0 0 0 0 ,10 1
68	1 1 0 0 0 0 ,12 1
70	4 0 0 0 1 0 ,16 4
73	15 0 0 0 0 1 ,4 5
74	6 2 0 1 0 0 ,3 3,7 1,10 1
76	7 0 0 0 1 0 ,29 4
78	15 0 0 1 0 0 ,4 3
79	16 1 0 0 0 0 ,23 1
85	6 0 1 0 0 2 ,4 2,7 5,10 5
86	5 0 2 1 0 0 ,3 3,21 2,28 2
87	13 0 0 1 0 0 ,21 3
88	5 0 1 0 1 0 ,8 2,26 4
91	3 1 1 0 0 1 ,11 2,15 1,17 5
92	4 0 0 0 1 0 ,9 4
93	15 0 0 0 0 1 ,25 5
94	11 1 0 0 0 0 ,10 1
96	15 0 0 1 1 0 ,0 4,25 3
97	18 1 0 1 0 0 ,0 3,19 1
98	16 0 0 1 0 0 ,23 3
