0	19 0 1 0 0 0 ,11 2
1	9 0 2 0 0 0 ,7 2,22 2
2	15 1 0 0 1 0 ,16 1,22 4
3	11 0 0 0 0 1 ,17 5
4	14 0 0 0 0 1 ,27 5
5	20 0 0 1 0 0 ,28 3
7	20 0 0 0 0 1 ,28 5
9	1 2 0 0 0 0 ,0 1,28 1
12	19 0 1 0 0 0 ,11 2
13	12 0 1 0 0 0 ,8 2
14	15 0 1 0 0 0 ,25 2
15	12 0 0 1 0 0 ,23 3
16	14 0 0 1 0 0 ,27 3
18	20 0 0 0 0 1 ,28 5
19	10 0 0 0 0 1 ,26 5
22	1 1 0 0 0 1 ,6 1,23 5
23	12 1 0 0 0 1 ,8 1,15 5
25	16 1 0 0 0 0 ,22 1
27	16 0 1 0 1 0 ,22 2,28 4
28	6 0 1 0 0 0 ,21 2
29	14 0 0 1 0 0 ,4 3
30	10 0 0 1 0 1 ,8 5,24 3
32	11 0 1 0 1 1 ,11 5,17 4,22 2
36	10 0 2 0 1 0 ,2 4,20 2,24 2
37	15 1 0 0 0 0 ,20 1
38	14 1 1 0 0 0 ,10 1,16 2
40	15 1 0 0 0 2 ,14 5,15 5,16 1
42	20 0 0 1 0 0 ,14 3
43	4 0 2 0 1 0 ,7 2,12 4,23 2
44	8 0 0 1 0 1 ,13 3,16 5
45	15 0 0 1 0 0 ,25 3
48	19 0 0 0 0 1 ,11 5
49	3 2 1 0 0 1 ,1 1,3 1,11 2,16 5
52	6 2 0 0 0 1 ,16 1,20 5,21 1
53	7 0 1 1 0 0 ,2 3,5 2
54	14 0 1 0 0 0 ,27 2
55	5 0 0 0 2 0 ,3 4,5 4
57	10 0 0 0 1 0 ,26 4
59	1 1 0 1 0 0 ,11 3,19 1
62	9 1 0 0 0 0 ,7 1
63	20 0 1 0 0 0 ,28 2
64	15 0 0 0 1 0 ,25 4
66	14 0 0 0 2 0 ,2 4,10 4
67	8 1 0 0 0 0 ,13 1
69	8 1 0 1 1 0 ,13 3,24 1,27 4
70	3 1 0 3 0 0 ,5 1,18 3,21 3,24 3
71	8 1 0 1 0 0 ,2 3,13 1
72	11 0 1 0 1 1 ,17 2,20 4,25 5
74	3 0 1 0 0 0 ,1 2
75	20 0 0 0 0 1 ,14 5
76	14 1 0 0 0 0 ,10 1
78	20 0 0 0 0 1 ,14 5
79	12 1 0 0 0 0 ,8 1
82	14 0 0 1 0 0 ,4 3
83	14 1 0 0 1 0 ,10 1,15 4
84	10 1 1 0 0 0 ,23 2,24 1
86	4 0 0 0 1 0 ,9 4
87	14 0 0 1 0 0 ,4 3
89	17 0 1 0 0 0 ,15 2
90	9 1 1 0 0 0 ,7 2,15 1
92	14 0 1 0 1 1 ,10 4,14 2,22 5
94	15 1 0 0 0 0 ,25 1
95	12 0 0 1 0 1 ,4 5,8 3
96	9 1 1 1 0 0 ,7 2,20 3,26 1
98	14 0 0 1 0 0 ,10 3
