0	2 0 1 0 0 0 ,2 2
1	10 1 0 0 0 0 ,22 1
3	11 1 1 1 0 0 ,7 1,19 2,25 3
4	11 0 0 1 0 2 ,0 3,1 5,30 5
6	16 0 0 0 0 1 ,26 5
7	6 1 0 0 0 1 ,15 5,27 1
8	15 0 0 0 1 0 ,23 4
10	15 1 0 0 1 0 ,12 4,14 1
11	16 0 0 0 1 1 ,0 4,13 5
12	16 1 0 0 0 1 ,12 1,35 5
13	17 0 0 1 0 1 ,19 3,20 5
16	11 0 2 0 0 0 ,5 2,28 2
17	11 0 2 0 0 0 ,25 2,26 2
18	10 0 0 0 1 1 ,9 4,16 5
19	20 0 0 0 1 0 ,3 4
20	23 0 0 0 0 1 ,13 5
22	8 0 1 0 0 0 ,8 2
23	1 2 0 0 0 0 ,24 1,32 1
24	11 0 0 0 1 1 ,21 4,34 5
25	8 1 1 0 1 0 ,8 1,15 2,19 4
26	18 0 0 0 0 1 ,33 5
27	3 1 2 0 1 1 ,4 2,5 4,16 2,17 1,22 5
28	17 1 0 0 0 0 ,12 1
29	10 2 0 0 0 0 ,17 1,21 1
30	16 0 0 1 1 0 ,3 3,28 4
31	15 1 1 0 0 0 ,14 2,23 1
32	11 1 0 1 0 1 ,1 3,19 5,35 1
33	10 0 2 0 0 1 ,9 2,26 5,31 2
34	11 0 0 2 0 0 ,16 3,34 3
35	11 1 1 0 0 0 ,7 1,18 2
36	10 0 0 0 1 1 ,20 5,31 4
37	6 1 2 0 0 0 ,0 1,12 2,27 2
38	11 0 0 0 2 0 ,13 4,25 4
39	10 1 1 0 0 0 ,9 1,34 2
40	16 0 1 0 0 0 ,26 2
41	8 1 0 0 0 1 ,8 5,18 1
42	11 1 0 0 0 0 ,25 1
44	2 0 1 0 1 1 ,10 2,18 4,35 5
46	16 1 0 1 0 1 ,28 3,30 5,33 1
47	20 0 0 0 1 0 ,20 4
48	18 0 0 0 0 1 ,33 5
49	15 1 0 0 0 0 ,14 1
50	7 2 1 0 0 0 ,7 2,25 1,29 1
51	16 0 1 0 0 1 ,12 5,28 2
52	16 0 0 1 1 1 ,0 4,7 5,30 3
53	15 0 0 0 1 1 ,6 4,14 5
54	3 1 0 1 1 0 ,4 1,14 3,22 4
56	15 0 0 0 1 2 ,13 5,16 4,23 5
57	6 0 1 0 1 0 ,3 4,27 2
59	15 1 1 0 0 1 ,11 2,20 1,21 5
61	20 0 0 1 0 0 ,20 3
64	16 0 0 1 1 0 ,7 4,28 3
65	7 0 0 0 1 1 ,12 4,29 5
66	17 0 0 0 0 1 ,32 5
68	10 1 0 0 0 0 ,9 1
69	18 0 0 0 0 1 ,33 5
70	11 1 1 0 1 0 ,7 4,16 2,34 1
71	16 0 0 0 3 0 ,0 4,6 4,11 4
73	10 0 0 0 2 1 ,13 4,31 4,32 5
74	11 0 0 0 1 1 ,18 4,21 5
75	11 0 1 0 0 0 ,5 2
76	10 0 1 0 0 1 ,9 2,11 5
78	10 0 0 2 0 0 ,15 3,17 3
80	6 1 0 0 0 2 ,27 1,32 5,35 5
82	15 0 0 0 0 1 ,23 5
83	16 2 0 0 0 1 ,6 5,26 1,32 1
84	16 0 0 1 0 0 ,30 3
85	20 0 0 0 0 1 ,3 5
86	16 1 1 0 0 1 ,11 5,26 1,33 2
87	16 0 1 0 0 0 ,28 2
88	10 0 1 0 0 0 ,17 2
89	15 0 0 1 0 0 ,14 3
91	7 1 0 0 0 0 ,29 1
95	11 0 0 1 0 0 ,5 3
96	17 0 0 1 1 0 ,3 4,19 3
97	17 0 1 0 1 0 ,6 4,20 2
98	10 0 0 1 0 0 ,17 3
99	11 1 0 2 0 0 ,1 3,15 1,16 3
