0	17 0 0 1 0 0 ,2 3
1	17 0 0 0 1 0 ,10 4
2	14 0 1 0 0 0 ,17 2
3	5 0 0 1 0 0 ,20 3
4	6 0 1 0 0 0 ,0 2
5	6 0 0 0 1 0 ,0 4
6	15 0 0 0 1 1 ,2 4,7 5
8	15 0 1 1 0 0 ,7 2,10 3
9	11 0 0 1 0 0 ,16 3
10	9 0 0 0 1 0 ,4 4
13	12 0 1 1 0 0 ,13 2,15 3
18	17 0 1 0 0 0 ,12 2
19	4 0 1 0 1 0 ,3 2,5 4
21	14 0 1 0 1 0 ,2 2,17 4
22	11 0 0 0 0 1 ,16 5
25	8 0 0 1 0 2 ,5 3,10 5,11 5
29	9 0 0 2 0 1 ,14 5,15 3,18 3
31	9 0 0 1 1 1 ,12 3,14 4,17 5
32	5 0 0 0 0 1 ,9 5
33	17 0 0 0 0 1 ,12 5
34	4 1 0 0 1 0 ,3 1,18 4
37	11 1 0 0 0 0 ,18 1
40	5 0 0 0 0 1 ,6 5
44	14 1 0 0 1 0 ,2 4,17 1
47	8 1 1 0 0 1 ,1 5,4 1,11 2
48	5 0 1 0 0 0 ,20 2
49	15 0 0 0 1 0 ,5 4
51	11 0 1 1 0 0 ,2 3,18 2
54	4 1 0 0 0 0 ,3 1
60	17 1 0 0 0 0 ,12 1
61	12 0 0 0 0 1 ,15 5
64	14 0 1 0 0 0 ,17 2
67	12 0 2 0 0 0 ,5 2,13 2
68	2 0 1 0 0 0 ,8 2
70	17 0 0 1 0 0 ,12 3
72	2 0 2 0 0 0 ,13 2,19 2
73	17 1 0 0 0 0 ,2 1
74	11 0 1 1 0 0 ,5 2,16 3
75	11 1 0 0 0 0 ,18 1
76	12 0 0 0 0 1 ,13 5
78	15 0 0 0 1 2 ,1 5,7 4,10 5
81	12 1 0 0 1 0 ,7 4,15 1
82	17 0 0 0 0 1 ,1 5
85	8 1 0 0 0 0 ,11 1
86	17 0 1 0 0 0 ,1 2
90	9 0 0 0 1 0 ,4 4
91	12 1 0 0 0 0 ,13 1
95	17 0 0 1 0 0 ,12 3
