0	12 1 1 0 0 1 ,0 2,2 1,16 5
1	15 0 1 0 0 1 ,7 2,8 5
2	16 0 0 1 0 0 ,11 3
5	18 0 0 0 0 1 ,3 5
7	19 0 0 0 1 0 ,7 4
9	6 1 0 0 0 0 ,17 1
11	19 1 0 0 0 0 ,7 1
13	15 0 0 1 0 0 ,8 3
20	17 0 0 1 0 0 ,9 3
21	12 1 1 1 0 0 ,0 3,1 1,3 2
25	16 0 0 0 0 1 ,5 5
27	16 1 0 0 0 0 ,5 1
28	8 0 1 0 0 0 ,14 2
30	15 0 1 0 0 0 ,8 2
31	15 0 0 0 1 0 ,1 4
33	13 0 0 1 0 0 ,2 3
35	13 0 1 0 0 0 ,2 2
36	8 0 1 0 0 0 ,15 2
39	18 1 0 0 0 0 ,3 1
41	8 1 0 0 0 0 ,10 1
43	16 1 0 0 1 0 ,5 4,18 1
44	14 0 0 0 1 0 ,16 4
45	6 1 0 0 0 0 ,17 1
46	16 0 1 1 0 0 ,11 3,18 2
51	6 1 0 2 0 0 ,7 3,9 1,13 3
52	18 0 0 1 0 0 ,3 3
53	18 0 0 0 0 1 ,3 5
54	15 0 0 0 1 0 ,1 4
55	15 0 0 0 0 1 ,8 5
56	16 1 0 0 0 0 ,11 1
57	8 1 1 0 2 0 ,3 2,4 4,10 1,18 4
58	12 1 0 0 0 0 ,0 1
59	16 0 0 1 0 0 ,11 3
60	6 1 0 0 0 0 ,13 1
62	16 0 0 0 1 0 ,11 4
63	13 0 1 0 0 0 ,2 2
64	8 0 1 1 0 0 ,10 3,16 2
65	6 1 0 0 0 1 ,1 5,6 1
67	8 0 1 0 1 0 ,7 4,15 2
69	16 0 0 1 0 0 ,5 3
70	16 1 0 0 0 0 ,5 1
71	19 0 0 0 0 1 ,7 5
72	16 0 1 0 0 0 ,11 2
73	12 0 0 1 0 0 ,0 3
77	6 0 0 0 0 1 ,6 5
78	8 0 0 1 0 1 ,14 5,18 3
79	15 1 0 0 0 1 ,1 1,9 5
80	16 0 1 0 0 0 ,5 2
81	18 0 0 0 0 1 ,18 5
82	18 0 0 1 0 0 ,18 3
85	17 0 0 0 0 1 ,9 5
87	8 1 0 0 0 0 ,14 1
89	8 0 0 1 0 0 ,10 3
91	6 1 0 0 1 0 ,9 1,17 4
92	6 0 2 0 0 1 ,0 2,4 5,13 2
93	12 1 0 1 0 0 ,0 1,16 3
98	1 1 0 0 1 1 ,2 5,12 1,15 4
99	17 0 1 0 0 0 ,9 2
