0	0,1,2,3,4,5,6,7,8,9,10,11,12,13,14,15,
1	0,1,2,3,4,5,6,7,8,9,10,11,12,13,14,15,
2	0,1,2,3,4,5,6,7,8,9,10,11,12,13,14,15,
3	0,1,2,3,4,5,6,8,9,10,12,13,14,15,
4	0,1,2,3,4,5,6,7,8,9,10,12,13,14,15,
5	0,1,2,3,4,5,6,7,8,9,10,11,12,13,14,15,
6	0,1,2,3,4,6,9,10,11,12,13,14,15,
7	0,1,2,3,4,5,6,7,9,12,14,15,
8	0,1,2,3,4,7,8,9,10,12,14,15,
9	1,2,7,8,10,11,13,14,15,
10	1,2,4,13,15,
11	10,14,
13	1,12,
14	1,2,7,8,14,
15	7,8,14,
16	3,
18	10,
19	4,
21	4,13,
24	10,
25	14,
28	7,8,
32	7,
34	10,
44	7,
49	7,
64	0,
104	9,
173	4,
218	10,
306	15,
329	13,
338	11,
399	10,
569	7,
589	11,
594	13,
