0	6 1 1 0 0 0 ,0 2,25 1
3	16 0 0 1 0 1 ,16 3,22 5
4	21 0 1 0 0 0 ,17 2
5	12 0 1 0 0 1 ,3 2,22 5
6	17 1 0 1 1 0 ,0 3,8 4,16 1
10	6 0 1 0 0 0 ,25 2
11	14 1 0 0 0 1 ,9 1,14 5
12	6 0 2 0 0 0 ,4 2,13 2
13	17 0 0 0 0 1 ,16 5
14	16 0 0 0 1 0 ,1 4
15	11 0 0 1 0 0 ,18 3
17	13 1 1 0 0 0 ,1 1,24 2
18	21 0 0 0 1 0 ,17 4
22	16 1 0 0 1 1 ,0 4,8 5,22 1
24	6 2 0 1 0 0 ,4 1,21 3,23 1
25	5 1 0 0 0 0 ,6 1
27	2 1 1 0 1 0 ,7 4,12 1,22 2
30	6 1 0 0 1 0 ,7 1,13 4
31	14 1 0 1 0 0 ,9 1,17 3
32	6 1 0 0 0 1 ,17 5,23 1
34	13 1 0 0 0 0 ,24 1
35	13 0 0 2 0 0 ,0 3,24 3
36	7 0 1 0 0 0 ,11 2
39	9 0 0 0 1 0 ,19 4
40	19 0 0 0 0 1 ,0 5
41	7 0 0 1 0 1 ,1 5,4 3
42	20 1 0 0 0 0 ,8 1
45	2 0 2 0 0 0 ,10 2,25 2
48	13 1 0 0 0 1 ,17 5,24 1
49	11 0 1 0 0 0 ,7 2
51	6 1 0 0 0 0 ,25 1
52	17 1 0 0 0 0 ,16 1
53	16 0 0 0 0 1 ,1 5
54	2 1 0 0 1 0 ,12 1,24 4
55	11 0 0 0 0 1 ,18 5
56	13 0 1 0 0 0 ,24 2
61	20 0 0 0 0 1 ,8 5
62	16 0 0 0 0 1 ,21 5
65	20 0 0 0 1 0 ,8 4
66	17 0 2 0 0 0 ,14 2,16 2
67	12 0 0 0 1 0 ,3 4
68	11 0 0 1 0 0 ,18 3
69	5 1 0 0 0 0 ,6 1
70	5 0 0 0 0 1 ,2 5
71	14 0 0 0 0 1 ,9 5
74	5 0 2 0 0 0 ,6 2,17 2
76	9 0 0 1 0 1 ,9 3,19 5
78	7 0 0 0 0 1 ,11 5
79	14 1 1 0 1 0 ,0 2,1 1,9 4
80	17 0 0 0 0 1 ,16 5
82	16 0 0 1 0 0 ,22 3
83	12 1 0 0 0 0 ,3 1
84	11 0 0 0 1 1 ,7 4,14 5
85	20 1 0 0 0 0 ,8 1
87	1 1 1 0 1 1 ,3 5,5 4,15 1,20 2
89	6 0 0 0 1 0 ,23 4
90	5 1 0 0 0 0 ,6 1
91	7 1 0 0 1 0 ,4 1,14 4
93	16 1 0 0 0 0 ,21 1
94	21 0 0 0 0 1 ,14 5
96	16 0 1 0 0 0 ,21 2
97	16 0 0 0 0 1 ,21 5
98	7 0 0 0 0 1 ,20 5
