0	21 0 0 0 1 0 ,3 4
2	13 0 0 0 2 0 ,3 4,14 4
3	6 0 1 1 0 0 ,6 2,15 3
6	14 0 0 0 1 0 ,7 4
9	15 0 0 0 1 0 ,23 4
10	10 0 1 0 0 0 ,19 2
11	6 0 1 0 1 0 ,5 4,13 2
12	12 0 0 1 0 0 ,4 3
13	12 1 1 0 0 0 ,14 1,21 2
15	13 0 1 0 0 1 ,7 5,11 2
17	5 0 1 1 0 0 ,5 3,17 2
18	3 0 0 1 0 0 ,10 3
20	13 0 0 1 0 0 ,11 3
22	3 0 0 1 0 0 ,16 3
23	12 0 0 0 1 0 ,4 4
24	4 1 0 0 1 0 ,3 4,18 1
25	18 0 0 0 0 1 ,24 5
27	12 0 2 0 0 0 ,21 2,23 2
29	12 2 0 0 0 0 ,14 1,21 1
30	21 0 0 0 1 0 ,3 4
31	10 1 0 0 0 0 ,12 1
32	21 0 0 1 0 0 ,15 3
34	13 0 0 1 0 0 ,11 3
35	11 0 0 0 1 0 ,0 4
36	5 1 0 1 0 0 ,20 3,22 1
38	15 0 0 0 0 1 ,23 5
39	14 0 1 0 0 0 ,7 2
40	21 0 0 1 0 0 ,15 3
41	11 1 0 1 0 0 ,0 3,25 1
42	12 0 1 1 0 1 ,21 2,23 3,24 5
48	13 0 0 1 0 0 ,11 3
49	12 0 0 0 0 1 ,21 5
51	6 0 0 2 0 0 ,6 3,7 3
55	12 1 0 0 0 1 ,4 1,15 5
57	10 0 0 0 0 1 ,19 5
58	18 0 0 0 1 0 ,24 4
59	6 0 1 0 0 0 ,13 2
60	18 0 1 1 0 0 ,15 3,24 2
61	10 1 0 1 0 0 ,14 3,19 1
62	5 1 1 0 0 1 ,5 5,13 2,22 1
64	13 1 0 0 0 0 ,11 1
66	14 0 0 1 0 0 ,20 3
68	12 2 0 0 0 0 ,20 1,25 1
69	14 1 0 0 0 0 ,20 1
70	5 0 0 1 0 1 ,17 3,20 5
72	12 0 0 1 0 0 ,25 3
73	5 3 0 0 1 0 ,0 4,4 1,22 1,24 1
74	5 0 2 0 0 0 ,1 2,5 2
75	2 1 1 0 0 0 ,2 2,24 1
76	5 0 1 0 0 0 ,22 2
78	12 0 0 0 1 0 ,25 4
81	10 1 1 0 0 0 ,8 1,25 2
83	13 0 0 0 1 0 ,14 4
85	6 1 0 0 0 0 ,6 1
86	10 0 0 0 1 1 ,8 5,12 4
88	10 0 1 0 0 0 ,19 2
89	12 1 0 0 0 0 ,25 1
90	13 1 0 0 1 0 ,11 1,15 4
92	4 1 0 1 0 1 ,12 5,18 3,20 1
93	5 0 0 1 0 0 ,1 3
94	10 1 0 0 0 0 ,8 1
97	10 0 0 1 0 1 ,3 5,8 3
98	5 1 0 0 0 1 ,9 5,23 1
99	12 0 0 1 0 0 ,4 3
