0	22 0 1 0 0 0 ,25 2
4	6 2 0 0 0 0 ,6 1,15 1
6	14 0 1 0 1 0 ,15 2,25 4
7	4 0 0 0 1 0 ,11 4
8	6 0 0 0 1 0 ,23 4
9	18 0 0 0 0 1 ,16 5
10	17 0 0 0 1 0 ,18 4
12	2 0 4 0 0 0 ,13 2,18 2,26 2,27 2
14	19 1 0 0 0 0 ,14 1
15	12 0 0 0 0 1 ,5 5
17	12 0 0 0 0 1 ,5 5
18	8 0 2 1 0 1 ,8 2,9 3,17 2,18 5
19	16 0 0 0 0 1 ,26 5
20	3 0 0 1 0 1 ,2 3,10 5
22	6 1 0 0 0 0 ,6 1
24	6 0 1 0 0 1 ,5 2,20 5
25	5 1 1 0 0 0 ,0 2,16 1
26	6 0 1 0 0 0 ,24 2
27	6 1 0 0 0 0 ,23 1
29	6 1 0 0 0 1 ,6 1,14 5
30	8 0 0 0 1 0 ,21 4
33	14 0 1 0 1 0 ,15 4,16 2
34	6 1 2 0 0 2 ,4 5,6 2,8 1,9 2,28 5
35	6 0 1 0 0 0 ,24 2
37	10 1 1 0 0 0 ,1 2,26 1
38	18 0 0 0 1 0 ,16 4
39	14 0 0 0 1 0 ,15 4
40	3 0 0 1 0 0 ,12 3
42	6 1 0 0 0 1 ,6 1,16 5
43	22 0 0 0 0 1 ,25 5
45	15 0 0 0 1 0 ,4 4
49	6 1 0 0 0 0 ,24 1
50	17 0 0 1 1 0 ,14 3,18 4
51	10 0 1 0 0 0 ,1 2
54	9 0 1 0 0 0 ,7 2
55	20 0 0 1 0 0 ,19 3
56	3 1 0 1 0 0 ,3 3,28 1
57	13 0 1 0 0 2 ,4 2,9 5,10 5
59	16 0 0 0 0 1 ,26 5
62	9 0 0 1 0 0 ,7 3
63	16 2 0 0 0 0 ,9 1,18 1
65	8 0 1 0 0 0 ,17 2
67	13 0 1 1 0 0 ,10 3,19 2
69	8 1 0 0 0 0 ,27 1
73	8 0 1 0 1 1 ,9 2,25 5,27 4
75	6 1 0 0 0 0 ,20 1
77	15 0 0 0 1 0 ,4 4
78	10 1 0 0 0 0 ,1 1
80	18 1 0 0 0 0 ,16 1
81	6 1 0 0 0 0 ,23 1
82	17 1 0 0 0 0 ,18 1
83	19 0 0 0 1 0 ,14 4
85	4 1 0 0 1 0 ,14 1,22 4
86	8 1 0 0 1 2 ,8 5,15 1,17 4,19 5
87	8 1 0 0 1 0 ,19 4,27 1
90	7 1 0 1 0 0 ,26 3,28 1
91	10 0 1 1 0 1 ,1 5,19 3,25 2
92	6 1 0 0 0 0 ,24 1
93	8 0 0 0 1 0 ,21 4
94	20 0 0 1 0 0 ,19 3
96	19 0 0 0 0 1 ,14 5
97	9 0 1 0 2 0 ,7 4,15 2,25 4
98	16 0 0 1 0 0 ,9 3
99	5 0 0 1 0 0 ,0 3
