0	19 0 0 0 1 1 ,1 4,11 5
1	9 1 0 1 0 1 ,0 1,4 5,11 3
3	3 2 0 0 1 0 ,8 4,14 1,19 1
4	14 0 1 0 0 0 ,4 2
5	20 0 0 0 0 1 ,1 5
6	15 0 1 0 0 0 ,3 2
7	19 0 0 0 1 0 ,11 4
8	10 1 0 1 0 0 ,18 3,20 1
9	9 0 1 0 0 0 ,17 2
10	9 0 1 0 0 0 ,0 2
11	3 1 0 1 0 1 ,9 5,13 1,16 3
12	11 0 2 0 0 0 ,6 2,16 2
17	17 1 0 0 0 0 ,6 1
21	3 0 1 1 0 0 ,4 3,19 2
26	20 0 0 0 0 1 ,1 5
29	18 0 0 0 0 1 ,5 5
30	13 0 0 1 0 0 ,8 3
31	5 0 0 1 0 0 ,14 3
32	9 0 0 0 1 1 ,17 5,20 4
33	9 0 0 1 0 0 ,9 3
34	3 0 0 1 0 0 ,10 3
35	3 0 0 1 0 0 ,15 3
36	18 0 0 0 0 1 ,5 5
37	13 0 1 0 0 0 ,8 2
38	17 0 0 0 0 1 ,6 5
39	19 0 0 0 1 0 ,11 4
42	9 0 0 0 1 1 ,2 5,16 4
47	10 0 0 1 0 0 ,18 3
53	15 1 1 0 0 0 ,3 2,11 1
54	13 0 0 1 0 0 ,8 3
55	18 0 0 0 1 0 ,5 4
56	9 0 1 0 0 0 ,17 2
60	9 1 0 0 0 0 ,9 1
61	17 0 0 1 0 0 ,6 3
63	15 1 0 0 0 0 ,3 1
64	9 0 0 0 0 2 ,0 5,7 5
69	17 0 1 0 1 0 ,6 4,11 2
70	5 1 0 0 0 0 ,14 1
71	11 0 0 1 0 0 ,20 3
72	9 0 0 0 2 0 ,2 4,4 4
74	10 1 0 0 0 0 ,18 1
75	3 0 1 0 1 0 ,7 4,13 2
78	17 0 1 0 0 0 ,6 2
79	8 0 0 2 0 0 ,12 3,20 3
80	11 1 0 0 0 0 ,16 1
84	13 1 1 0 0 0 ,7 2,8 1
85	11 1 0 0 0 0 ,16 1
87	9 1 0 0 2 0 ,0 1,1 4,3 4
91	8 0 0 0 1 1 ,7 4,12 5
92	10 0 0 1 0 0 ,18 3
97	15 1 0 1 0 0 ,3 1,7 3
98	18 1 0 0 0 0 ,5 1
99	15 0 1 1 0 1 ,1 2,3 5,5 3
