2	8 0 0 1 1 2 ,9 3,14 4,16 5,26 5
3	19 0 0 1 0 0 ,10 3
4	8 0 0 1 0 1 ,5 5,9 3
7	18 0 0 0 1 0 ,0 4
8	14 0 1 0 0 0 ,14 2
9	9 0 1 0 0 0 ,3 2
11	9 1 0 1 0 0 ,2 3,19 1
13	13 0 1 0 0 0 ,11 2
14	13 0 0 1 0 0 ,23 3
15	8 2 0 0 0 0 ,20 1,23 1
16	18 0 0 0 1 0 ,0 4
17	12 0 1 0 0 0 ,17 2
18	19 0 1 0 0 0 ,10 2
20	13 2 0 0 0 0 ,18 1,23 1
21	8 0 0 1 0 0 ,20 3
24	3 0 1 2 0 0 ,6 3,9 2,12 3
25	13 1 0 1 0 0 ,11 1,14 3
26	18 0 1 0 0 0 ,22 2
27	11 0 1 0 0 0 ,26 2
28	8 1 0 0 0 0 ,20 1
29	8 1 0 0 0 0 ,16 1
30	9 0 1 0 0 0 ,2 2
31	9 0 2 1 0 0 ,0 2,2 2,11 3
33	15 0 0 0 0 1 ,18 5
34	11 0 0 1 0 1 ,0 5,24 3
37	8 1 1 1 0 0 ,11 3,15 2,26 1
38	10 0 0 1 1 0 ,4 4,9 3
39	12 0 0 0 1 0 ,17 4
41	8 0 0 1 0 0 ,15 3
46	2 0 1 0 1 0 ,8 2,10 4
49	15 0 0 1 0 0 ,18 3
52	2 0 1 0 0 0 ,1 2
53	9 0 0 0 1 3 ,3 5,4 5,7 4,19 5
54	10 1 0 0 0 0 ,7 1
58	14 0 2 0 0 0 ,14 2,22 2
61	18 0 0 1 0 0 ,0 3
62	11 0 1 2 0 0 ,14 3,22 3,24 2
63	10 0 0 0 2 1 ,19 4,22 4,25 5
64	10 0 1 0 0 0 ,7 2
66	18 0 1 1 0 0 ,10 2,22 3
69	5 1 0 1 0 1 ,10 3,12 1,23 5
70	11 0 0 1 0 0 ,26 3
73	19 0 0 0 0 1 ,10 5
74	8 0 2 0 0 0 ,18 2,20 2
75	10 0 0 1 1 0 ,7 3,18 4
76	8 1 0 1 0 0 ,15 3,20 1
78	11 1 0 0 0 0 ,19 1
79	9 0 0 0 0 1 ,21 5
80	18 0 0 0 1 0 ,22 4
81	10 2 0 0 1 0 ,4 1,11 4,23 1
82	12 0 2 0 0 0 ,9 2,17 2
84	11 0 0 1 0 0 ,24 3
85	11 0 0 1 0 0 ,24 3
86	9 0 2 0 0 0 ,3 2,9 2
90	2 0 1 0 0 0 ,13 2
91	9 1 0 0 1 1 ,17 1,21 4,25 5
92	8 0 1 0 0 0 ,16 2
93	5 1 0 0 0 0 ,12 1
94	8 0 0 1 0 0 ,5 3
96	9 0 2 0 0 0 ,2 2,23 2
98	12 0 0 1 0 0 ,17 3
