0	9 1 0 0 0 0 ,9 1
1	12 0 0 1 0 0 ,1 3
2	12 0 1 0 0 0 ,15 2
3	18 0 0 0 1 0 ,24 4
4	18 0 1 0 0 0 ,24 2
5	16 0 0 1 0 0 ,6 3
7	10 0 0 0 0 2 ,18 5,24 5
8	18 1 0 0 0 0 ,24 1
9	13 1 0 0 0 0 ,21 1
11	7 0 1 0 0 0 ,7 2
12	19 0 0 0 1 0 ,17 4
14	10 0 1 0 0 1 ,6 5,16 2
15	19 0 1 0 0 1 ,4 5,25 2
16	6 0 1 0 0 2 ,0 2,1 5,14 5
18	12 0 0 1 0 0 ,15 3
19	5 1 0 0 0 0 ,8 1
20	13 0 0 0 0 2 ,3 5,21 5
22	5 1 0 0 0 0 ,12 1
23	10 0 1 0 0 1 ,13 2,25 5
24	10 0 1 0 2 0 ,13 2,17 4,21 4
25	6 1 0 0 0 3 ,11 5,17 1,22 5,24 5
28	19 0 0 2 0 1 ,4 3,17 3,22 5
30	9 1 0 0 0 0 ,9 1
31	19 0 0 0 1 0 ,25 4
32	10 0 1 0 0 0 ,23 2
33	10 0 3 1 0 1 ,3 5,18 2,22 2,25 3,27 2
34	5 0 0 0 1 0 ,12 4
35	10 0 1 0 1 0 ,18 2,22 4
36	5 0 0 1 0 0 ,26 3
39	2 0 1 0 0 0 ,19 2
41	19 0 0 0 1 0 ,17 4
42	5 1 0 0 1 0 ,3 1,8 4
43	20 0 1 0 0 0 ,22 2
45	7 1 0 0 0 1 ,13 1,20 5
47	19 0 0 0 1 0 ,25 4
48	4 0 1 2 0 0 ,5 2,9 3,17 3
49	19 0 0 0 0 1 ,4 5
50	13 1 1 0 0 0 ,21 2,25 1
51	12 0 1 1 0 0 ,1 3,3 2
52	6 1 0 0 0 0 ,14 1
53	1 1 0 0 0 0 ,2 1
58	5 0 1 0 0 0 ,26 2
59	8 1 0 0 0 0 ,0 1
60	10 0 0 1 0 0 ,23 3
61	9 1 0 0 0 0 ,9 1
62	12 1 0 0 1 0 ,15 4,21 1
63	7 0 0 1 0 1 ,7 5,16 3
64	10 1 0 0 0 1 ,3 1,23 5
65	20 0 1 0 0 0 ,22 2
68	10 0 0 0 1 0 ,13 4
70	6 1 0 0 0 0 ,11 1
74	12 2 0 0 0 0 ,1 1,24 1
75	10 1 2 0 0 0 ,4 2,13 1,15 2
80	4 0 1 0 1 0 ,4 4,5 2
82	10 2 0 0 1 0 ,6 1,16 4,18 1
83	12 1 0 0 0 0 ,15 1
84	11 0 1 0 0 0 ,27 2
86	16 0 1 0 0 0 ,6 2
87	7 0 2 0 0 0 ,20 2,27 2
90	8 0 0 0 0 1 ,0 5
91	16 0 0 0 0 1 ,6 5
94	1 1 0 0 0 0 ,10 1
95	9 1 0 1 0 0 ,9 3,16 1
98	11 0 0 0 0 1 ,27 5
