0	7 0 1 0 0 0 ,10 2
1	10 0 0 0 1 0 ,4 4
2	10 0 0 1 0 0 ,4 3
6	9 0 0 0 0 1 ,9 5
9	5 0 1 0 0 0 ,17 2
12	20 0 0 0 0 1 ,7 5
19	9 1 0 0 1 0 ,9 4,14 1
21	7 0 0 0 0 1 ,10 5
22	15 1 0 0 0 0 ,5 1
23	2 0 1 0 0 0 ,0 2
26	5 0 0 1 0 0 ,11 3
27	18 0 0 0 0 1 ,3 5
30	18 0 1 0 0 0 ,3 2
31	10 1 0 0 0 0 ,14 1
32	18 0 0 0 1 0 ,3 4
36	10 1 0 0 0 0 ,1 1
42	18 0 0 0 0 1 ,3 5
43	10 0 0 0 0 1 ,1 5
45	10 0 0 0 1 0 ,1 4
48	5 0 0 0 0 1 ,15 5
51	9 1 0 0 0 0 ,2 1
52	10 0 0 0 2 0 ,7 4,13 4
53	5 1 0 0 0 0 ,17 1
57	10 1 0 0 0 0 ,13 1
59	9 0 0 1 0 0 ,2 3
60	11 0 1 0 0 1 ,5 5,12 2
61	10 0 1 0 0 0 ,14 2
62	10 1 0 0 0 0 ,4 1
63	5 0 0 0 1 0 ,8 4
70	10 0 0 1 0 0 ,13 3
71	5 0 1 0 1 0 ,7 4,17 2
72	9 0 2 1 0 0 ,5 2,13 2,16 3
74	11 0 0 1 0 0 ,12 3
76	5 1 0 0 0 0 ,8 1
77	11 0 1 0 0 0 ,12 2
78	10 0 0 0 1 0 ,14 4
79	9 0 0 0 0 1 ,16 5
80	2 0 1 0 0 0 ,6 2
82	15 0 1 0 0 0 ,5 2
85	5 1 0 0 0 0 ,11 1
87	15 0 1 0 0 1 ,3 2,5 5
89	9 1 0 0 0 0 ,16 1
91	9 1 0 0 0 1 ,2 5,14 1
94	10 0 1 0 0 0 ,4 2
95	11 0 0 0 1 0 ,12 4
96	5 1 0 0 0 0 ,11 1
98	10 1 1 0 0 0 ,7 2,14 1
99	20 0 0 0 0 1 ,7 5
