2	17 0 0 0 1 0 ,23 4
6	6 1 0 1 2 0 ,3 3,13 4,17 1,25 4
7	11 1 0 0 0 0 ,10 1
8	8 0 0 1 1 0 ,8 3,9 4
9	21 0 0 1 0 0 ,12 3
10	6 1 0 0 0 0 ,1 1
13	13 0 1 0 1 0 ,23 2,25 4
15	21 0 0 0 0 1 ,13 5
16	7 1 1 0 0 0 ,22 1,24 2
17	7 0 0 0 1 0 ,27 4
18	5 0 0 0 0 1 ,4 5
20	13 0 1 0 0 0 ,8 2
21	15 0 1 0 0 0 ,19 2
24	24 0 0 0 0 1 ,18 5
26	6 0 1 0 0 0 ,6 2
28	7 1 0 0 1 0 ,24 1,25 4
29	6 0 0 1 1 0 ,3 3,18 4
32	1 1 0 0 1 0 ,16 4,26 1
33	24 0 0 0 1 0 ,18 4
35	14 0 0 1 0 0 ,20 3
37	16 1 0 0 0 0 ,16 1
38	20 0 1 0 0 0 ,7 2
39	13 1 0 0 1 1 ,11 5,13 4,20 1
42	10 0 0 0 1 2 ,5 4,14 5,20 5
43	21 0 0 1 0 0 ,12 3
44	8 0 1 0 0 0 ,17 2
45	7 0 1 1 0 0 ,2 2,12 3
46	13 0 1 0 0 0 ,8 2
47	7 0 0 1 0 0 ,22 3
48	17 0 1 0 0 0 ,23 2
49	24 0 0 0 0 1 ,18 5
50	7 1 0 0 1 0 ,10 4,22 1
51	8 0 1 0 0 1 ,11 5,17 2
53	15 0 0 0 0 1 ,19 5
54	13 0 0 1 1 0 ,8 4,29 3
55	15 0 1 0 0 0 ,19 2
57	8 0 0 0 2 0 ,0 4,16 4
58	7 2 1 0 0 1 ,7 5,11 1,22 1,29 2
60	12 0 0 0 0 1 ,5 5
61	11 0 0 1 0 1 ,10 5,19 3
62	7 0 0 0 2 0 ,12 4,21 4
63	7 0 0 1 0 0 ,2 3
64	21 0 0 0 1 0 ,12 4
66	2 0 1 0 0 0 ,28 2
67	20 0 1 0 0 0 ,7 2
71	8 0 1 1 0 1 ,16 5,17 3,18 2
72	13 1 0 0 0 0 ,29 1
73	6 0 0 0 0 2 ,1 5,14 5
75	7 0 2 0 0 0 ,2 2,11 2
79	8 0 0 1 1 0 ,9 4,19 3
80	7 0 0 1 0 0 ,27 3
81	6 0 1 0 1 0 ,6 4,23 2
82	13 0 1 1 1 0 ,13 3,20 2,29 4
83	17 0 0 0 0 1 ,23 5
84	17 0 1 0 0 0 ,23 2
87	7 1 0 0 1 0 ,24 4,25 1
89	7 1 0 0 1 0 ,18 4,22 1
90	5 0 1 0 0 1 ,7 2,15 5
91	21 0 0 0 0 1 ,13 5
92	13 0 0 1 0 0 ,29 3
93	8 0 1 1 2 1 ,0 4,5 3,7 5,8 2,12 4
94	20 0 0 0 1 0 ,7 4
95	11 1 0 0 0 0 ,10 1
97	7 0 0 1 0 0 ,21 3
98	14 0 0 1 0 0 ,20 3
99	16 0 1 0 0 0 ,16 2
