1	16 0 1 0 1 0 ,4 4,7 2
5	1 1 2 1 1 0 ,3 4,6 2,15 3,19 2,21 1
6	11 0 0 0 2 0 ,7 4,13 4
7	14 0 1 0 0 0 ,23 2
8	16 0 0 1 0 1 ,1 5,7 3
14	13 0 0 1 0 0 ,12 3
15	16 1 0 0 0 0 ,18 1
17	13 1 0 1 0 1 ,15 1,18 5,23 3
20	15 0 0 0 1 0 ,19 4
21	17 0 0 0 1 0 ,14 4
22	17 0 0 0 1 0 ,6 4
23	6 0 1 0 0 0 ,16 2
24	23 0 0 0 1 0 ,4 4
25	15 0 0 1 0 0 ,20 3
26	14 1 0 0 1 0 ,8 1,17 4
28	14 0 0 0 1 0 ,8 4
29	8 0 0 0 1 1 ,0 4,17 5
30	6 0 1 1 0 0 ,14 3,16 2
31	16 0 0 0 1 0 ,18 4
33	15 0 0 0 0 1 ,19 5
36	13 0 0 0 1 1 ,12 4,14 5
41	5 0 0 1 0 0 ,11 3
45	5 0 1 0 0 0 ,11 2
46	23 0 0 0 1 0 ,4 4
47	14 0 1 0 0 0 ,17 2
48	8 0 1 1 1 0 ,0 4,6 3,12 2
50	13 0 0 1 0 0 ,15 3
51	18 0 0 1 0 0 ,1 3
53	17 0 0 1 0 0 ,14 3
54	11 0 0 0 0 2 ,13 5,20 5
59	23 0 0 0 0 1 ,4 5
60	13 1 0 0 1 0 ,6 4,12 1
64	13 1 0 0 1 0 ,15 1,23 4
67	3 0 0 1 0 0 ,10 3
69	16 0 0 0 1 0 ,7 4
70	13 0 0 1 0 1 ,12 3,23 5
71	6 0 0 1 1 1 ,4 5,20 3,22 4
73	18 0 0 0 0 1 ,1 5
74	16 0 0 1 0 0 ,18 3
75	6 1 2 0 0 0 ,8 1,15 2,22 2
76	18 0 0 0 0 1 ,1 5
77	14 0 0 0 1 0 ,8 4
78	16 0 1 0 0 0 ,18 2
82	13 0 0 1 0 0 ,15 3
83	1 1 0 0 0 0 ,2 1
84	2 1 1 1 1 0 ,5 2,17 3,18 1,20 4
88	17 1 0 0 0 0 ,6 1
90	15 0 1 0 0 0 ,19 2
92	11 1 1 1 0 0 ,4 1,7 3,13 2
94	14 0 0 0 1 0 ,8 4
96	6 1 2 0 0 0 ,14 2,16 1,19 2
97	5 1 0 0 0 1 ,9 5,16 1
99	17 0 0 1 0 0 ,6 3
