0	13 0 0 1 0 0 ,12 3
1	10 0 1 0 0 0 ,3 2
2	14 0 0 0 1 0 ,20 4
4	13 0 1 0 0 0 ,17 2
5	15 0 0 0 2 0 ,16 4,18 4
6	16 0 0 1 0 0 ,26 3
7	14 0 0 0 0 1 ,20 5
8	9 0 0 0 0 1 ,15 5
9	10 0 0 1 0 0 ,27 3
10	15 0 0 0 0 1 ,29 5
12	15 0 0 0 0 1 ,29 5
13	9 2 0 0 0 0 ,5 1,32 1
14	9 0 0 0 2 0 ,6 4,15 4
16	9 0 0 1 2 0 ,5 4,8 3,26 4
18	14 0 1 0 0 0 ,20 2
19	18 0 1 0 0 0 ,1 2
21	15 0 1 0 0 0 ,16 2
22	10 0 0 0 2 0 ,6 4,27 4
24	4 0 0 0 2 0 ,9 4,26 4
25	2 1 1 0 0 0 ,25 2,27 1
27	5 0 0 0 0 2 ,1 5,10 5
28	15 0 0 0 0 1 ,22 5
29	6 0 1 0 0 1 ,2 2,6 5
30	8 0 0 0 1 0 ,28 4
32	9 1 1 0 0 0 ,11 1,33 2
33	6 0 0 1 0 0 ,13 3
34	19 0 0 0 1 0 ,18 4
36	6 1 0 0 0 0 ,2 1
37	1 1 0 0 0 0 ,30 1
38	22 0 0 0 0 1 ,6 5
39	5 0 0 1 0 0 ,19 3
40	13 0 0 0 2 0 ,18 4,32 4
41	13 0 1 0 0 0 ,32 2
42	9 1 0 0 0 0 ,5 1
46	6 0 1 0 1 0 ,2 2,22 4
48	10 1 0 0 0 0 ,27 1
49	15 0 0 0 0 1 ,16 5
50	15 1 0 0 0 0 ,22 1
51	5 2 0 0 0 2 ,1 5,14 1,27 1,33 5
52	8 0 0 1 0 0 ,21 3
54	15 1 0 0 0 0 ,16 1
55	5 1 0 0 1 0 ,2 1,14 4
56	22 1 0 0 0 0 ,6 1
57	9 0 0 0 1 1 ,3 5,11 4
58	14 0 0 1 0 0 ,20 3
59	1 1 0 0 0 0 ,31 1
62	6 1 0 0 0 1 ,13 1,29 5
63	6 0 1 0 0 0 ,13 2
67	19 0 1 0 0 0 ,18 2
68	8 1 0 1 0 0 ,0 1,28 3
69	5 0 1 0 0 1 ,8 5,19 2
70	19 0 0 0 0 1 ,18 5
72	18 0 0 2 0 0 ,1 3,6 3
73	8 2 0 0 0 1 ,16 1,22 5,28 1
75	13 0 0 0 0 1 ,12 5
76	9 1 0 0 0 0 ,5 1
77	5 0 0 1 0 0 ,24 3
79	16 1 0 0 0 0 ,26 1
81	5 1 1 0 0 0 ,4 1,24 2
82	8 0 1 1 1 0 ,7 4,12 2,17 3
83	19 0 0 0 1 0 ,8 4
84	8 0 0 0 0 1 ,0 5
85	8 0 0 2 1 1 ,1 3,8 4,12 3,21 5
87	16 0 0 1 0 0 ,26 3
88	3 0 0 1 0 0 ,23 3
89	9 0 1 0 0 0 ,5 2
92	5 0 0 1 2 0 ,3 3,4 4,11 4
93	8 0 2 0 0 0 ,0 2,32 2
94	13 1 0 0 1 1 ,17 5,26 1,32 4
95	13 0 1 2 0 0 ,8 3,16 2,17 3
96	8 0 0 0 1 0 ,7 4
98	10 0 0 1 0 0 ,33 3
