2	17 0 0 0 0 1 ,4 5
4	7 1 0 0 0 0 ,2 1
6	7 1 0 0 0 0 ,12 1
9	4 0 0 1 0 0 ,14 3
10	3 0 0 1 0 0 ,16 3
16	7 0 0 0 1 0 ,10 4
19	16 0 0 0 1 0 ,15 4
20	15 0 0 0 1 0 ,3 4
22	17 0 0 0 0 1 ,4 5
24	7 0 1 0 0 1 ,7 5,10 2
28	15 0 1 0 1 0 ,0 2,3 4
30	22 0 1 0 0 0 ,0 2
31	22 0 0 0 1 0 ,0 4
32	8 1 1 0 0 0 ,7 1,13 2
33	7 0 0 0 0 1 ,12 5
34	5 0 1 0 0 0 ,17 2
35	11 0 1 0 0 0 ,13 2
37	21 0 0 0 0 1 ,1 5
41	1 1 0 0 0 0 ,8 1
44	22 0 0 0 0 1 ,0 5
47	16 0 0 0 1 0 ,15 4
51	10 0 1 1 0 0 ,15 3,18 2
53	21 0 0 0 0 1 ,1 5
54	5 1 0 1 0 0 ,12 1,17 3
56	17 0 1 0 0 0 ,4 2
57	9 1 0 0 0 0 ,9 1
58	21 1 0 0 0 0 ,1 1
60	11 0 0 1 0 0 ,6 3
61	7 0 1 0 1 0 ,5 4,7 2
64	11 0 0 0 0 1 ,6 5
65	21 0 0 0 1 0 ,1 4
69	22 0 0 0 0 1 ,0 5
70	7 1 0 0 0 0 ,2 1
72	11 0 0 1 0 0 ,13 3
73	4 1 0 2 0 1 ,5 3,6 3,9 5,14 1
79	17 0 0 0 0 1 ,4 5
80	11 0 0 1 2 0 ,0 4,3 3,13 4
81	10 0 0 1 0 0 ,18 3
82	9 0 0 1 0 0 ,9 3
86	7 1 0 0 0 0 ,10 1
87	15 0 1 0 0 0 ,3 2
89	16 1 0 0 0 0 ,15 1
91	1 1 0 1 0 0 ,1 3,11 1
94	7 0 0 1 0 1 ,1 3,2 5
96	16 0 0 0 1 0 ,15 4
98	10 0 0 0 0 1 ,18 5
99	15 0 1 0 0 0 ,3 2
