0	0,1,2,3,4,5,6,7,8,9,10,11,12,13,14,15,16,17,18,19,20,21,22,23,24,25,26,
1	0,1,2,3,4,5,6,7,8,9,10,11,12,13,14,15,16,17,18,19,20,21,22,23,24,25,26,
2	0,1,2,3,4,5,6,7,8,9,10,11,12,13,14,15,16,17,18,19,20,21,22,23,24,25,26,
3	0,1,2,3,4,5,6,7,8,9,10,11,12,13,14,15,16,17,18,19,20,21,22,23,24,25,26,
4	0,1,2,3,4,5,6,7,8,9,10,11,12,13,14,15,16,17,18,19,20,21,22,23,24,25,26,
5	0,1,2,3,4,5,6,7,8,9,10,11,12,13,14,15,16,17,18,19,20,21,22,23,24,25,26,
6	1,2,3,4,5,6,7,8,9,10,11,12,13,14,15,16,17,19,20,21,23,24,25,26,
7	2,3,4,5,7,8,9,11,13,14,15,16,17,19,21,22,23,25,26,
8	0,1,2,3,4,6,8,9,10,12,14,15,17,18,21,22,23,24,
9	0,1,3,6,9,10,15,18,19,
10	2,3,6,9,11,12,16,17,18,20,21,23,25,26,
11	0,2,6,8,9,14,15,16,19,21,22,
12	0,2,3,4,6,7,8,9,11,13,14,16,17,18,21,25,26,
13	0,3,4,7,8,16,23,24,25,
14	14,18,
15	6,25,
16	3,
18	12,17,19,
26	3,9,
28	18,
29	2,3,25,
30	1,18,
31	9,
37	21,
40	1,
50	14,
52	23,
54	9,
57	0,
73	0,
96	0,
100	18,
114	11,
124	0,
154	6,
162	3,
235	23,
297	0,
324	16,
350	16,
360	0,
365	17,
375	0,
443	17,
504	25,
