1	18 0 0 0 0 1 ,13 5
2	14 0 0 1 0 1 ,7 3,17 5
3	16 0 0 1 0 0 ,36 3
4	16 1 0 0 0 0 ,6 1
6	16 0 0 1 0 1 ,11 3,27 5
9	17 0 1 0 0 0 ,16 2
11	16 0 0 0 1 1 ,6 5,23 4
12	11 1 1 1 0 0 ,11 3,21 1,25 2
13	15 0 0 1 0 0 ,15 3
14	16 0 0 0 1 0 ,23 4
15	7 1 0 0 0 0 ,34 1
17	22 0 0 0 1 0 ,8 4
18	9 0 0 0 1 0 ,24 4
20	17 0 0 0 0 1 ,27 5
21	4 0 0 0 1 0 ,14 4
22	14 1 0 0 0 0 ,21 1
23	16 1 0 0 0 0 ,31 1
24	11 0 1 2 0 0 ,21 3,23 2,33 3
25	11 1 1 0 0 1 ,13 2,23 1,25 5
26	12 1 0 1 0 1 ,8 5,21 1,35 3
27	8 0 0 1 0 2 ,2 5,30 3,33 5
28	14 0 0 0 1 0 ,2 4
30	19 0 0 1 0 0 ,32 3
31	1 2 1 0 0 0 ,18 2,29 1,36 1
33	7 1 0 0 0 0 ,5 1
34	3 0 1 0 0 0 ,4 2
35	7 0 1 0 1 0 ,34 4,36 2
37	2 0 1 0 0 0 ,19 2
38	16 0 0 0 0 1 ,17 5
39	7 0 1 0 0 0 ,34 2
40	19 0 0 1 0 0 ,32 3
41	7 0 0 0 1 1 ,5 5,6 4
43	17 0 1 0 0 0 ,27 2
44	11 0 1 0 2 1 ,9 4,11 2,13 4,32 5
45	7 1 0 0 2 1 ,0 4,7 4,8 1,11 5
46	5 1 0 0 0 2 ,26 5,30 1,36 5
49	4 0 1 0 1 0 ,1 4,28 2
50	11 0 1 0 0 0 ,9 2
52	14 1 0 0 1 1 ,13 1,17 5,28 4
53	12 0 0 0 0 2 ,22 5,35 5
55	5 1 0 1 0 0 ,18 1,22 3
60	17 0 0 0 1 0 ,16 4
62	2 1 1 0 1 0 ,6 4,12 2,17 1
63	14 0 1 0 0 0 ,7 2
67	15 0 1 0 1 0 ,13 2,15 4
68	3 1 0 0 0 0 ,3 1
70	16 0 0 1 0 1 ,16 3,36 5
71	7 1 1 0 0 1 ,0 1,6 2,32 5
73	17 0 0 1 0 0 ,16 3
75	11 0 0 2 1 1 ,9 5,21 3,25 4,35 3
77	11 0 0 1 0 1 ,8 5,33 3
78	9 0 1 0 1 0 ,24 4,28 2
79	5 0 1 0 0 0 ,18 2
81	7 2 0 0 0 0 ,0 1,28 1
82	14 1 0 0 0 0 ,2 1
83	14 0 0 0 0 2 ,7 5,31 5
84	16 0 0 0 1 1 ,8 4,31 5
85	12 1 0 1 0 0 ,11 3,22 1
86	7 1 0 0 0 0 ,5 1
88	3 0 1 1 1 2 ,3 2,13 4,16 5,21 5,22 3
89	14 0 0 0 1 1 ,15 4,28 5
90	15 0 0 0 1 0 ,15 4
91	3 0 0 2 0 0 ,8 3,10 3
93	16 0 0 0 0 1 ,23 5
94	16 0 0 0 1 0 ,31 4
95	3 1 0 1 1 1 ,4 1,27 5,30 4,32 3
96	14 0 0 0 1 0 ,2 4
97	5 1 0 0 0 1 ,0 1,20 5
98	16 1 0 0 0 0 ,31 1
99	9 2 0 0 0 0 ,24 1,35 1
