1	12 0 1 0 0 0 ,14 2
3	4 1 0 0 0 0 ,3 1
4	12 1 0 0 0 0 ,14 1
7	8 0 1 0 0 0 ,20 2
8	12 0 1 0 2 0 ,6 4,14 2,26 4
9	22 0 0 0 1 0 ,6 4
10	24 0 0 0 1 0 ,12 4
11	12 0 0 1 0 0 ,14 3
12	3 1 0 0 0 0 ,9 1
16	20 0 0 0 1 0 ,10 4
17	7 0 0 0 1 0 ,22 4
19	16 0 0 1 0 0 ,26 3
20	7 0 0 1 1 0 ,16 4,22 3
23	20 0 0 1 0 0 ,11 3
24	18 0 0 0 1 0 ,5 4
25	6 0 0 1 1 1 ,4 5,8 3,25 4
27	14 0 0 3 0 1 ,1 3,6 5,15 3,23 3
29	24 0 0 0 0 1 ,12 5
30	4 1 0 0 0 0 ,17 1
31	24 0 0 0 0 1 ,12 5
32	15 0 1 0 0 0 ,23 2
34	14 0 0 1 0 0 ,13 3
36	9 0 2 0 1 0 ,1 2,6 4,21 2
37	7 0 0 0 1 0 ,2 4
38	17 0 0 0 1 0 ,25 4
40	15 0 0 1 0 0 ,23 3
41	20 0 0 0 1 0 ,11 4
42	5 0 0 0 3 0 ,0 4,13 4,18 4
43	8 0 2 0 1 0 ,11 4,13 2,20 2
44	12 1 1 0 0 0 ,1 1,14 2
45	15 0 1 0 0 0 ,16 2
46	15 0 0 1 1 1 ,11 5,16 3,26 4
49	3 2 1 0 1 0 ,2 1,19 2,20 4,26 1
52	16 2 0 0 1 0 ,12 4,25 1,26 1
54	8 1 1 0 0 0 ,4 2,23 1
56	12 1 1 0 0 1 ,12 5,14 2,15 1
57	13 0 0 1 0 2 ,0 5,5 5,25 3
59	3 2 0 0 0 1 ,13 5,16 1,19 1
60	17 1 1 0 0 0 ,5 1,25 2
61	1 1 0 0 0 0 ,24 1
62	8 1 0 1 1 0 ,4 1,6 4,10 3
63	24 1 0 0 0 0 ,12 1
65	20 0 0 1 0 0 ,11 3
67	3 1 0 0 0 0 ,9 1
68	3 1 1 0 0 0 ,2 2,9 1
69	20 0 0 1 0 0 ,10 3
70	20 0 1 0 0 0 ,10 2
71	4 0 0 1 0 1 ,17 3,23 5
72	11 0 0 1 0 0 ,28 3
73	20 0 0 0 1 0 ,10 4
76	9 0 1 0 0 0 ,21 2
77	6 0 0 1 0 0 ,8 3
79	15 1 0 1 0 0 ,23 1,25 3
81	11 0 0 1 0 0 ,28 3
82	3 0 0 1 0 0 ,27 3
83	11 1 0 0 0 0 ,28 1
84	16 0 0 1 0 0 ,26 3
86	18 0 0 0 0 1 ,5 5
87	4 0 0 1 1 0 ,1 4,3 3
88	18 1 0 0 0 0 ,5 1
89	14 0 0 0 0 1 ,15 5
90	11 0 0 0 1 0 ,28 4
91	1 1 0 0 0 2 ,1 5,7 1,15 5
92	18 0 1 0 0 0 ,5 2
93	20 1 0 0 0 0 ,11 1
95	13 0 0 0 1 0 ,0 4
97	9 1 0 0 1 1 ,6 1,10 4,21 5
99	5 1 0 0 0 1 ,16 5,18 1
