0	0 7 4 8 5 6 ,2 11,3 22,5 3,6 13,8 14,9 5,10 21,13 13,15 14,16 13,17 11,19 14,21 2,22 10,24 15,25 10,26 11,28 10,34 5
1	0 8 12 8 5 9 ,0 23,1 12,4 5,5 7,7 10,8 7,9 7,10 5,11 20,13 9,14 17,15 18,16 13,17 3,18 9,19 15,20 1,22 8,23 8,24 2,25 3,26 12,29 1,31 11,34 5
2	0 4 6 6 4 9 ,0 7,1 18,2 7,5 15,7 2,8 4,9 11,10 19,15 18,16 12,17 5,19 10,21 15,24 17,26 10,27 12,28 10,29 18,31 21,32 13
3	0 2 12 11 9 5 ,0 4,1 10,2 5,3 9,4 12,5 12,6 14,7 3,8 10,9 17,13 5,14 3,15 15,16 4,17 6,18 8,19 16,22 11,23 7,25 25,26 19,27 18,28 16,29 9,31 14
4	0 4 8 10 7 5 ,1 18,2 18,3 13,5 7,7 5,8 4,9 9,11 9,12 9,13 9,15 14,17 1,20 7,23 14,27 7,30 20,31 23,32 16,33 4,34 16
5	0 6 6 7 5 8 ,1 12,2 7,3 17,4 10,5 17,6 6,8 11,9 9,10 15,11 15,15 4,16 11,17 11,20 14,21 15,25 10,26 12,27 5,28 18,32 14
6	0 6 1 8 8 8 ,0 18,1 16,3 22,4 7,5 10,6 20,7 3,8 12,11 12,16 18,17 11,18 9,19 14,20 9,23 13,25 25,27 5,29 9,30 5,31 7,32 13,33 9
7	0 9 7 8 7 3 ,0 7,1 6,3 7,4 15,5 12,8 15,9 11,10 6,11 16,16 11,17 17,19 15,20 6,21 7,23 20,24 12,27 3,28 11,29 9,30 11,32 18,33 18,34 11
8	0 6 7 10 4 5 ,1 19,2 15,5 13,6 16,7 12,8 9,9 22,11 9,13 9,15 10,17 3,18 8,21 12,22 14,23 5,24 18,25 4,27 10,28 5,30 8,32 14,34 8
9	0 7 3 12 6 7 ,4 9,5 9,6 7,7 13,8 12,9 15,10 8,12 3,13 6,14 11,17 11,18 3,19 14,20 14,23 12,25 4,26 4,27 19,28 10,30 8,33 8
10	0 11 11 7 8 7 ,0 12,1 11,2 7,3 6,4 16,5 13,6 14,7 9,9 6,11 18,12 15,13 11,14 8,15 6,16 17,17 4,18 18,19 19,20 19,23 2,24 8,26 2,27 5,28 19,29 11,30 10,32 4,34 19
11	0 2 7 5 7 5 ,0 13,1 12,4 17,5 15,8 4,10 9,12 6,14 13,15 4,17 10,20 10,23 3,24 12,26 12,27 8,30 12,32 4,34 22
12	0 7 0 5 3 8 ,0 12,1 5,2 11,4 19,5 6,7 19,9 15,12 17,15 16,16 12,19 5,21 2,22 10,23 7,25 25,26 10,28 11,29 11,30 20,33 10
13	0 6 13 6 3 3 ,0 13,1 18,5 21,6 17,7 11,12 11,13 13,14 15,15 22,19 15,20 1,21 2,23 20,24 13,27 12,29 9,30 10,31 14,32 2,33 2,34 14
14	0 4 7 2 6 6 ,0 7,1 8,5 4,10 7,11 5,13 5,14 5,15 14,16 10,17 3,21 7,22 10,23 20,24 13,27 10,29 15,30 2,31 5
15	0 8 5 5 10 4 ,0 18,1 16,3 13,6 13,7 10,8 11,9 15,10 8,11 12,12 4,13 14,15 11,17 15,19 5,22 10,23 2,25 15,28 18,29 11,32 12,33 3,34 5
16	0 7 6 7 7 4 ,0 9,3 4,4 11,5 9,7 14,9 15,10 17,13 19,14 17,15 8,16 4,17 8,18 10,20 10,22 14,23 10,28 10,29 17,30 14,31 7,32 10,34 8
17	0 10 7 4 7 8 ,0 9,2 13,3 3,4 9,5 15,9 21,10 8,11 10,12 6,13 10,14 10,18 2,20 15,21 7,23 20,24 9,25 12,28 10,32 18,34 2
18	0 8 8 5 4 8 ,0 18,1 6,3 12,4 7,5 23,6 7,7 3,8 14,10 8,11 14,12 13,13 9,15 14,16 17,19 5,20 13,21 7,23 7,24 1,26 16,31 11,34 22
19	0 10 5 10 8 9 ,0 7,1 10,2 8,4 9,5 10,7 6,8 5,10 2,11 16,12 13,14 6,15 11,16 9,17 11,19 11,20 6,21 11,23 13,25 10,26 7,27 8,28 9,29 9,30 8,33 6
20	0 4 3 2 7 7 ,0 5,1 15,3 16,4 17,7 10,9 16,10 6,11 12,14 14,15 9,16 19,18 10,19 4,23 10,29 19,30 8,33 18
21	0 8 5 11 4 7 ,3 9,4 10,7 7,8 7,9 3,10 19,12 10,13 17,15 18,16 21,17 6,18 23,19 3,20 18,21 7,22 16,25 25,26 18,28 10,29 1,30 21,33 15,34 14
22	0 6 5 11 10 6 ,0 18,1 15,2 5,4 2,5 6,6 17,7 15,9 6,10 3,12 12,13 11,14 8,15 2,16 13,20 4,21 17,22 5,23 14,24 17,28 4,29 14,30 9,32 9,34 11
23	0 5 8 8 7 5 ,1 8,2 11,3 8,8 3,10 1,11 7,13 17,14 8,16 12,17 7,18 13,20 14,21 7,22 5,23 20,27 18,29 10,33 8
24	0 5 5 6 6 4 ,1 18,3 4,5 8,6 9,10 14,11 9,12 8,14 15,15 22,16 10,19 10,20 14,22 6,23 14,28 5,29 6,31 18,34 14
25	0 7 6 7 6 13 ,0 7,2 21,3 12,6 17,7 6,8 15,9 15,11 5,13 8,15 11,16 12,17 8,18 23,19 23,21 13,22 20,23 3,24 11,26 10,27 10,28 12,29 10,30 7,34 18
26	0 4 7 6 7 9 ,0 12,1 16,2 5,5 23,6 17,7 9,10 17,12 9,14 15,15 11,16 17,17 1,19 15,20 5,21 17,22 7,23 13,24 10,26 4,27 19,31 24,32 12
27	0 6 4 10 11 7 ,0 14,1 18,2 12,3 11,4 18,5 11,7 3,9 9,10 15,11 10,12 9,13 9,14 19,15 12,16 12,17 5,18 5,19 15,21 13,22 10,23 20,24 7,27 12,28 11,29 11
28	0 3 3 6 6 9 ,0 12,1 11,2 17,5 4,6 13,10 8,11 21,13 9,15 22,16 17,18 10,19 14,20 18,21 20,22 19,25 16,26 7,30 14,32 12,33 10,34 14
29	0 9 9 4 4 7 ,1 12,4 6,5 8,6 4,7 4,8 10,10 8,12 6,13 9,14 14,15 12,17 9,21 17,22 6,23 15,24 7,26 6,27 7,28 11,29 15,30 1,32 1,34 15
30	0 5 7 7 7 9 ,1 15,3 3,5 16,7 5,8 8,9 21,10 8,11 16,12 17,16 17,17 3,18 7,19 12,20 3,22 15,23 6,25 10,26 16,27 19,28 16,32 9
31	0 4 3 6 7 8 ,3 8,5 10,6 6,8 8,11 14,14 10,15 9,17 12,18 13,19 6,23 16,24 7,25 19,26 8,30 14
32	0 3 7 11 3 3 ,0 19,1 11,3 17,4 9,5 15,7 17,11 1,12 2,13 13,14 8,15 7,16 17,17 11,18 2,19 14,20 16,22 17,25 25,28 9,33 6,34 13
33	0 5 4 9 4 4 ,0 19,1 1,2 17,3 8,7 13,8 8,9 7,10 6,11 16,17 9,20 17,23 23,25 9,26 18,27 8,29 19,30 14,31 6,34 6
34	0 5 4 10 5 3 ,2 8,4 11,5 10,9 20,11 9,13 4,14 13,15 16,18 4,19 16,21 13,22 6,27 12,28 8,31 9,32 12,33 18
35	0 7 5 6 5 7 ,0 12,2 8,3 11,4 4,5 7,8 15,9 13,10 15,11 10,14 19,15 15,16 10,19 13,20 17,22 5,23 20,24 14,25 14,27 8,28 10,31 2,34 6
36	0 9 6 4 5 9 ,0 18,1 11,4 5,5 12,6 14,7 17,9 5,10 8,11 11,15 14,16 21,17 8,18 8,19 10,22 7,23 15,25 10,26 11,28 2,30 7,31 6
37	0 8 9 4 12 8 ,0 7,1 16,2 9,3 14,5 8,8 6,9 13,11 15,12 4,13 15,14 9,16 13,17 11,18 18,20 17,21 11,23 9,24 13,25 15,26 18,27 12,28 11,32 12,34 14
38	0 8 7 3 10 0 ,1 17,2 21,3 14,5 10,6 17,7 19,8 9,9 20,10 9,11 18,16 9,17 3,22 16,23 2,24 13,27 14,29 9,31 18,32 10
39	0 9 6 6 8 8 ,0 6,1 18,2 10,3 14,4 9,6 13,7 12,8 6,13 7,14 14,15 6,16 10,17 5,20 5,21 13,22 10,23 4,28 5,32 5,34 6
40	0 6 9 5 9 7 ,1 13,2 17,3 14,4 16,5 12,6 15,7 3,8 14,9 11,10 21,11 21,12 10,15 18,18 11,19 11,20 17,21 6,22 17,23 9,24 6,25 12,26 10,27 7,28 6,30 2,31 11,34 14
41	0 9 6 8 9 1 ,0 13,2 13,3 10,4 10,5 2,8 11,10 2,13 7,14 8,15 8,20 13,21 7,23 10,24 6,25 14,27 4,28 16,30 10,31 21,33 18
42	0 4 4 8 5 10 ,1 4,2 2,4 5,5 13,6 6,7 13,10 15,11 5,12 13,13 1,14 11,15 14,17 11,18 3,20 10,22 7,23 7,25 5,26 16,27 11,29 17,30 9
43	0 8 3 4 7 12 ,0 14,1 16,2 5,3 11,5 8,7 8,8 12,9 9,10 11,12 2,13 8,14 10,15 4,17 10,19 7,20 17,23 10,24 16,27 10,28 5,31 11,34 13
44	0 10 4 11 6 7 ,0 9,1 18,3 14,4 12,5 1,6 16,7 4,8 11,10 7,12 4,13 1,16 13,17 14,18 7,19 1,20 17,22 10,24 3,27 19,28 9,29 17,34 16
45	0 2 12 5 1 6 ,1 5,2 15,7 18,8 8,10 20,11 2,13 17,14 8,16 6,17 8,18 2,20 16,21 7,22 17,23 13,24 10,26 19,27 19,28 12,29 7,31 7,32 16,34 11
46	0 5 9 11 4 6 ,2 11,3 22,4 12,5 12,6 3,9 12,10 15,11 16,14 4,15 2,17 3,20 5,22 9,23 15,24 18,28 10,29 11,30 8,32 6,33 14
47	0 4 5 3 7 4 ,2 11,3 10,4 15,7 9,8 8,10 19,11 3,13 10,15 14,17 18,20 2,21 9,22 4,24 5,26 1,29 5,30 14,32 18
48	0 4 6 7 2 13 ,1 18,2 17,5 12,6 15,8 6,9 1,10 9,11 9,12 15,13 14,14 10,15 15,16 13,20 18,22 6,24 10,26 12,27 6,29 11,31 21,34 6
49	0 4 5 7 7 8 ,0 18,1 15,2 13,3 27,4 10,5 10,6 16,7 6,9 12,10 10,11 16,12 9,13 8,16 17,17 11,19 15,20 15,21 12,22 14,24 6,25 18,27 9
50	0 6 4 5 3 4 ,0 7,2 11,3 10,5 12,7 16,8 7,10 21,11 5,13 10,15 14,16 15,20 23,23 13,24 10,28 7,29 10,30 12,32 12,34 4
51	0 6 4 6 2 9 ,1 4,3 8,8 17,10 14,11 10,12 16,13 6,14 6,15 2,16 15,17 15,19 11,20 10,23 13,27 10,28 18,34 14
52	0 1 9 6 5 5 ,0 18,2 1,3 5,4 14,5 6,6 9,7 8,11 4,14 22,15 8,18 7,20 10,25 21,26 7,27 9,29 9,30 8,34 6
53	0 3 5 8 3 3 ,4 17,5 10,7 5,8 13,10 8,11 20,13 9,14 10,19 9,20 14,21 15,22 10,23 16,24 15,26 12,31 6
54	0 4 2 7 5 5 ,1 17,2 17,3 12,4 6,6 9,8 5,11 14,13 14,15 14,19 12,22 14,23 13,24 7,26 11,32 18,34 13
55	0 6 7 12 6 6 ,0 7,1 2,3 7,4 27,5 15,6 13,9 9,10 11,11 16,12 13,13 9,14 5,16 18,17 5,20 5,21 12,23 10,26 16,27 9,28 3,29 6,31 7,32 13,34 2
56	0 4 10 9 6 8 ,0 18,2 12,3 10,5 10,7 13,10 5,11 15,12 10,13 14,14 14,15 6,16 18,17 6,20 15,21 7,22 16,23 8,25 19,27 19,28 8,29 7,32 14,33 9,34 14
57	0 3 7 6 6 8 ,1 18,2 9,5 21,8 5,10 14,12 12,13 16,15 15,19 11,20 5,21 9,24 5,25 10,27 4,28 10,29 11,31 23,32 15,33 7,34 2
58	0 5 10 8 8 6 ,1 5,3 12,4 9,5 17,6 7,7 5,10 15,12 15,13 9,15 6,17 16,18 18,19 5,20 21,22 11,23 10,24 12,26 7,27 9,28 16,29 6,31 2,32 10,33 10
59	0 10 8 4 8 6 ,0 9,1 10,2 8,3 13,4 16,5 7,7 12,8 7,9 20,10 14,11 9,15 11,17 17,18 4,21 15,24 5,29 11,30 21,32 16,33 4
60	0 5 6 4 7 7 ,1 6,2 4,6 7,7 19,9 21,10 14,11 16,12 15,13 9,16 18,17 18,18 13,22 10,24 13,26 1,27 19,28 7,30 21,31 7,32 12,33 8
61	0 7 7 11 7 3 ,1 13,2 8,3 5,6 13,8 13,10 1,11 5,13 8,14 8,15 1,16 17,17 9,18 10,21 11,22 3,23 20,24 12,29 8,31 9,33 4
62	0 7 7 8 3 9 ,0 12,1 12,2 9,3 6,4 9,5 13,10 3,11 16,14 9,15 8,17 11,18 9,19 19,20 4,21 7,22 8,24 23,26 6,27 19,28 10,30 9,31 18,32 1,33 10
63	0 6 8 5 7 9 ,0 13,1 6,2 11,3 17,5 9,6 13,8 1,10 8,11 9,12 17,13 4,14 3,15 16,16 10,17 6,18 10,19 4,20 14,21 15,23 23,24 13,27 10,28 10,32 14,34 2
64	0 5 6 8 10 4 ,1 11,2 18,3 5,4 16,7 8,9 21,10 15,11 12,12 12,15 4,16 18,17 15,18 7,19 13,22 10,23 13,24 11,25 4,26 19,27 14,29 9,30 8,31 6,32 18,33 14,34 5
65	0 7 7 6 9 6 ,0 19,1 15,3 7,4 16,7 4,8 10,10 9,11 9,12 15,13 11,14 4,15 16,17 6,18 15,19 11,20 16,22 10,23 10,27 8,28 12,29 7,30 12,31 9
66	0 2 10 8 7 8 ,0 12,5 12,6 16,7 12,8 7,9 7,10 7,11 7,12 11,13 13,15 16,17 21,18 10,19 10,20 20,21 11,23 20,25 2,26 8,27 13,28 5,29 10,30 20,31 5,34 13
67	0 6 5 5 3 7 ,0 10,3 20,5 15,7 6,8 5,10 5,12 17,14 13,15 8,17 15,18 8,19 3,20 16,21 13,22 15,23 6,26 12,34 15
68	0 5 6 4 7 2 ,0 18,1 11,3 6,5 8,8 13,9 20,11 9,13 17,14 13,20 7,23 14,24 10,25 21,30 14,32 18,34 16
69	0 4 7 9 5 8 ,0 23,1 18,2 17,3 18,6 13,7 5,8 8,9 3,10 14,11 18,12 12,13 13,14 22,16 18,17 11,18 15,19 13,20 9,21 17,22 19,23 3,24 8,28 5,31 18,32 5,33 14
70	0 8 8 8 9 6 ,0 7,1 17,2 8,3 9,4 2,5 6,6 13,10 14,11 3,12 6,14 17,16 11,20 21,22 11,23 17,24 11,25 10,28 11,29 7,31 23,33 7,34 14
71	0 10 5 6 8 5 ,1 4,3 11,4 14,5 7,7 21,9 4,10 15,11 12,12 2,14 11,15 20,16 19,17 6,20 15,21 13,24 17,25 9,27 13,28 9,29 18,31 14
72	0 5 8 5 1 2 ,0 7,1 18,2 8,6 7,7 5,8 13,11 12,15 18,17 8,18 21,19 4,20 4,21 11,22 15,26 18,34 2
73	0 6 15 5 7 7 ,0 7,2 8,3 8,5 9,7 17,9 6,10 10,12 10,13 8,14 11,16 4,17 18,18 15,19 18,20 15,22 5,23 19,25 7,26 18,27 5,28 2,29 6,32 10
74	0 5 3 5 7 4 ,0 14,1 12,2 22,3 16,5 1,6 20,7 17,10 21,11 21,12 10,14 6,15 4,17 12,24 6,26 16,28 9,29 8
75	0 9 6 5 8 6 ,0 7,1 15,2 9,3 12,5 15,7 14,8 6,10 5,11 21,12 10,15 8,17 8,19 14,20 4,21 13,22 7,23 7,24 10,25 9,26 18,27 16,28 6,29 7,33 15
76	0 6 5 4 8 4 ,0 4,1 18,5 23,7 12,9 11,10 15,13 19,14 4,16 10,18 8,20 16,21 7,23 5,24 13,26 12,27 19,29 14,30 11,33 15,34 4
77	0 6 5 2 4 2 ,2 10,3 17,4 17,9 16,10 8,11 18,13 14,14 10,15 19,20 5,22 10,23 17,27 8,28 5,32 9
78	0 10 11 8 4 7 ,0 14,1 13,2 21,4 9,5 13,6 17,8 17,9 13,10 5,12 17,13 10,14 10,17 9,18 1,19 12,21 13,22 16,23 10,24 12,25 15,26 1,27 19,28 18,29 7,33 15,34 13
79	0 9 5 6 8 11 ,0 4,1 6,2 4,3 4,4 27,5 16,7 15,8 4,9 20,10 15,11 12,13 8,15 16,16 10,17 12,18 10,19 14,20 6,21 11,22 11,24 9,25 18,27 8,29 9,30 8,31 21,32 18
80	0 0 8 6 6 5 ,1 16,2 9,3 5,5 3,6 13,7 21,9 4,10 17,11 16,14 13,17 15,19 2,21 7,22 5,23 4,24 3,25 7,33 9
81	0 9 8 6 3 4 ,0 7,1 4,2 18,3 19,6 6,8 8,10 5,11 12,14 3,15 11,16 12,17 18,19 4,22 20,23 17,24 12,26 7,27 18,28 16,29 8,34 14
82	0 11 5 4 5 6 ,1 4,2 12,3 19,5 17,6 13,7 10,10 14,11 5,12 8,13 10,14 11,15 10,18 9,19 10,21 17,22 11,23 3,24 13,25 19,26 8,27 12
83	0 8 9 5 6 7 ,0 13,2 17,4 14,6 6,7 15,8 8,10 2,11 16,13 16,14 9,15 15,16 12,17 18,18 10,19 16,20 17,21 11,22 7,23 20,24 10,25 16,28 16,29 11,30 21,32 4,33 10
84	0 7 3 4 5 8 ,0 4,1 18,2 4,3 2,5 12,6 9,7 10,10 7,12 15,14 15,16 10,17 6,18 23,23 10,24 17,25 21,26 12,28 10,29 10,31 24,32 12
85	0 5 8 6 10 6 ,0 18,1 8,2 15,4 7,7 5,8 14,9 15,10 10,12 15,13 13,14 9,15 11,18 10,20 10,22 14,23 5,24 17,27 13,32 9,33 15,34 16
86	0 7 8 8 15 7 ,0 13,1 18,2 13,4 10,5 9,6 13,8 7,10 14,11 11,12 16,14 15,15 15,18 5,19 9,20 15,21 4,22 19,23 9,25 16,26 11,27 19,29 4,31 14,32 2,33 8,34 15
87	0 6 10 5 14 9 ,0 7,1 13,3 6,4 3,5 15,6 13,7 15,8 17,9 12,10 10,12 8,13 19,14 13,15 9,16 2,17 11,18 15,19 3,20 9,21 13,22 6,23 9,24 13,25 19,27 13,28 4,30 9,31 9,34 17
88	0 6 5 7 7 1 ,2 15,3 12,6 1,7 6,9 17,10 14,11 9,12 16,13 10,14 9,17 11,18 11,19 4,20 17,21 11,23 16,24 6,26 12,27 8,32 10
89	0 7 7 3 10 7 ,0 6,2 12,3 8,4 16,5 16,6 14,7 15,9 6,10 7,12 4,13 7,14 4,15 2,17 20,19 18,24 4,25 10,27 19,29 8,30 11,31 9,33 8,34 19
90	0 8 2 7 5 4 ,0 3,3 22,4 9,5 11,6 12,7 19,9 11,11 9,14 5,15 11,16 4,18 15,19 9,20 20,24 12,25 4,31 14,32 12,33 15,34 15
91	0 8 3 9 7 7 ,0 12,1 4,2 15,3 8,6 15,7 19,10 8,11 19,12 6,13 1,15 11,17 7,20 9,21 17,22 10,23 20,24 5,25 16,26 18,28 15,29 7,34 22
92	0 8 3 5 6 8 ,3 6,4 19,5 7,6 17,8 17,9 6,10 14,11 5,13 15,17 6,20 14,21 17,22 10,23 9,25 21,27 14,29 6,30 20,31 24,32 18
93	0 7 7 4 11 5 ,0 12,1 18,3 18,4 9,5 11,6 6,7 19,9 7,10 19,11 9,14 19,15 20,17 15,18 18,19 3,20 4,21 20,22 15,23 7,24 10,29 17,30 8,33 7,34 19
94	0 4 5 7 7 11 ,0 14,1 15,2 8,3 22,4 18,5 7,7 12,8 13,9 15,10 15,11 19,12 15,15 14,16 17,17 16,19 4,20 10,21 13,23 14,24 13,26 19,27 11,28 16,31 4,32 6,34 11
95	0 6 4 8 6 3 ,3 8,4 19,7 19,8 9,10 21,11 10,12 6,13 16,14 3,15 16,17 3,18 9,19 11,21 2,22 10,25 10,30 8,31 9,34 13
96	0 6 3 7 5 6 ,1 18,2 7,3 19,4 15,5 19,7 7,8 16,9 6,10 15,12 9,13 17,14 5,15 2,16 13,17 21,19 22,20 13,21 6,23 19,24 15,25 18,28 15,32 18
97	0 9 8 9 9 4 ,0 23,2 13,3 18,5 8,7 5,8 5,9 15,12 12,14 2,16 11,17 11,18 11,19 6,20 16,21 6,23 9,24 7,26 8,27 16,28 16,29 17,30 12,31 23,32 9,34 5
98	0 6 9 6 8 8 ,0 13,1 5,2 8,3 17,4 14,5 10,10 15,12 12,14 3,15 7,16 11,19 5,20 4,21 16,26 2,27 5,28 12,29 7,30 14,33 15,34 4
99	0 5 8 8 10 4 ,0 12,2 13,3 5,4 19,5 11,8 16,9 17,11 18,12 8,13 9,14 8,15 16,16 17,17 11,18 8,19 19,21 16,22 9,24 8,25 2,28 12,29 7,31 11,32 14,34 14
