0	20 0 0 1 0 0 ,6 3
1	23 0 0 1 0 0 ,10 3
5	20 0 0 1 0 0 ,5 3
7	20 0 0 1 0 0 ,6 3
12	16 0 0 0 1 0 ,9 4
16	9 1 0 0 0 0 ,14 1
18	17 1 0 1 0 0 ,4 1,15 3
20	5 0 0 0 0 1 ,18 5
21	9 0 0 0 1 1 ,8 5,14 4
23	19 0 0 0 0 1 ,17 5
24	6 0 1 0 1 0 ,5 2,7 4
25	15 0 0 0 0 1 ,8 5
26	20 0 0 1 0 0 ,5 3
27	12 0 0 1 0 1 ,9 5,12 3
28	10 1 0 0 0 1 ,11 5,20 1
29	12 0 0 0 1 1 ,3 5,19 4
31	12 0 0 1 0 0 ,21 3
33	12 0 1 0 0 0 ,19 2
36	20 0 0 0 0 1 ,6 5
37	19 0 0 0 0 1 ,15 5
39	12 0 0 1 0 0 ,19 3
40	12 0 1 0 0 0 ,19 2
41	16 0 0 0 0 2 ,4 5,9 5
42	12 1 0 1 0 1 ,9 1,20 5,21 3
43	17 0 0 0 1 1 ,3 5,4 4
44	7 1 2 0 0 2 ,1 2,10 5,11 2,13 1,17 5
45	12 1 1 0 1 0 ,4 2,6 1,12 4
48	19 0 0 0 0 1 ,17 5
49	19 0 0 0 1 0 ,15 4
50	12 0 0 1 0 0 ,12 3
51	6 0 1 0 0 1 ,3 5,7 2
52	9 1 0 0 0 0 ,14 1
53	23 1 0 0 0 0 ,10 1
55	10 0 0 0 1 1 ,13 5,16 4
57	22 0 1 0 0 0 ,3 2
59	1 1 1 0 0 0 ,0 1,15 2
61	10 1 0 0 0 0 ,16 1
63	12 0 1 1 0 0 ,5 3,12 2
65	19 0 0 0 0 1 ,15 5
68	7 0 1 0 0 0 ,1 2
70	12 0 1 0 0 0 ,21 2
71	17 0 0 0 2 1 ,4 4,5 5,6 4
72	9 1 0 1 1 0 ,2 3,4 1,6 4
75	7 1 0 1 0 0 ,1 3,13 1
76	16 1 0 0 1 1 ,3 5,13 4,17 1
77	10 0 0 1 0 0 ,11 3
78	16 0 0 0 1 0 ,13 4
79	16 1 0 0 0 1 ,10 5,13 1
81	10 0 0 0 1 0 ,16 4
83	18 0 0 1 0 0 ,20 3
84	9 0 1 0 1 0 ,2 2,5 4
85	9 1 0 0 1 0 ,10 4,14 1
86	12 2 1 0 0 0 ,9 1,19 1,20 2
90	9 0 1 1 1 0 ,2 4,14 2,17 3
91	18 0 0 0 0 1 ,20 5
96	23 0 0 0 0 1 ,10 5
97	10 1 0 0 0 0 ,16 1
98	12 0 1 0 1 1 ,8 5,20 2,21 4
