0	8 1 1 0 0 0 ,14 2,15 1
1	5 0 0 2 0 0 ,10 3,13 3
2	8 0 2 0 0 0 ,4 2,10 2
3	5 0 0 0 0 2 ,2 5,18 5
6	15 0 0 0 0 1 ,1 5
7	13 0 0 0 1 0 ,6 4
8	12 0 1 1 0 0 ,7 2,19 3
9	5 0 2 0 0 0 ,6 2,13 2
10	8 0 0 0 1 0 ,4 4
12	14 0 0 0 0 1 ,14 5
13	15 0 0 1 0 0 ,1 3
14	12 1 0 0 0 0 ,7 1
17	9 0 0 0 0 1 ,9 5
18	11 0 1 0 0 1 ,5 5,17 2
19	12 1 1 0 0 0 ,1 1,7 2
21	16 0 0 0 1 0 ,5 4
22	12 0 0 0 0 1 ,3 5
25	12 1 0 0 0 0 ,3 1
27	13 0 0 1 0 0 ,19 3
28	11 0 0 1 0 0 ,10 3
29	12 0 1 0 0 1 ,3 2,19 5
30	8 1 0 1 0 0 ,8 3,15 1
31	13 0 1 0 0 0 ,6 2
32	16 0 0 0 0 1 ,11 5
33	17 0 0 1 0 0 ,8 3
34	16 0 0 0 1 0 ,11 4
35	12 1 0 0 0 0 ,3 1
38	4 0 1 0 0 0 ,12 2
44	4 1 0 0 0 0 ,12 1
45	17 0 0 1 0 0 ,2 3
48	11 0 0 2 0 0 ,3 3,10 3
53	12 0 0 0 1 0 ,7 4
54	13 0 1 0 0 0 ,6 2
55	9 0 0 0 1 0 ,9 4
56	14 1 0 0 0 0 ,14 1
57	17 0 0 0 1 0 ,2 4
59	13 2 0 1 0 0 ,6 1,11 3,19 1
63	8 0 1 0 2 0 ,2 4,8 2,15 4
65	11 0 0 1 0 0 ,17 3
66	16 0 0 0 1 0 ,11 4
70	12 1 0 0 0 0 ,7 1
71	13 0 1 0 0 0 ,6 2
73	11 0 1 0 2 0 ,1 4,14 4,17 2
74	11 0 0 0 1 0 ,17 4
77	4 1 0 0 0 0 ,12 1
78	13 1 0 1 0 0 ,8 3,19 1
81	15 0 1 0 0 0 ,1 2
82	3 0 1 1 0 0 ,15 2,16 3
83	17 0 0 1 0 0 ,8 3
84	8 0 1 0 0 0 ,4 2
86	14 0 1 0 0 0 ,14 2
87	12 0 1 0 0 0 ,7 2
95	3 1 0 2 0 0 ,0 3,2 1,5 3
99	16 0 0 1 1 0 ,5 4,8 3
