0	14 0 0 1 0 0 ,6 3
1	7 0 0 0 0 1 ,3 5
3	8 0 0 0 1 1 ,31 5,38 4
5	17 0 1 0 0 0 ,31 2
8	11 0 0 1 0 0 ,10 3
9	10 1 0 0 0 0 ,33 1
10	10 0 1 0 0 1 ,19 2,29 5
11	13 0 1 0 0 0 ,2 2
12	10 2 1 0 0 0 ,9 1,33 2,35 1
13	10 0 2 0 1 1 ,5 5,6 2,30 4,33 2
14	6 2 0 0 1 0 ,4 1,14 4,28 1
16	12 1 1 0 0 1 ,22 5,23 1,35 2
17	12 0 0 0 0 1 ,9 5
19	6 0 1 0 0 1 ,23 5,36 2
22	13 1 0 1 1 0 ,19 1,22 3,30 4
23	16 0 0 1 0 0 ,15 3
24	10 0 0 0 0 2 ,27 5,32 5
25	16 0 0 1 0 0 ,24 3
27	10 0 1 0 0 1 ,5 5,25 2
29	18 0 1 0 2 0 ,7 4,32 4,39 2
30	10 1 1 0 0 0 ,26 2,27 1
31	12 0 0 1 0 1 ,35 3,37 5
32	7 0 1 1 1 0 ,0 2,38 3,39 4
33	12 0 1 1 0 0 ,23 2,35 3
34	13 0 0 1 0 0 ,26 3
35	9 0 0 1 0 0 ,21 3
36	14 0 0 0 0 1 ,22 5
37	3 0 0 2 0 0 ,13 3,37 3
38	11 0 2 0 0 0 ,17 2,26 2
40	11 1 0 2 0 0 ,9 3,10 3,35 1
42	8 3 1 0 0 1 ,9 1,17 1,33 5,35 2,38 1
43	14 0 0 1 0 1 ,14 5,19 3
44	14 0 1 0 0 0 ,19 2
46	7 1 1 0 0 0 ,0 1,3 2
47	10 0 0 1 2 0 ,4 4,10 4,25 3
48	9 0 1 0 0 0 ,34 2
49	1 2 0 0 0 1 ,12 1,18 1,23 5
50	10 1 0 0 0 0 ,29 1
51	13 0 0 1 0 0 ,2 3
53	12 1 0 0 0 1 ,15 1,20 5
55	10 0 2 0 0 0 ,2 2,27 2
57	14 1 0 1 1 0 ,15 3,22 1,31 4
58	11 1 0 1 0 0 ,12 3,32 1
59	6 1 1 0 0 0 ,14 2,28 1
60	16 0 0 0 1 0 ,15 4
62	13 1 1 0 1 1 ,2 4,7 2,23 1,24 5
63	10 1 0 0 1 0 ,5 1,29 4
65	4 0 0 1 0 0 ,11 3
66	9 0 0 0 0 2 ,21 5,39 5
67	11 1 0 0 0 0 ,17 1
68	11 0 1 0 0 0 ,12 2
69	12 0 0 1 3 1 ,5 4,7 5,8 4,20 3,39 4
70	6 2 1 1 1 0 ,0 4,10 1,20 1,28 2,31 3
72	15 1 0 0 0 0 ,23 1
73	4 0 0 0 1 1 ,1 4,34 5
74	20 1 0 0 0 0 ,39 1
75	1 1 0 1 1 0 ,16 1,17 3,32 4
76	14 0 0 0 1 0 ,6 4
77	14 0 1 0 1 0 ,6 2,14 4
78	6 0 0 0 1 0 ,36 4
79	10 0 1 0 2 1 ,27 2,32 4,37 5,39 4
80	9 1 0 0 1 0 ,21 1,25 4
81	11 0 0 0 0 2 ,12 5,24 5
82	14 0 0 1 0 0 ,19 3
83	4 1 1 0 0 0 ,2 2,11 1
84	16 0 0 0 0 1 ,15 5
87	18 0 0 1 0 0 ,7 3
88	17 0 1 0 0 0 ,5 2
89	12 0 0 2 0 0 ,20 3,30 3
90	12 2 0 1 0 0 ,6 3,8 1,26 1
91	16 0 1 0 0 0 ,24 2
92	6 0 2 0 1 0 ,8 4,28 2,34 2
93	10 0 2 0 0 0 ,4 2,30 2
94	11 1 0 1 1 0 ,8 3,17 4,24 1
95	10 0 0 1 0 0 ,4 3
96	14 1 0 1 0 0 ,31 3,37 1
97	13 0 0 0 0 1 ,26 5
98	12 0 1 1 1 0 ,7 4,9 2,19 3
99	10 1 0 0 0 0 ,25 1
