0	10 1 0 0 1 0 ,10 4,11 1
1	21 0 0 0 1 0 ,12 4
2	8 0 0 0 1 1 ,10 5,16 4
4	13 0 0 0 1 0 ,14 4
5	4 0 1 0 1 0 ,9 4,19 2
9	8 1 1 0 1 1 ,6 2,14 4,16 1,18 5
11	16 0 0 0 0 1 ,13 5
13	9 0 0 0 0 3 ,5 5,7 5,17 5
17	21 0 0 0 1 0 ,3 4
18	21 0 0 0 0 1 ,19 5
20	10 0 1 0 0 0 ,0 2
23	12 0 0 0 1 0 ,18 4
24	6 0 0 0 1 0 ,8 4
26	4 0 0 0 1 1 ,1 4,17 5
30	10 0 0 0 0 1 ,11 5
32	1 1 0 0 0 0 ,15 1
33	4 0 0 0 1 0 ,4 4
35	21 0 0 0 0 1 ,3 5
36	16 0 0 1 1 0 ,2 3,19 4
38	12 0 0 2 0 0 ,10 3,18 3
39	13 0 0 0 0 1 ,14 5
42	21 0 1 0 1 0 ,5 4,12 2
43	16 0 2 0 0 0 ,2 2,13 2
45	16 0 0 0 1 1 ,13 4,19 5
47	21 0 0 0 1 0 ,19 4
48	23 0 0 0 1 0 ,5 4
52	21 0 0 0 1 0 ,3 4
55	16 0 0 0 0 1 ,13 5
56	10 0 0 0 0 1 ,0 5
57	23 0 0 0 0 1 ,5 5
59	16 0 0 0 0 1 ,2 5
64	21 1 0 0 0 0 ,19 1
66	16 0 0 1 0 0 ,2 3
67	21 0 0 0 0 1 ,12 5
70	21 0 0 1 0 0 ,3 3
71	16 0 0 1 0 0 ,2 3
72	8 1 1 0 0 0 ,7 1,16 2
74	20 0 0 0 0 1 ,10 5
75	21 1 0 0 0 0 ,3 1
76	20 0 0 1 0 0 ,10 3
80	10 0 0 1 0 0 ,0 3
82	8 2 0 0 0 0 ,16 1,17 1
84	9 0 0 1 0 0 ,7 3
85	23 0 0 0 1 0 ,5 4
86	9 0 0 0 1 0 ,6 4
88	9 0 1 0 0 0 ,6 2
89	21 0 0 1 0 0 ,12 3
91	21 0 1 0 0 0 ,12 2
92	6 1 1 0 1 0 ,5 1,8 2,11 4
94	9 1 0 0 0 0 ,6 1
95	15 0 0 0 1 0 ,17 4
97	21 0 0 0 0 1 ,12 5
99	21 0 0 0 1 0 ,3 4
