2	4 0 2 0 1 0 ,9 2,12 4,21 2
4	15 0 0 0 1 0 ,21 4
5	19 1 0 0 0 0 ,19 1
6	6 1 0 0 1 0 ,4 4,6 1
8	14 0 1 0 0 1 ,0 2,21 5
9	4 2 0 1 0 1 ,3 1,8 1,14 3,19 5
10	18 1 0 1 0 0 ,10 1,15 3
11	15 0 0 0 0 2 ,19 5,20 5
12	19 0 0 1 0 0 ,3 3
13	9 1 0 0 0 0 ,13 1
15	1 1 0 0 0 0 ,5 1
17	19 0 1 0 0 0 ,19 2
18	4 0 0 1 0 0 ,8 3
19	14 0 1 0 0 0 ,0 2
21	14 0 0 1 1 0 ,7 3,14 4
22	19 0 0 0 1 0 ,19 4
24	22 0 0 1 0 0 ,18 3
25	23 0 0 1 0 0 ,15 3
28	9 1 0 0 1 0 ,1 1,16 4
32	11 1 0 0 0 0 ,1 1
35	9 0 1 0 0 1 ,14 2,16 5
38	9 0 0 0 1 0 ,13 4
39	4 1 0 1 0 0 ,6 3,17 1
42	18 0 0 0 1 0 ,4 4
43	23 0 0 0 0 1 ,15 5
46	12 0 0 2 0 0 ,2 3,10 3
48	14 0 0 1 0 0 ,7 3
49	12 0 0 0 1 1 ,2 4,15 5
51	19 0 1 0 0 0 ,19 2
52	14 0 0 1 0 0 ,0 3
53	15 0 0 0 1 1 ,10 5,20 4
54	14 0 1 0 1 0 ,7 4,18 2
57	11 0 1 0 0 0 ,1 2
58	9 0 0 0 1 1 ,1 5,13 4
59	14 0 0 1 0 0 ,0 3
62	15 0 1 0 0 0 ,20 2
64	14 1 0 0 0 0 ,7 1
65	14 0 1 0 0 1 ,7 2,10 5
66	18 0 1 0 0 0 ,4 2
67	19 0 0 0 1 0 ,3 4
68	22 0 0 0 0 1 ,18 5
70	15 0 0 0 1 0 ,20 4
72	19 0 0 0 1 0 ,3 4
73	18 0 1 0 0 0 ,10 2
75	14 1 0 0 0 0 ,7 1
78	22 0 0 1 0 0 ,18 3
79	14 0 0 1 0 0 ,0 3
80	8 0 0 0 0 1 ,11 5
83	6 0 1 0 0 0 ,6 2
85	12 0 0 0 1 1 ,2 5,21 4
87	19 0 0 1 0 0 ,3 3
88	23 0 1 0 0 0 ,15 2
89	11 0 1 0 2 0 ,1 2,14 4,18 4
92	18 0 0 0 2 1 ,3 4,4 4,18 5
93	18 0 1 0 0 0 ,10 2
94	4 0 0 1 0 0 ,17 3
95	14 1 0 0 0 0 ,0 1
96	15 0 1 0 0 0 ,14 2
97	18 0 0 0 1 0 ,4 4
98	5 0 0 1 0 1 ,9 3,15 5
99	8 0 0 1 0 0 ,11 3
