0	2 3 2 6 2 6 ,2 9,3 18,4 3,5 2,9 17,12 16,13 11,14 17,15 20,17 14,18 14,19 7
1	3 0 3 5 2 5 ,0 3,1 8,3 6,8 23,9 13,11 9,12 9,13 15,14 5,16 13,18 7,20 19
2	6 4 4 3 1 2 ,0 9,2 9,3 6,9 13,10 13,11 13,12 7,14 6,16 8
3	4 2 5 4 5 5 ,3 7,4 16,5 9,6 16,7 14,9 7,11 9,12 16,13 7,14 18,16 8,17 13,19 4,20 10
4	4 1 3 3 5 4 ,0 19,1 8,2 16,8 7,9 24,10 18,11 10,13 4,14 14,15 8,16 10,19 19,20 9
5	8 5 2 3 3 4 ,2 12,3 8,5 9,7 13,8 20,9 20,10 10,11 13,12 13,13 15,14 21,19 15
6	4 6 4 4 5 3 ,0 4,1 14,2 6,3 8,4 13,5 7,6 4,8 15,9 18,10 6,12 6,13 11,15 13,16 18,18 6
7	5 3 2 6 4 3 ,0 10,1 5,3 7,4 11,7 7,8 14,10 11,11 13,17 15,18 16,20 15
8	4 3 7 7 8 4 ,0 10,1 6,2 17,6 15,7 7,8 10,9 4,10 15,11 20,12 13,13 11,14 8,16 22,17 12,18 14,19 13,20 9
9	3 4 5 9 4 0 ,2 10,4 19,5 6,6 18,7 11,9 13,10 3,12 18,15 18,16 13,17 6,18 16,19 8,20 3
10	1 6 5 4 6 4 ,0 9,1 8,3 11,4 5,8 23,11 1,12 12,13 17,14 14,15 8,16 8,20 18
11	3 3 4 2 4 5 ,6 9,7 17,8 11,10 11,12 15,13 3,14 10,16 10,17 16,18 13,20 11
12	2 5 8 5 4 7 ,0 11,1 2,2 15,3 5,4 2,6 9,8 22,9 11,10 7,13 9,15 7,16 2,18 8,19 9,20 18
13	2 2 5 3 5 3 ,0 12,1 7,2 5,6 10,8 12,10 8,12 13,14 9,15 2,16 12,20 14
14	5 2 2 4 5 5 ,2 15,3 16,4 8,6 16,8 22,12 21,14 5,18 7,19 15,20 5
15	6 4 4 4 2 6 ,0 13,2 9,5 17,6 10,8 20,9 13,10 8,13 9,14 6,16 13,18 18,19 12
16	2 5 4 5 2 4 ,0 14,4 12,6 10,7 2,10 16,12 10,15 11,16 8,17 12,18 17,19 7,20 10
17	3 5 4 3 7 2 ,0 12,2 15,3 13,4 3,10 13,11 8,12 17,16 10,17 18,18 8,19 9,20 19
18	7 3 1 3 2 3 ,3 16,4 7,6 13,9 11,11 9,12 7,13 15,16 13,20 12
19	6 5 5 6 3 7 ,0 10,2 22,3 7,4 8,5 19,6 16,7 13,8 11,10 19,11 9,13 9,14 6,16 17,17 11,18 18,20 11
20	5 2 1 10 0 5 ,0 6,2 5,3 18,4 12,7 9,8 20,11 15,12 9,14 14,16 11,17 13,18 19,19 9
21	4 4 5 4 8 6 ,1 8,2 15,3 14,4 19,5 4,8 7,9 21,10 11,11 5,12 16,13 9,15 7,16 26,17 21,18 7
22	1 3 2 2 5 6 ,0 19,3 1,4 23,8 13,9 11,13 4,15 18,16 13,17 14
23	2 7 6 6 7 5 ,0 2,1 20,2 6,3 6,4 19,6 11,9 13,10 10,11 7,12 9,13 11,14 21,15 18,17 21,18 16,20 14
24	2 1 4 4 6 4 ,2 9,3 3,5 8,6 16,7 2,8 23,10 8,13 5,14 18,16 14,17 7,19 9
25	6 3 4 3 2 8 ,0 12,2 15,3 9,4 19,5 13,6 11,7 11,8 11,9 13,12 6,16 13,18 9
26	2 2 9 10 7 4 ,0 6,1 2,2 17,3 7,4 12,6 16,7 5,8 14,9 3,10 11,11 5,13 21,15 18,16 3,17 11,18 9,19 15,20 19
27	1 7 3 5 1 2 ,0 9,2 7,6 10,7 5,9 1,11 4,12 7,16 17,17 12
28	1 6 5 4 4 6 ,3 15,4 7,6 10,7 1,8 7,9 11,10 9,12 4,13 5,16 7,17 5,18 24,20 8
29	3 6 7 4 7 3 ,2 19,3 6,4 9,5 3,7 13,8 6,9 11,10 11,11 13,12 7,14 17,16 13,18 11,20 9
30	4 2 2 8 6 6 ,0 12,2 4,4 13,6 8,7 17,10 10,11 10,12 9,13 15,14 18,15 7,16 6,17 17,18 19,20 15
31	3 2 2 4 4 3 ,0 9,2 6,3 4,4 10,9 18,10 16,11 14,12 16,13 9,14 14,16 3,18 11,20 9
32	5 5 4 5 3 5 ,0 6,1 9,2 15,5 9,6 10,7 11,11 13,12 11,13 5,14 8,15 7,16 24,17 11
33	2 3 6 5 4 1 ,5 17,6 12,7 17,8 19,9 13,10 7,11 7,13 8,14 9,15 12,16 9,18 2
34	6 3 3 2 3 4 ,4 9,8 11,9 15,10 19,11 10,12 6,15 24,16 8,17 15,18 8,19 8,20 15
35	4 3 6 3 4 5 ,1 9,2 7,4 4,6 9,10 4,13 15,16 6,17 16,18 16,19 7,20 16
36	1 11 5 3 0 1 ,1 1,2 3,3 6,4 8,6 7,7 5,8 11,9 3,10 9,13 1,14 6,16 13,17 11,18 16
37	6 3 4 5 1 2 ,1 14,8 6,9 18,10 16,11 11,12 18,13 18,14 18,16 13,17 7,18 11,20 8
38	1 8 1 1 5 7 ,2 15,4 1,6 18,7 11,8 15,9 10,11 13,12 8,13 13,15 4,16 17,17 7,18 17
39	6 4 1 4 4 6 ,2 15,3 13,7 7,8 6,12 13,13 7,15 11,16 8,17 7,18 16,19 18
40	5 4 5 8 7 3 ,2 12,3 14,6 5,7 14,9 17,10 11,11 14,12 21,13 13,14 5,16 17,17 11,19 14,20 15
41	2 2 6 4 2 6 ,2 10,3 17,4 14,5 14,8 14,9 20,10 11,12 18,14 21,15 2,16 18,18 6,19 12
42	5 4 4 3 6 4 ,0 18,1 14,3 5,5 19,6 14,7 13,10 9,12 17,13 11,15 9,16 22,19 12
43	4 7 3 3 5 1 ,0 12,2 9,3 11,6 9,11 13,12 19,13 12,14 4,15 19,16 10,17 6,19 9
44	3 3 9 6 9 2 ,0 7,1 14,2 11,3 13,4 8,5 4,6 14,7 13,9 3,10 18,11 14,13 11,15 20,17 12,18 13,19 13,20 9
45	1 8 3 5 3 3 ,0 1,1 8,2 13,3 3,4 10,6 14,8 19,9 21,10 11,11 5,12 17,16 14,17 15,18 5,19 10
46	1 10 4 4 5 6 ,0 19,2 7,3 9,4 11,5 3,6 3,7 7,8 13,9 13,10 5,11 8,12 8,13 1,15 7,17 12,18 10
47	4 1 7 7 4 5 ,0 7,2 16,3 6,7 14,8 15,9 11,10 15,11 4,12 4,16 13,17 12,18 11,19 10,20 15
48	5 2 3 4 4 5 ,1 14,2 9,8 5,11 10,12 7,13 5,14 13,15 13,16 18,17 17,20 18
49	3 6 5 4 4 5 ,0 12,1 3,3 14,4 8,5 9,6 8,7 14,8 23,9 12,11 8,12 13,13 8,14 7,15 6,17 17,19 15,20 6
50	6 5 5 3 3 6 ,0 11,2 15,6 9,7 11,8 22,9 6,10 11,12 18,14 17,16 26,17 7,18 11,19 19
51	6 2 4 4 6 4 ,0 12,3 11,4 13,5 6,6 9,7 9,9 11,10 8,14 10,18 11,19 15,20 10
52	1 4 6 3 3 6 ,0 6,1 1,3 7,4 12,5 17,6 17,9 18,10 16,13 9,14 9,15 11,17 7,18 11,20 23
53	4 6 0 5 5 4 ,0 5,1 20,2 17,4 4,6 9,7 14,8 15,9 19,12 11,13 15,14 10,15 24,16 10,17 15,19 18
54	2 3 2 5 7 5 ,0 11,2 12,4 7,6 2,7 18,8 12,9 4,11 10,12 11,14 8,15 13,16 6,17 19,20 10
55	4 1 4 3 6 6 ,0 6,2 10,3 20,4 8,6 11,8 15,10 4,12 8,13 12,16 7,18 7,19 11
56	1 9 3 3 4 3 ,0 11,1 3,2 15,3 14,4 13,5 8,7 17,9 12,10 5,11 5,12 1,13 11,16 12,18 8,20 3
57	1 7 5 3 5 8 ,0 2,1 5,2 2,3 14,4 4,5 19,6 5,8 12,9 13,11 9,12 17,13 1,15 1,16 22,17 5,18 6,20 14
58	4 4 6 3 2 3 ,2 16,3 5,4 10,6 10,8 23,9 5,11 16,12 16,13 22,14 4,18 11,20 12
59	2 7 5 3 4 5 ,0 11,1 2,2 9,5 7,6 5,7 11,10 21,11 10,12 17,13 18,16 14,17 15,18 6,20 10
60	2 8 6 3 5 6 ,0 13,2 24,3 16,4 4,6 2,9 20,10 11,11 14,13 5,14 10,15 12,16 26,17 12,18 7,19 11,20 8
61	5 7 7 3 3 4 ,3 6,4 5,5 13,6 17,9 10,10 9,14 13,16 11,17 15,18 6,19 9,20 12
62	3 6 6 7 6 5 ,0 12,2 5,3 16,4 9,6 9,8 3,9 13,10 8,11 19,12 11,14 21,15 4,16 13,17 14,20 15
63	1 6 7 6 7 6 ,0 9,1 1,2 6,3 14,4 11,5 2,7 5,8 23,9 18,10 6,11 20,12 1,13 2,16 20,17 15,18 16,19 11,20 8
64	2 8 3 5 6 6 ,0 11,1 9,2 23,7 4,10 16,11 20,12 9,13 17,14 2,15 24,16 10,17 15,18 16,19 4,20 9
65	1 2 5 7 2 6 ,0 15,3 17,4 8,7 17,8 23,9 12,10 18,11 15,12 7,13 21,15 12,16 8,17 1,18 6,19 6
66	2 5 5 4 4 6 ,0 3,1 8,3 18,4 3,7 9,8 10,9 17,12 17,13 11,15 2,16 16,17 3,20 5
67	2 6 4 4 8 2 ,1 8,2 2,3 7,4 19,6 11,7 11,9 20,10 15,11 19,12 6,14 18,15 19,18 19,20 11
68	5 3 4 9 4 3 ,1 14,2 6,3 20,4 5,5 19,6 17,7 11,8 10,9 12,11 14,14 13,15 24,16 12,18 13,19 17,20 6
69	5 5 4 3 3 1 ,0 6,2 12,5 5,8 10,10 9,11 8,12 11,13 20,16 18,20 19
70	2 4 7 3 2 5 ,0 13,2 17,4 13,5 14,6 12,7 11,9 19,10 8,11 8,12 16,17 2
71	1 4 3 3 7 5 ,0 13,2 3,3 20,5 17,7 5,8 2,9 18,10 9,12 10,13 1,16 8,17 5,18 11,19 9
72	3 4 5 5 8 3 ,0 12,1 5,4 13,6 16,9 15,10 11,11 20,12 3,13 18,14 19,15 20,16 6,17 12,18 24,20 8
73	1 6 3 4 7 5 ,0 12,1 4,2 12,3 14,6 16,9 1,10 10,11 8,13 12,15 7,16 18,17 18,19 18,20 8
74	3 6 5 3 1 6 ,1 9,2 24,3 13,9 7,10 10,12 7,16 16,18 3,19 6,20 9
75	4 3 2 2 1 9 ,0 10,1 4,2 12,3 14,5 13,9 7,10 19,12 5,13 15,14 10,16 13,18 11,19 13
76	3 4 2 7 7 5 ,0 13,3 20,4 7,6 13,7 11,9 12,11 11,13 13,14 3,15 9,16 17,17 6,18 7,19 13
77	4 3 7 6 3 4 ,0 14,1 6,2 6,4 6,5 19,8 7,9 7,10 10,11 9,12 6,13 6,14 4,16 13,17 18,18 16,19 14
78	5 6 5 3 7 1 ,1 12,2 6,3 16,4 13,5 17,6 8,7 9,10 19,11 5,12 7,13 17,15 8,16 6,17 7,20 10
79	3 5 2 5 3 3 ,1 12,3 7,4 12,6 12,7 13,9 12,13 7,15 9,16 9,17 7,19 3,20 5
80	3 8 3 4 5 4 ,1 20,2 7,3 15,5 17,7 11,8 7,9 15,12 9,13 4,14 7,15 19,16 20,17 6,18 3,20 19
81	3 3 3 5 6 4 ,0 3,1 4,3 15,4 10,5 15,6 11,8 10,9 19,13 5,15 20,16 10,17 12,18 8,20 8
82	3 6 3 7 9 1 ,2 16,3 6,4 6,6 14,7 14,8 10,9 13,11 13,12 11,13 7,14 18,16 3,18 4
83	2 5 6 5 2 4 ,1 8,2 9,4 6,6 10,8 11,9 3,10 9,12 9,13 2,16 12,17 5,18 14
84	3 3 9 3 3 6 ,0 9,2 19,3 11,4 19,8 22,10 19,11 19,12 6,13 18,14 13,17 16,18 8,19 3,20 16
85	5 1 8 2 2 3 ,2 19,3 9,4 5,5 6,6 9,7 11,10 21,16 17,18 16
86	3 3 2 3 4 3 ,0 15,3 16,5 15,6 5,9 7,10 8,12 19,13 3,14 3,15 13,18 16,19 17
87	8 7 2 4 5 2 ,0 11,2 11,4 13,5 10,10 10,11 8,12 12,14 19,15 18,16 8,17 13,18 22,20 10
88	2 10 2 2 6 4 ,0 12,2 7,3 15,4 14,5 2,6 13,7 11,8 10,9 13,10 8,11 14,12 18,13 17,14 5,15 6,16 13,18 14,20 16
89	3 2 5 1 3 1 ,0 10,4 11,5 15,6 20,8 13,9 19,10 15,14 10,17 18,19 3
90	2 5 2 6 5 4 ,1 6,6 9,8 2,9 15,12 12,13 5,14 9,16 13,17 15,19 6,20 11
91	6 1 3 10 5 4 ,2 17,3 17,7 17,8 6,9 20,10 9,11 8,14 17,16 22,17 6,18 11,19 8,20 9
92	4 3 3 5 3 1 ,0 14,2 4,4 6,6 20,9 13,10 19,11 10,12 4,15 8,16 13,18 17
93	3 3 5 8 2 5 ,2 15,4 7,6 10,8 14,9 3,10 20,11 7,12 9,13 13,15 9,16 13,17 8,18 24,20 8
94	5 9 3 5 4 7 ,1 9,4 19,5 10,6 8,7 5,8 20,9 5,10 11,11 16,12 7,15 9,16 8,17 6,18 10,19 8
95	4 1 3 4 8 6 ,0 14,2 9,3 17,4 4,5 7,6 10,7 9,10 14,11 9,13 15,15 11,16 17,17 13,19 13,20 19
96	2 5 5 7 1 9 ,0 18,1 8,2 11,3 6,6 16,8 2,9 4,10 14,11 15,13 20,14 4,15 3,16 18,17 8,18 19,20 14
97	2 3 7 5 6 3 ,0 14,2 15,3 5,4 13,5 15,6 14,8 15,9 19,11 2,12 4,13 11,14 19,17 11,18 16,19 6
98	2 5 2 6 5 6 ,0 10,1 5,4 7,6 9,8 13,10 7,11 13,12 12,13 7,14 9,16 2,17 3,18 16,19 13
99	5 7 6 4 5 4 ,0 15,1 5,2 11,3 7,5 19,6 7,7 11,8 19,9 13,10 8,11 13,13 15,14 21,15 12,16 6,17 11,19 13,20 8
