2	6 1 0 0 0 0 ,13 1
4	5 0 0 1 0 0 ,7 3
9	9 0 0 1 0 0 ,6 3
15	11 0 1 0 0 0 ,14 2
20	21 0 0 0 1 0 ,4 4
21	10 0 0 0 0 1 ,3 5
24	6 0 0 1 0 0 ,9 3
26	8 0 0 0 0 1 ,12 5
27	21 0 1 0 0 0 ,4 2
28	5 0 1 0 0 0 ,7 2
30	7 0 1 0 0 1 ,4 5,16 2
31	9 0 0 0 1 0 ,11 4
35	6 0 0 0 0 1 ,13 5
37	7 0 0 1 0 0 ,15 3
39	7 0 1 0 0 1 ,5 2,8 5
43	2 0 1 0 0 0 ,1 2
45	3 0 0 1 1 0 ,2 3,11 4
47	9 0 1 0 0 0 ,6 2
50	2 0 1 0 0 0 ,17 2
52	7 0 2 0 0 0 ,8 2,15 2
53	7 0 1 0 0 0 ,15 2
54	7 0 0 0 1 0 ,16 4
60	7 0 0 0 0 1 ,5 5
63	22 0 0 0 1 0 ,8 4
64	6 0 1 0 0 0 ,9 2
66	22 0 0 0 1 0 ,8 4
71	3 0 0 1 0 0 ,10 3
74	22 0 0 0 1 0 ,8 4
81	8 1 0 1 1 1 ,4 5,11 1,12 3,14 4
82	21 0 0 0 0 1 ,4 5
83	10 0 0 1 0 1 ,3 5,8 3
86	6 1 0 0 0 0 ,9 1
89	7 1 0 0 0 0 ,16 1
94	11 0 0 0 0 1 ,14 5
96	9 0 0 0 1 0 ,6 4
98	4 0 0 0 1 0 ,0 4
