0	8 0 1 0 0 0 ,6 2
1	15 1 0 0 0 1 ,8 1,16 5
2	18 0 0 0 1 0 ,1 4
3	18 1 0 0 0 0 ,16 1
7	2 0 3 2 2 2 ,2 4,4 2,10 2,11 3,15 3,17 2,19 5,21 5,22 4
11	6 0 0 0 1 0 ,3 4
12	4 0 1 0 1 0 ,2 2,13 4
16	17 1 0 0 0 0 ,21 1
19	17 0 0 1 1 1 ,16 3,20 4,21 5
20	12 0 1 0 0 0 ,17 2
23	19 0 1 0 0 0 ,20 2
25	11 0 1 0 0 1 ,2 5,19 2
30	18 0 0 1 0 0 ,14 3
33	18 0 0 1 0 0 ,14 3
38	5 2 0 1 1 0 ,12 3,14 1,17 4,22 1
39	5 0 0 1 0 1 ,6 3,7 5
42	8 0 0 1 1 1 ,1 4,6 3,8 5
43	14 0 2 0 1 0 ,5 2,14 4,20 2
45	18 0 0 0 0 1 ,1 5
46	14 0 0 0 0 2 ,0 5,20 5
47	18 0 0 0 1 0 ,14 4
48	14 0 0 1 0 1 ,4 3,5 5
50	2 0 1 0 0 0 ,18 2
51	11 0 0 0 2 0 ,2 4,19 4
52	6 0 0 1 0 0 ,15 3
54	14 0 0 0 1 0 ,5 4
57	6 2 0 0 0 0 ,1 1,3 1
59	3 0 1 0 0 0 ,9 2
61	14 1 0 0 0 0 ,0 1
62	18 0 0 0 1 0 ,1 4
63	14 1 0 0 0 0 ,5 1
64	15 1 0 0 0 0 ,8 1
68	23 0 0 1 0 0 ,2 3
69	12 0 1 1 0 0 ,4 3,17 2
70	14 0 0 0 1 0 ,0 4
71	14 0 0 0 1 0 ,0 4
73	18 0 0 0 1 0 ,16 4
74	17 0 0 0 1 0 ,4 4
75	23 0 0 0 0 1 ,2 5
77	3 2 0 1 0 0 ,5 1,8 3,9 1
79	4 1 0 0 0 0 ,11 1
80	18 0 0 0 0 1 ,16 5
81	15 1 0 0 0 0 ,8 1
82	12 0 1 0 0 0 ,17 2
84	6 1 0 0 0 0 ,3 1
85	7 0 0 0 1 0 ,12 4
86	17 0 0 1 0 0 ,21 3
90	17 1 0 0 0 0 ,21 1
93	19 0 0 0 0 1 ,20 5
95	19 1 0 0 0 0 ,20 1
96	14 1 0 0 0 1 ,4 5,5 1
97	15 0 0 0 1 0 ,8 4
98	17 0 1 0 0 0 ,21 2
99	18 0 0 1 0 0 ,14 3
