0	15 0 0 1 0 0 ,3 3
1	10 1 0 0 0 0 ,0 1
6	8 1 0 0 0 0 ,6 1
13	9 1 0 0 0 0 ,8 1
16	25 0 0 0 0 1 ,2 5
17	14 1 0 0 0 0 ,4 1
18	25 1 0 0 0 0 ,2 1
19	1 1 0 0 0 0 ,10 1
21	7 1 0 0 0 0 ,9 1
23	25 0 0 0 1 0 ,2 4
26	5 1 0 0 0 0 ,14 1
27	6 2 0 0 0 0 ,7 1,8 1
28	7 0 1 0 0 0 ,9 2
29	8 0 1 0 1 0 ,13 4,15 2
31	5 0 1 0 0 0 ,5 2
32	1 1 0 0 0 0 ,1 1
33	11 0 0 0 1 0 ,18 4
34	2 0 1 0 0 0 ,17 2
38	14 1 0 0 0 0 ,13 1
39	5 0 0 1 0 0 ,5 3
40	8 0 0 0 1 0 ,6 4
42	8 0 1 0 0 0 ,15 2
43	14 0 0 0 0 1 ,4 5
44	9 0 1 0 0 0 ,8 2
48	9 0 1 0 0 0 ,8 2
51	7 0 1 0 0 1 ,2 5,9 2
52	18 0 0 0 1 0 ,11 4
53	3 0 0 2 0 0 ,3 3,16 3
56	8 0 0 0 1 0 ,15 4
58	6 1 0 0 0 0 ,7 1
59	18 0 0 0 0 1 ,11 5
61	25 0 0 0 0 1 ,2 5
62	11 1 0 1 0 0 ,3 3,18 1
63	10 0 0 0 0 1 ,0 5
65	6 0 0 1 0 0 ,7 3
66	5 1 0 1 0 0 ,7 1,14 3
67	15 0 0 0 0 1 ,3 5
68	11 0 0 0 0 1 ,18 5
69	5 1 0 0 0 0 ,14 1
70	3 0 0 1 0 0 ,12 3
72	14 0 0 0 1 0 ,4 4
73	14 0 0 0 0 2 ,11 5,13 5
76	10 0 0 0 1 0 ,0 4
77	11 1 0 0 1 0 ,13 4,18 1
80	8 0 0 1 0 0 ,6 3
82	14 1 0 0 1 0 ,4 1,11 4
86	9 0 0 1 0 0 ,8 3
89	25 0 0 0 0 1 ,2 5
90	14 0 0 1 0 0 ,4 3
96	15 1 0 0 0 0 ,3 1
99	7 0 1 0 0 0 ,9 2
