0	22 0 0 1 0 0 ,21 3
3	14 1 0 0 0 0 ,29 1
4	5 0 0 0 1 0 ,25 4
6	16 0 0 1 2 0 ,4 4,8 4,26 3
8	9 0 0 0 0 1 ,2 5
9	10 1 1 0 1 0 ,3 1,22 4,29 2
11	9 0 0 2 0 0 ,2 3,27 3
13	13 1 0 0 0 0 ,17 1
14	10 0 1 1 0 0 ,22 3,23 2
15	9 2 0 0 0 0 ,2 1,5 1
16	13 1 0 0 0 0 ,14 1
17	5 0 0 1 0 1 ,6 5,19 3
18	6 0 0 2 0 0 ,9 3,18 3
21	10 0 0 0 1 0 ,5 4
22	10 0 1 0 0 0 ,5 2
23	16 0 0 1 0 0 ,22 3
24	16 0 0 0 1 0 ,26 4
25	16 1 0 0 0 0 ,8 1
27	13 0 0 0 0 1 ,17 5
28	17 0 1 0 0 0 ,18 2
30	13 1 0 0 1 1 ,7 5,14 1,29 4
31	14 1 0 0 0 0 ,29 1
32	10 0 0 1 0 0 ,1 3
35	22 0 0 0 0 1 ,21 5
36	4 0 0 0 1 2 ,16 4,19 5,21 5
38	16 0 0 0 1 0 ,8 4
39	4 0 1 1 1 0 ,4 2,12 3,19 4
40	10 0 0 0 1 0 ,23 4
41	10 0 1 0 0 0 ,23 2
42	10 0 0 0 1 0 ,3 4
43	10 0 1 2 0 0 ,5 3,8 3,21 2
44	22 0 0 0 0 1 ,21 5
45	22 0 1 0 0 0 ,21 2
46	13 0 1 0 1 0 ,7 4,17 2
47	17 1 0 0 0 1 ,18 1,28 5
48	10 0 0 0 0 1 ,15 5
51	3 1 0 0 0 0 ,20 1
52	1 1 0 0 0 0 ,11 1
54	10 0 0 0 0 2 ,3 5,26 5
55	22 0 0 0 1 0 ,28 4
58	1 2 1 1 0 1 ,13 1,22 2,25 1,26 3,28 5
59	13 0 1 1 0 0 ,14 3,22 2
60	1 1 0 0 0 0 ,10 1
61	13 0 0 0 0 1 ,17 5
62	10 1 0 1 0 0 ,1 3,15 1
63	14 1 0 0 0 0 ,27 1
64	13 0 0 1 0 0 ,14 3
66	14 0 2 0 0 0 ,8 2,27 2
67	15 0 0 1 1 0 ,7 4,19 3
70	18 0 0 0 0 1 ,4 5
73	10 0 2 0 0 1 ,8 2,14 5,23 2
75	1 1 0 0 0 0 ,0 1
76	14 0 0 1 1 0 ,19 3,27 4
79	4 2 1 0 2 0 ,1 4,9 2,12 1,18 4,26 1
80	6 1 0 0 1 0 ,9 1,29 4
81	3 1 0 0 0 0 ,20 1
82	22 0 1 0 0 0 ,28 2
84	17 0 1 0 0 1 ,18 5,28 2
85	10 0 0 0 1 0 ,15 4
86	18 0 0 1 1 0 ,4 3,28 4
87	3 1 1 0 0 0 ,20 1,22 2
88	14 0 0 0 2 0 ,19 4,27 4
90	14 0 1 0 0 0 ,29 2
92	17 0 1 0 0 0 ,18 2
95	18 0 0 0 1 0 ,4 4
97	5 0 1 0 0 1 ,7 2,24 5
