0	4 0 0 0 1 0 ,4 4
1	23 0 0 0 0 1 ,2 5
2	8 0 0 0 0 1 ,9 5
3	3 0 0 2 0 0 ,5 3,15 3
4	17 0 0 1 0 0 ,7 3
6	13 0 0 0 0 1 ,1 5
8	2 0 1 1 0 0 ,10 2,14 3
13	20 0 0 1 0 1 ,2 3,13 5
14	19 0 0 0 0 1 ,0 5
15	20 0 0 0 1 0 ,13 4
17	12 0 2 0 0 0 ,12 2,18 2
19	12 0 1 0 0 0 ,6 2
22	3 0 0 1 0 0 ,16 3
23	12 0 0 0 0 1 ,6 5
24	20 2 0 0 0 0 ,2 1,13 1
27	19 1 0 0 0 0 ,14 1
30	17 1 0 0 0 0 ,12 1
33	11 0 0 1 0 1 ,3 3,12 5
34	12 0 0 0 0 1 ,19 5
35	11 0 1 0 0 0 ,3 2
36	3 1 0 0 0 0 ,20 1
41	12 1 1 0 0 0 ,18 1,19 2
42	19 0 0 0 0 1 ,0 5
45	6 0 1 0 1 0 ,7 4,17 2
46	13 0 0 0 1 0 ,1 4
48	19 0 0 1 0 0 ,0 3
53	13 0 1 0 1 0 ,1 4,13 2
55	12 0 0 0 0 1 ,19 5
56	17 0 0 0 1 0 ,7 4
57	3 1 2 0 1 1 ,3 2,11 5,15 2,18 4,20 1
58	6 0 0 0 1 0 ,17 4
60	3 1 0 0 1 0 ,2 4,20 1
62	17 0 0 0 0 1 ,12 5
63	12 0 0 0 0 1 ,6 5
65	17 0 0 0 0 1 ,7 5
67	19 0 0 0 1 0 ,14 4
69	16 0 0 0 0 1 ,15 5
70	23 0 0 0 0 1 ,2 5
71	12 0 0 0 0 1 ,18 5
72	19 1 0 0 0 0 ,0 1
75	11 0 0 0 1 1 ,2 5,3 4
78	8 0 0 1 0 1 ,9 3,14 5
79	19 0 1 0 0 0 ,14 2
80	16 1 0 0 0 0 ,15 1
85	19 0 0 0 0 1 ,0 5
87	20 0 0 0 1 0 ,13 4
91	3 0 0 1 0 0 ,8 3
92	16 0 0 0 0 1 ,15 5
95	17 1 0 0 0 0 ,7 1
96	19 0 0 0 1 0 ,14 4
97	20 0 0 0 1 0 ,13 4
99	17 0 0 0 1 0 ,12 4
