1	16 0 0 1 1 0 ,10 4,13 3
3	9 1 1 0 0 0 ,2 2,3 1
4	15 2 0 0 0 0 ,10 1,15 1
5	15 0 0 0 0 1 ,15 5
6	4 1 0 0 0 0 ,12 1
10	1 1 0 0 0 0 ,8 1
11	4 0 0 0 1 0 ,0 4
19	19 0 0 0 1 0 ,13 4
20	16 0 0 1 0 0 ,1 3
24	19 0 0 1 0 0 ,16 3
26	19 0 0 0 1 0 ,16 4
27	18 0 0 1 0 0 ,4 3
28	13 0 0 0 0 1 ,6 5
29	9 0 1 1 0 0 ,2 3,15 2
31	19 0 0 0 1 1 ,13 5,16 4
32	3 0 1 0 0 0 ,11 2
33	19 0 0 0 0 1 ,16 5
34	9 1 1 0 0 0 ,2 1,13 2
35	2 0 2 0 0 0 ,7 2,9 2
37	14 1 0 0 0 1 ,1 1,3 5
40	13 0 1 1 0 0 ,4 2,6 3
41	18 0 0 1 0 0 ,4 3
43	19 0 0 0 0 1 ,13 5
44	16 0 0 0 0 1 ,1 5
46	1 1 0 0 0 0 ,14 1
47	15 1 1 0 0 0 ,10 2,15 1
48	18 0 0 0 0 1 ,4 5
53	16 0 0 0 1 0 ,1 4
56	3 1 0 0 0 0 ,11 1
61	13 0 1 0 0 0 ,6 2
66	16 1 0 0 0 0 ,1 1
73	4 0 1 1 0 0 ,2 3,12 2
74	12 0 0 0 0 1 ,9 5
75	19 0 0 1 0 0 ,16 3
76	4 1 0 0 1 0 ,12 1,15 4
78	15 0 1 0 0 0 ,15 2
80	14 0 0 0 1 1 ,3 5,10 4
82	16 0 0 1 0 0 ,10 3
83	12 0 1 1 0 0 ,6 3,9 2
86	16 0 1 0 0 0 ,10 2
87	12 0 0 1 0 0 ,9 3
90	18 0 0 0 0 1 ,4 5
93	16 0 1 0 0 0 ,1 2
99	1 1 0 1 0 0 ,3 3,5 1
