0	4 4 3 8 5 8 ,1 4,2 16,3 6,4 17,6 19,7 13,8 22,9 6,12 12,15 26,20 10,22 10,23 8,24 17,26 19,27 12
1	2 8 7 8 3 7 ,0 10,1 24,2 16,3 24,4 2,5 10,6 5,7 10,8 7,9 6,10 16,11 14,12 2,13 8,15 11,16 15,17 16,18 10,19 8,20 6,22 4,23 17,25 18,26 4,27 10
2	5 2 6 4 6 6 ,1 9,3 18,5 13,6 13,10 19,13 12,14 6,16 10,17 5,19 8,20 6,22 17,23 11,26 19,27 14
3	1 8 5 6 10 13 ,0 7,2 21,3 9,4 14,5 9,6 1,7 12,9 5,12 3,14 16,15 12,17 15,18 13,19 2,21 6,23 17,24 23,25 11,26 21
4	3 7 7 3 5 6 ,6 8,7 12,8 13,9 14,14 18,16 9,17 21,18 3,20 5,22 19,23 19,24 13,25 13,26 5,27 6
5	2 7 5 5 5 10 ,1 19,2 11,3 13,4 11,6 2,7 2,9 20,13 7,14 24,15 15,16 9,18 8,19 13,21 12,22 6,23 12,24 11,25 11,27 20
6	5 6 9 1 9 11 ,0 10,1 7,3 12,5 5,6 19,7 11,8 18,9 13,11 11,12 10,13 19,14 19,18 13,19 10,21 16,22 15,24 13,25 5,27 9
7	2 4 6 2 6 9 ,0 10,1 19,3 8,4 20,5 16,6 12,7 17,8 8,10 2,16 12,17 9,18 10,22 5,24 23,25 11,26 18,27 18
8	3 1 6 8 4 5 ,0 8,5 18,6 11,7 10,9 3,11 3,16 3,17 16,18 14,19 13,20 17,24 13
9	3 3 4 8 11 1 ,1 18,2 5,3 19,5 12,6 19,8 4,10 24,12 20,13 21,14 10,15 12,16 10,17 19,18 8,19 10,20 3,23 6,24 13,25 16
10	1 7 7 7 1 5 ,0 15,1 1,2 5,4 8,8 18,9 9,12 16,14 19,15 10,16 10,17 13,18 10,20 19,21 6,23 7,24 18,27 9
11	2 6 4 3 8 5 ,0 12,1 4,2 8,6 19,8 18,9 20,10 10,12 2,13 19,14 9,16 11,18 17,20 10,21 15,22 10,26 10,27 20
12	1 6 2 3 3 3 ,3 18,4 12,5 9,6 20,7 1,14 10,16 9,18 19,21 15,23 6,27 11
13	3 4 11 5 9 4 ,0 3,3 10,4 18,6 11,7 10,8 13,10 11,11 19,12 8,13 15,14 24,15 15,16 26,17 19,18 4,19 5,20 9,21 15,23 9,26 11,27 9
14	5 4 5 6 5 5 ,0 5,2 23,5 7,7 15,8 13,9 5,10 16,11 6,12 14,15 15,17 9,19 15,20 13,22 15,23 6,25 16,26 15,27 18
15	4 4 4 4 11 11 ,1 20,2 16,4 14,5 5,6 12,10 15,11 14,12 13,13 4,14 9,16 11,17 6,18 8,19 16,20 10,23 14,24 23,26 15,27 9
16	4 6 6 7 5 7 ,1 13,2 12,3 5,4 12,5 9,6 10,7 20,10 11,11 8,12 6,13 13,14 20,15 4,16 16,19 6,24 17,25 9,26 11,27 16
17	2 6 8 3 6 6 ,0 14,2 21,3 10,4 2,5 3,6 4,7 13,8 13,12 16,13 4,14 10,19 4,23 7,24 13,26 7,27 2
18	1 8 6 8 9 4 ,0 10,1 1,2 12,3 12,4 11,6 19,7 6,12 12,13 7,14 16,16 11,17 19,18 6,19 14,21 4,22 1,23 3,24 3,25 13,27 16
19	2 7 4 9 8 6 ,0 5,1 10,2 5,6 8,7 6,8 5,9 12,10 9,11 14,13 15,15 8,16 2,17 16,18 7,19 4,21 12,22 15,25 16,26 12,27 12
20	3 5 4 6 1 7 ,2 15,3 13,4 9,6 20,7 13,10 15,12 17,16 6,18 13,19 15,20 9,24 18,25 3,26 10
21	1 10 5 3 6 7 ,0 10,1 15,2 21,3 15,4 14,5 13,6 7,7 10,11 8,13 21,14 19,15 1,16 15,17 6,18 10,19 6,22 14,23 9,25 12,26 12
22	5 8 4 4 5 4 ,0 14,3 23,4 10,6 13,7 11,8 18,10 14,11 11,12 14,13 7,16 5,17 6,18 8,19 7,24 11,27 10
23	4 9 4 4 8 8 ,0 14,1 20,2 10,3 5,4 10,5 12,6 12,7 11,8 13,9 12,10 11,11 20,14 5,15 15,16 15,17 13,18 7,19 5,20 14,23 4,24 13,26 12
24	5 8 1 5 4 6 ,1 16,2 21,4 19,5 23,6 12,7 13,8 18,9 5,12 5,13 9,14 9,16 6,17 17,18 17,20 11,23 17,25 15,26 13,27 10
25	3 4 8 7 2 2 ,1 20,2 15,5 3,7 11,10 7,13 8,15 15,16 11,17 3,19 3,20 3,22 16,23 7,24 13,25 8,26 14,27 15
26	3 5 7 8 2 7 ,1 3,2 11,3 11,10 10,12 6,13 7,14 23,15 8,16 11,17 18,19 8,21 15,23 17,25 6,26 5,27 16
27	4 6 7 5 3 5 ,0 6,3 6,5 9,6 12,7 9,9 19,10 11,15 4,16 11,17 12,19 21,20 17,21 11,23 17,24 8,25 14,27 19
28	4 6 9 3 9 5 ,0 7,2 21,3 18,4 16,5 7,6 16,9 5,10 5,12 4,14 19,15 9,16 11,17 12,19 11,20 9,23 19,24 8,25 11,26 5,27 9
29	6 3 4 2 7 1 ,0 17,2 12,4 20,7 20,9 12,12 17,16 16,21 18,22 14,23 17,25 11,26 6
30	2 5 5 6 2 5 ,3 6,6 17,7 2,9 13,10 19,11 14,13 12,14 23,16 19,17 16,18 10,19 9,21 15,23 14,26 4,27 9
31	5 5 4 9 4 9 ,0 15,2 12,3 11,5 18,7 13,8 8,10 5,11 11,12 12,13 7,14 9,15 12,16 14,17 13,19 9,21 15,22 15,23 8,24 23,25 11,26 6,27 5
32	2 6 6 8 4 6 ,3 13,5 4,6 19,8 22,11 14,12 14,14 2,16 19,17 7,18 9,21 15,23 6,25 8,26 6,27 18
33	3 5 6 4 2 2 ,0 3,3 3,6 16,7 13,10 8,11 11,12 19,14 20,16 10,19 3,20 13,22 14
34	4 4 4 11 3 7 ,1 16,2 7,3 5,4 12,5 18,6 4,7 12,8 8,9 5,11 14,12 20,13 18,16 8,17 12,18 10,20 6,21 17,25 5,26 21
35	3 3 2 8 4 3 ,3 13,7 9,9 10,10 16,15 14,16 19,19 12,20 10,22 6,23 11,24 3,25 11,26 12
36	1 5 5 5 7 6 ,0 14,2 20,3 18,4 9,5 4,6 7,7 12,10 6,11 11,12 6,14 2,15 1,16 16,22 7,23 15,26 11
37	3 5 5 9 5 5 ,0 5,1 5,2 16,3 8,4 19,6 7,7 13,10 5,11 3,12 14,13 10,15 11,16 6,17 10,18 13,19 18,22 15,24 8,26 6,27 10
38	2 4 8 4 3 8 ,0 2,1 19,3 18,5 12,7 17,9 11,10 8,12 5,13 8,15 9,17 7,21 8,23 9,26 18,27 17
39	1 5 4 6 3 4 ,0 3,2 1,3 14,4 21,6 12,7 7,8 18,10 24,12 14,13 8,14 10,16 15,17 26,18 13,20 4,22 15,23 15
40	5 7 5 7 7 4 ,0 14,2 15,5 22,6 13,7 13,9 20,10 16,12 8,13 7,15 5,16 20,17 18,18 10,19 16,20 12,21 9,24 25,25 12,26 7
41	1 2 4 5 7 7 ,1 20,2 13,3 19,4 2,5 3,8 16,9 19,10 9,11 11,12 16,13 18,14 2,15 8,16 11,22 1,25 13,26 19,27 9
42	4 8 6 5 10 4 ,2 10,3 12,4 14,5 7,6 4,7 15,9 13,10 15,11 16,13 10,15 16,16 11,19 17,20 14,22 10,24 23,25 4
43	4 9 3 3 3 1 ,2 12,5 7,6 4,7 12,8 19,10 14,11 14,12 11,13 9,15 16,16 18,17 9,22 7,26 4
44	1 5 5 4 4 12 ,0 18,1 18,2 10,3 12,4 16,5 7,7 17,10 15,12 13,15 19,16 1,17 12,19 17,20 9,24 18,27 6
45	5 5 10 4 6 7 ,0 19,1 9,2 12,7 10,9 14,10 16,11 22,12 13,14 5,15 8,16 5,17 16,18 10,19 5,20 10,21 11,22 13,23 12,24 11,25 25
46	4 4 5 6 9 4 ,0 14,2 23,3 14,4 17,5 12,7 12,8 16,10 6,14 19,15 4,18 9,19 15,20 9,22 14,23 8,24 4
47	3 3 3 11 8 7 ,0 14,2 3,3 15,4 12,6 5,7 10,10 11,11 12,12 12,13 17,14 7,15 16,16 10,17 19,19 6,20 6,23 6,25 15,26 9
48	2 3 6 2 5 10 ,0 10,2 2,6 9,8 18,13 9,15 5,16 18,17 15,18 13,19 6,20 13,22 7,24 8,25 11,26 13,27 15
49	3 4 7 3 8 2 ,3 10,4 20,5 11,6 8,7 16,9 20,12 20,13 18,14 3,19 20,21 19,23 13,24 3,25 14,26 8,27 4
50	5 5 2 5 8 3 ,0 8,1 7,3 14,10 13,11 16,12 5,13 15,14 7,15 15,17 12,18 17,20 9,27 17
51	1 6 5 7 11 7 ,1 19,2 10,3 1,4 16,5 12,6 11,7 9,10 10,12 10,14 19,15 15,16 10,17 5,18 13,19 8,20 17,22 2,25 11,27 9
52	5 7 5 1 7 7 ,1 16,3 5,4 12,5 16,6 15,7 12,9 9,10 24,11 11,12 16,13 8,16 24,17 21,20 18,22 15,25 21,26 13,27 5
53	1 7 5 6 4 1 ,0 12,2 5,3 14,5 13,7 7,8 1,13 10,15 9,16 12,17 16,19 14,20 9,21 16,22 7,25 8
54	1 4 3 4 7 5 ,0 12,2 2,3 14,6 13,7 15,10 9,12 1,14 19,15 7,16 20,19 12,20 20,21 16,23 8,24 23,26 4,27 20
55	4 1 6 6 1 5 ,1 13,3 14,5 7,6 19,8 19,9 13,10 19,12 6,13 10,15 14,16 12,19 8,20 17,21 6,27 4
56	1 11 4 9 4 4 ,0 8,1 24,2 16,3 14,4 10,5 6,8 13,10 1,11 22,12 17,13 7,14 18,15 8,17 3,18 7,19 6,21 6,22 19,23 1,26 4
57	1 5 8 3 6 3 ,0 12,1 6,3 24,4 20,5 16,6 7,7 13,11 12,12 8,14 1,15 3,20 6,22 13,23 15,26 10,27 17
58	4 9 4 3 8 7 ,3 5,5 13,6 17,7 15,10 4,12 8,13 6,14 19,15 12,17 16,18 19,19 5,21 8,22 14,23 14
59	4 4 5 8 5 6 ,0 12,2 20,3 11,4 17,5 21,6 14,8 7,9 19,10 13,12 8,14 19,15 9,16 10,17 19,19 19,20 10,21 17,23 4,24 14,26 16
60	6 6 4 5 3 11 ,0 10,2 16,5 21,6 9,7 15,8 18,9 13,11 19,16 10,17 6,18 13,19 16,20 10,21 9,23 9,24 7,26 18
61	3 6 2 7 5 6 ,0 10,1 15,2 5,3 12,4 9,5 13,6 13,7 4,9 3,12 5,13 10,14 19,15 19,16 5,17 18,19 20,21 17,22 15,24 23,26 10
62	4 6 5 8 6 6 ,0 19,2 12,3 14,5 10,6 12,7 9,9 14,12 14,13 19,14 9,15 8,17 5,18 7,20 12,22 4,23 13,25 13,26 18,27 20
63	2 7 5 9 8 6 ,0 3,1 4,2 2,3 8,6 15,9 19,10 4,11 8,12 12,13 4,14 6,16 14,17 21,18 10,19 8,20 12,21 16,23 7,24 23,26 7,27 17
64	5 5 7 4 3 5 ,1 6,2 13,4 17,5 23,6 19,7 15,8 7,11 12,12 14,13 17,14 16,15 15,18 10,19 5,20 18,25 10
65	1 11 2 4 5 2 ,1 13,2 21,3 1,4 14,5 6,8 22,9 3,11 22,13 15,14 10,15 3,16 20,17 18,20 20,23 8,24 19,25 21,26 10
66	5 2 7 11 7 3 ,0 12,2 5,3 5,4 19,6 8,7 12,12 12,15 16,16 5,17 16,18 13,19 7,20 11,23 12,25 15,26 18
67	2 7 8 2 8 5 ,2 10,3 10,5 18,7 7,10 7,12 10,13 17,15 9,16 12,17 5,18 6,19 8,20 12,22 13,23 2,24 7,25 16,27 20
68	5 6 5 6 6 3 ,0 12,1 15,2 16,3 10,4 19,6 7,7 13,8 7,9 5,12 11,15 17,16 6,18 16,19 14,20 8,22 10
69	3 3 6 7 5 7 ,0 3,2 5,3 13,5 7,6 19,8 18,9 8,11 6,12 4,13 5,15 12,16 18,17 7,19 10,21 11,26 9,27 14
70	5 5 10 6 2 7 ,0 10,1 6,2 10,3 14,5 16,6 8,7 19,10 15,12 10,13 15,15 15,17 5,19 21,20 8,24 14,26 5,27 19
71	2 8 6 5 8 2 ,1 15,2 10,3 2,4 14,6 16,7 17,8 13,9 11,10 5,12 17,13 16,14 5,15 16,16 16,17 6,18 6,19 21,20 4,25 15,27 14
72	1 7 6 8 8 7 ,0 18,2 21,3 5,4 14,5 11,7 11,8 1,10 14,12 12,13 19,14 24,15 15,16 16,17 3,18 13,19 5,20 6,22 6,23 17,24 17,25 6,26 8,27 10
73	2 2 4 3 3 5 ,0 14,4 2,5 16,11 20,14 20,15 7,16 16,17 5,18 8,19 15,24 8,25 12,26 5
74	6 3 9 5 4 11 ,0 12,1 6,2 15,3 12,5 12,6 12,7 20,8 13,9 11,13 15,15 9,16 10,17 19,18 8,19 13,21 16,24 7,25 21,26 26
75	5 3 2 4 3 3 ,0 10,2 12,3 11,4 11,8 18,12 8,13 8,15 9,16 14,18 13,19 5,21 17,26 18
76	2 4 5 3 4 3 ,1 18,2 16,3 24,4 14,5 23,6 19,7 13,8 6,9 2,10 14,13 10,17 6,18 7,19 16
77	4 5 7 3 5 5 ,0 15,1 12,2 10,4 8,7 20,10 13,11 11,12 4,15 5,16 10,17 12,18 13,19 5,23 14,24 11,25 7,27 19
78	5 8 5 2 9 6 ,0 12,1 16,2 15,3 7,5 21,6 12,7 11,8 5,9 10,10 15,12 19,13 9,15 14,17 26,19 19,21 9,22 17,23 9,27 20
79	5 6 4 5 9 8 ,0 10,1 7,2 9,5 16,10 7,11 11,13 19,14 9,15 14,16 12,17 12,19 11,20 6,23 6,25 11,26 5,27 14
80	6 6 6 5 5 2 ,1 18,2 7,3 23,5 7,6 18,7 12,8 22,10 11,13 7,16 6,17 12,18 14,19 19,20 6,21 18,22 15,24 25,25 9,26 16
81	1 4 4 4 9 8 ,0 19,2 20,3 20,4 21,5 16,10 19,11 14,12 10,13 17,14 19,15 15,16 8,17 8,18 13,19 5,20 17,22 10,23 9,24 19,26 1
82	3 9 3 4 3 5 ,0 15,3 8,5 13,6 3,7 10,9 3,10 11,11 14,12 19,14 19,15 16,17 19,18 3,19 13,20 17,22 4,23 3,27 19
83	1 12 2 8 8 13 ,1 24,2 15,4 8,5 11,6 6,7 19,10 11,11 12,12 10,13 10,14 15,15 3,16 26,17 6,18 13,19 19,20 8,21 1,22 17,24 23,25 14,26 13,27 20
84	2 4 10 4 9 7 ,0 17,1 13,2 2,3 6,4 14,6 3,8 3,9 12,11 5,13 8,16 19,17 3,18 9,19 8,20 14,22 6,23 19,24 18,25 6,26 26
85	4 5 8 4 4 5 ,0 8,1 18,2 15,3 9,4 21,6 6,7 26,8 7,10 19,11 19,12 14,13 4,14 6,17 19,19 16,21 8,23 15,24 7,25 20,26 15
86	2 6 7 8 1 5 ,0 12,1 4,2 9,4 9,7 11,12 4,13 3,14 6,15 15,16 10,17 17,18 13,19 2,20 9,21 9,23 15,24 23
87	3 5 6 6 7 6 ,0 10,1 19,2 15,3 6,5 10,7 15,8 13,9 8,10 14,12 12,13 7,15 7,17 3,18 8,19 17,21 15,23 21,24 13,25 5,27 20
88	1 7 6 9 4 7 ,1 19,2 16,3 1,5 7,7 7,8 8,9 20,10 14,11 11,13 13,15 8,16 10,17 19,18 8,19 8,20 8,21 11,23 9,24 25,25 6,26 11
89	5 3 4 6 8 8 ,1 12,2 9,4 16,6 8,8 18,9 5,12 16,13 7,14 18,15 9,16 12,17 7,19 15,20 11,21 8,23 9,25 20,26 18,27 16
90	4 2 4 4 10 3 ,0 12,1 9,3 12,6 13,8 19,10 11,14 7,15 12,16 10,17 6,18 16,19 17,20 20,21 4,22 17,24 13,26 11
91	4 6 4 7 8 7 ,0 17,1 7,2 5,3 6,5 12,6 19,7 15,11 20,12 13,14 10,15 14,17 16,19 4,20 12,22 19,23 9,25 12,26 9
92	5 4 5 5 7 6 ,0 12,1 19,2 10,4 10,7 18,8 5,9 13,11 11,12 16,15 14,16 26,17 23,18 8,19 18,20 10,21 16,22 15,23 14,26 10
93	3 3 12 2 10 5 ,3 18,5 3,7 13,9 14,10 19,12 11,13 19,14 3,16 4,17 4,18 19,19 5,20 9,21 6,23 17,24 7,25 6,27 10
94	3 5 7 5 7 2 ,0 10,1 10,3 5,5 13,6 18,7 13,8 8,12 7,13 6,17 5,18 14,19 3,20 6,23 4
95	2 9 6 10 4 5 ,0 5,2 16,3 12,5 16,6 15,7 10,8 6,9 14,10 11,11 14,13 13,14 11,16 14,17 12,18 14,20 3,22 2,23 19,25 21,26 8,27 20
96	2 3 6 3 12 8 ,1 6,2 10,3 23,4 2,6 15,7 11,8 22,9 10,11 8,12 20,13 18,14 9,15 16,16 10,17 13,20 9,22 10,23 17,24 13
97	4 3 2 7 2 9 ,4 14,6 4,9 13,10 8,12 8,13 15,14 10,15 9,17 16,20 20,23 14,26 10,27 12
98	1 8 4 5 7 7 ,0 6,3 8,4 10,5 11,6 11,8 5,9 14,10 9,11 22,12 13,13 1,15 14,17 14,20 9,22 13,23 13,24 7,26 6
99	3 2 5 4 3 8 ,0 3,2 10,4 19,5 13,7 12,10 15,11 11,13 9,14 6,15 14,16 6,21 7,25 14,26 21
