0	2 1 0 0 0 0 ,11 1
4	3 0 0 3 0 0 ,4 3,14 3,15 3
5	16 0 0 1 0 1 ,3 5,20 3
6	15 0 0 1 1 0 ,3 3,7 4
7	11 0 0 1 0 0 ,21 3
8	17 1 0 1 0 0 ,17 3,18 1
9	12 0 0 0 0 1 ,30 5
10	11 0 0 0 1 1 ,12 4,18 5
13	3 0 1 0 0 0 ,29 2
18	10 0 0 1 0 0 ,23 3
19	14 0 1 1 0 0 ,3 2,5 3
20	16 0 0 1 0 1 ,3 5,14 3
21	10 0 0 0 1 0 ,0 4
22	12 0 0 0 0 1 ,19 5
23	10 0 0 0 1 0 ,23 4
24	15 1 0 0 1 0 ,14 4,24 1
25	20 0 0 0 1 0 ,13 4
26	4 0 0 1 1 0 ,9 4,24 3
28	20 0 0 0 0 1 ,18 5
31	23 0 0 0 1 0 ,31 4
33	17 1 0 0 0 0 ,17 1
36	15 1 0 0 0 1 ,7 1,20 5
38	17 0 0 0 0 1 ,16 5
39	1 2 0 0 1 0 ,8 1,11 1,22 4
40	15 0 1 0 1 0 ,18 2,24 4
41	12 1 0 0 0 0 ,10 1
43	17 0 0 1 0 1 ,13 5,17 3
45	23 0 0 0 1 0 ,31 4
46	20 1 0 0 0 0 ,13 1
48	20 0 1 0 0 1 ,13 5,18 2
49	10 1 0 1 0 0 ,0 1,13 3
50	12 0 0 1 0 0 ,19 3
53	23 0 0 0 1 0 ,31 4
55	11 0 0 0 1 2 ,12 5,21 5,31 4
56	15 1 0 0 1 0 ,14 1,24 4
57	17 0 0 1 0 2 ,14 5,16 3,20 5
58	1 1 0 1 0 0 ,10 3,32 1
59	8 0 0 0 1 1 ,15 4,22 5
61	12 0 0 1 0 0 ,10 3
62	14 0 0 1 2 0 ,5 3,7 4,20 4
64	7 0 0 1 0 0 ,6 3
65	3 1 1 0 0 0 ,2 2,27 1
68	14 0 0 0 0 1 ,5 5
69	15 0 0 0 1 0 ,7 4
70	10 1 0 0 1 1 ,0 5,3 1,19 4
73	7 1 0 0 1 1 ,6 4,14 1,25 5
74	17 0 0 0 1 0 ,16 4
76	15 0 0 1 0 1 ,20 5,25 3
77	10 0 0 1 1 0 ,23 3,31 4
79	15 0 0 0 2 0 ,17 4,25 4
81	10 1 0 1 0 0 ,22 1,30 3
84	15 0 1 0 0 0 ,7 2
85	20 0 1 0 0 0 ,13 2
86	15 0 0 2 0 0 ,25 3,31 3
87	11 0 1 0 0 1 ,12 2,18 5
88	3 1 0 0 0 2 ,2 5,16 5,29 1
89	14 0 0 1 0 0 ,5 3
92	5 0 0 1 1 1 ,1 5,17 3,30 4
94	2 0 1 0 0 0 ,28 2
95	3 0 1 1 0 1 ,10 5,17 3,27 2
96	8 1 0 2 0 0 ,2 1,21 3,24 3
98	2 1 1 0 0 0 ,15 1,26 2
