0	6 2 0 0 1 0 ,11 1,16 1,18 4
2	15 0 0 0 1 0 ,30 4
3	16 0 0 0 2 0 ,18 4,26 4
4	16 0 0 0 0 1 ,16 5
6	3 1 0 1 0 0 ,19 3,30 1
10	4 1 0 0 0 0 ,7 1
11	10 0 1 0 0 0 ,20 2
12	7 0 2 1 0 0 ,2 2,6 3,10 2
13	18 0 0 0 1 0 ,23 4
14	12 0 0 1 0 0 ,10 3
15	11 0 1 0 1 0 ,8 4,21 2
16	11 0 1 0 0 2 ,1 2,17 5,29 5
17	22 0 1 0 0 0 ,26 2
18	14 0 0 0 1 0 ,27 4
20	16 1 0 0 0 1 ,16 1,29 5
21	7 0 0 0 1 0 ,25 4
22	10 1 0 0 1 0 ,16 4,20 1
23	14 0 1 0 0 0 ,27 2
24	14 0 0 0 1 1 ,28 4,29 5
25	3 1 0 0 0 0 ,12 1
26	6 1 0 0 0 1 ,14 1,20 5
27	5 0 0 0 0 1 ,24 5
28	20 0 1 0 1 0 ,26 4,29 2
30	20 0 1 0 0 0 ,22 2
31	15 0 1 0 0 1 ,6 2,22 5
32	12 0 0 1 0 0 ,10 3
35	2 0 3 0 0 0 ,9 2,12 2,18 2
37	15 0 0 0 1 0 ,4 4
38	11 0 0 0 0 1 ,1 5
40	20 0 0 1 0 0 ,29 3
41	15 0 0 1 1 0 ,17 3,30 4
42	7 0 0 0 1 0 ,2 4
43	11 1 0 1 0 0 ,5 3,16 1
45	15 0 0 0 0 1 ,30 5
47	5 0 0 0 0 1 ,15 5
48	7 0 0 1 1 0 ,17 4,25 3
53	11 0 0 1 0 0 ,1 3
54	5 0 0 1 0 0 ,3 3
55	11 1 0 0 0 0 ,1 1
56	14 0 1 0 0 0 ,27 2
57	5 1 1 0 0 2 ,3 1,20 2,26 5,31 5
58	14 0 0 0 0 1 ,28 5
59	6 0 0 0 0 1 ,11 5
62	15 0 0 0 0 1 ,6 5
64	14 0 0 0 0 1 ,28 5
65	15 0 0 1 1 0 ,4 4,17 3
66	12 0 1 0 0 0 ,8 2
67	16 0 1 0 0 0 ,18 2
69	22 0 0 1 0 0 ,26 3
70	16 0 0 1 0 0 ,18 3
71	11 0 0 1 1 0 ,16 4,21 3
72	1 1 0 0 2 0 ,0 1,4 4,5 4
73	14 0 0 1 0 0 ,27 3
74	6 0 1 0 1 1 ,14 2,23 5,26 4
76	18 0 1 0 0 0 ,23 2
77	15 1 1 0 0 0 ,4 1,23 2
79	20 0 0 0 1 0 ,22 4
80	16 1 0 0 0 0 ,18 1
81	5 1 0 0 0 0 ,3 1
82	11 0 1 1 0 0 ,4 2,21 3
83	4 0 0 0 1 0 ,13 4
84	4 1 0 0 0 0 ,7 1
85	7 1 0 0 0 0 ,2 1
86	14 0 0 2 0 0 ,23 3,27 3
88	4 0 1 1 0 0 ,7 2,22 3
89	12 0 0 0 1 0 ,10 4
90	12 0 0 0 1 0 ,8 4
92	11 0 1 1 0 0 ,21 3,22 2
93	7 1 1 0 0 0 ,30 1,31 2
94	15 0 1 0 0 1 ,6 5,23 2
95	6 0 0 1 0 0 ,14 3
96	11 0 0 0 1 0 ,5 4
97	12 0 1 0 0 0 ,8 2
99	20 0 0 0 1 0 ,22 4
