0	20 0 0 0 0 1 ,25 5
3	13 0 0 0 0 1 ,12 5
4	12 1 0 0 0 0 ,7 1
5	3 0 1 0 1 1 ,2 2,6 4,8 5
6	19 0 0 1 0 1 ,8 3,15 5
7	23 0 0 0 0 1 ,13 5
8	5 2 0 1 0 0 ,7 3,10 1,16 1
10	12 0 0 1 0 1 ,5 5,21 3
11	14 0 0 0 1 0 ,22 4
13	24 0 0 0 0 1 ,26 5
14	4 0 1 0 2 0 ,1 4,11 2,18 4
15	13 0 0 1 0 0 ,12 3
16	16 0 0 0 2 1 ,19 4,23 4,27 5
18	14 0 0 0 0 1 ,22 5
19	20 0 1 1 0 0 ,13 2,19 3
20	20 0 0 0 0 1 ,9 5
21	16 1 0 0 0 0 ,27 1
23	5 0 0 2 0 0 ,0 3,17 3
24	5 1 0 1 1 0 ,5 4,6 1,10 3
25	12 0 1 0 0 0 ,5 2
26	19 0 1 0 0 0 ,23 2
27	12 1 0 0 2 1 ,7 4,9 5,13 4,25 1
29	13 1 0 0 2 1 ,4 4,14 4,22 1,26 5
31	14 0 0 0 2 1 ,8 4,20 5,22 4
32	16 0 1 0 0 0 ,4 2
33	16 1 0 0 0 0 ,20 1
34	2 0 1 1 0 1 ,3 2,21 5,26 3
35	16 1 0 1 0 0 ,4 3,11 1
36	20 0 0 0 1 0 ,21 4
37	24 0 0 0 0 1 ,26 5
39	16 0 1 0 0 1 ,23 5,27 2
40	6 0 0 0 0 1 ,24 5
41	20 0 0 1 0 0 ,9 3
43	19 1 0 0 2 0 ,11 4,13 4,21 1
44	20 0 0 0 1 0 ,25 4
47	20 0 0 1 0 0 ,21 3
48	3 1 0 0 0 0 ,2 1
50	25 0 0 0 1 0 ,8 4
51	20 0 0 0 1 0 ,19 4
52	16 0 2 0 0 0 ,4 2,9 2
55	12 0 0 0 1 0 ,6 4
57	19 0 1 0 0 0 ,23 2
59	6 1 0 0 0 1 ,24 1,25 5
60	16 0 0 1 0 0 ,27 3
62	12 1 1 0 0 0 ,5 1,20 2
63	19 0 0 0 0 1 ,11 5
68	19 0 0 0 0 1 ,15 5
70	13 1 0 0 1 1 ,12 5,15 1,26 4
71	19 0 1 0 0 0 ,23 2
72	24 0 1 0 0 0 ,26 2
73	19 0 0 0 2 0 ,8 4,23 4
75	12 0 1 0 0 0 ,16 2
77	20 1 0 0 0 0 ,9 1
78	12 1 0 0 1 0 ,7 4,16 1
80	5 0 2 0 1 0 ,0 2,16 4,20 2
81	16 1 0 0 1 0 ,13 4,20 1
82	19 0 2 0 0 0 ,11 2,15 2
83	20 0 0 0 1 0 ,21 4
84	20 0 0 0 1 0 ,19 4
87	5 1 0 0 1 0 ,14 4,17 1
88	12 0 0 1 0 2 ,6 3,20 5,27 5
89	5 2 0 0 1 0 ,16 4,17 1,19 1
91	20 0 1 0 0 0 ,25 2
93	19 0 0 0 1 0 ,15 4
95	19 0 1 0 0 0 ,15 2
97	16 0 0 0 2 2 ,4 5,8 5,13 4,19 4
98	13 0 0 1 1 1 ,9 4,14 5,25 3
99	5 1 0 0 0 1 ,10 1,11 5
