0	6 1 0 0 0 0 ,3 1
2	16 1 0 1 0 0 ,12 3,15 1
5	3 0 0 1 0 0 ,13 3
6	11 0 0 1 1 0 ,0 3,11 4
10	4 0 0 0 1 0 ,6 4
12	6 0 1 0 0 0 ,3 2
14	11 0 0 0 1 1 ,8 4,11 5
16	16 0 0 0 0 1 ,15 5
17	1 1 0 0 1 0 ,0 4,9 1
21	17 0 0 0 0 2 ,1 5,12 5
22	18 0 1 0 0 0 ,12 2
27	17 0 0 1 0 0 ,1 3
28	18 0 1 0 0 0 ,12 2
33	18 1 0 0 0 0 ,8 1
35	16 0 0 1 0 0 ,15 3
36	17 0 0 1 0 0 ,1 3
37	17 1 0 0 0 0 ,10 1
39	8 0 1 0 0 0 ,5 2
41	17 0 0 0 1 0 ,10 4
42	8 1 0 0 0 0 ,5 1
46	10 0 0 0 1 0 ,4 4
48	6 0 0 1 0 0 ,3 3
52	10 1 0 1 0 0 ,4 1,12 3
53	16 0 0 2 1 0 ,0 3,8 4,12 3
57	19 0 0 1 0 0 ,16 3
58	16 0 0 0 1 0 ,0 4
60	10 1 0 0 0 0 ,4 1
61	18 0 0 1 0 0 ,8 3
63	10 0 0 0 1 0 ,4 4
67	17 0 0 0 1 0 ,10 4
69	17 0 0 0 1 0 ,1 4
71	16 0 1 0 0 0 ,15 2
73	15 0 0 0 1 0 ,14 4
74	16 1 1 0 0 0 ,0 2,10 1
75	19 0 0 0 0 1 ,16 5
76	16 0 1 0 0 0 ,15 2
77	15 0 0 1 0 0 ,14 3
78	17 0 1 0 0 0 ,1 2
80	19 0 0 1 0 0 ,16 3
84	17 0 0 1 0 0 ,10 3
86	15 0 0 0 1 0 ,14 4
87	4 0 0 0 1 1 ,2 4,5 5
89	17 0 0 2 1 0 ,8 3,10 4,16 3
91	16 0 0 2 0 1 ,8 3,15 3,16 5
94	15 0 0 0 1 0 ,14 4
95	11 0 1 0 0 0 ,11 2
99	3 0 0 1 0 0 ,7 3
