1	23 0 0 0 1 0 ,2 4
5	20 0 0 1 0 0 ,7 3
6	3 0 0 1 1 0 ,0 4,12 3
9	13 0 0 0 0 1 ,21 5
10	7 1 0 0 0 0 ,17 1
13	13 0 0 0 1 0 ,5 4
14	23 0 0 0 1 0 ,2 4
15	7 0 0 1 0 0 ,20 3
17	20 0 1 0 0 0 ,7 2
19	7 0 0 0 1 0 ,3 4
21	18 0 0 0 1 1 ,10 4,18 5
22	11 0 0 0 1 0 ,14 4
25	7 0 1 0 0 0 ,17 2
26	15 0 0 0 2 0 ,2 4,13 4
27	11 0 1 1 0 0 ,6 2,10 3
29	4 1 0 0 1 0 ,15 1,23 4
30	16 0 1 0 0 0 ,0 2
33	1 1 0 0 0 1 ,1 1,10 5
42	11 1 0 0 0 0 ,14 1
43	4 0 1 0 1 0 ,6 4,24 2
44	13 0 0 0 0 1 ,5 5
45	5 0 1 0 0 0 ,16 2
48	16 0 1 0 1 1 ,0 2,7 4,18 5
49	1 1 0 0 0 0 ,22 1
53	11 1 0 1 1 0 ,10 4,13 3,14 1
54	13 0 0 0 0 1 ,21 5
55	23 0 0 0 0 1 ,2 5
58	3 0 0 1 0 0 ,25 3
59	15 1 2 0 1 0 ,2 1,10 2,13 4,18 2
60	10 0 0 0 1 0 ,15 4
62	5 0 0 1 0 1 ,15 5,19 3
65	23 0 0 0 0 1 ,2 5
67	20 0 0 0 0 1 ,7 5
71	11 0 1 0 0 0 ,14 2
72	3 0 0 1 0 0 ,8 3
73	7 0 0 0 1 0 ,17 4
74	11 1 1 0 0 0 ,14 1,21 2
75	20 0 0 0 1 0 ,7 4
76	7 1 0 0 1 0 ,18 1,20 4
81	1 1 0 0 2 1 ,5 4,6 5,11 1,13 4
83	7 0 0 1 0 0 ,3 3
85	7 0 0 1 0 0 ,9 3
87	16 0 1 0 0 0 ,0 2
89	4 0 2 0 0 0 ,19 2,24 2
91	16 0 1 0 0 0 ,0 2
94	13 1 1 1 0 0 ,10 2,18 3,21 1
96	3 0 0 1 1 0 ,4 3,9 4
97	16 0 1 0 1 0 ,0 4,7 2
98	18 0 1 0 0 0 ,18 2
99	5 0 1 1 0 0 ,14 2,16 3
