0	4 0 0 1 0 0 ,6 3
1	24 0 0 0 0 1 ,0 5
2	9 0 1 0 0 0 ,21 2
5	19 1 0 0 0 0 ,8 1
6	7 0 2 0 0 0 ,13 2,17 2
7	19 1 0 0 0 0 ,8 1
9	18 0 1 0 0 0 ,3 2
10	1 1 0 0 0 1 ,7 1,19 5
11	4 1 0 0 1 0 ,5 1,10 4
15	20 0 0 0 0 1 ,4 5
16	13 0 1 1 0 0 ,5 3,14 2
18	1 2 0 0 1 0 ,2 1,3 1,17 4
19	10 1 0 0 0 0 ,19 1
21	15 1 0 0 0 0 ,18 1
23	20 0 0 0 1 0 ,4 4
24	16 0 0 0 1 0 ,14 4
25	20 1 0 0 0 0 ,4 1
26	3 0 1 1 0 0 ,4 2,15 3
34	16 0 0 0 1 0 ,14 4
37	5 0 0 1 0 1 ,11 5,12 3
38	19 0 0 0 0 2 ,0 5,8 5
41	20 0 0 0 0 1 ,4 5
44	18 0 0 0 0 1 ,13 5
45	9 1 0 1 0 0 ,3 1,21 3
50	7 0 2 0 1 0 ,1 2,8 4,18 2
51	19 0 0 0 0 1 ,20 5
52	16 0 0 0 0 1 ,14 5
55	13 0 0 1 0 0 ,5 3
56	24 0 0 0 1 0 ,0 4
57	6 0 1 0 0 1 ,8 5,23 2
61	15 0 0 0 0 1 ,18 5
63	4 0 0 0 2 1 ,3 5,9 4,16 4
64	6 0 1 0 0 0 ,22 2
65	13 1 1 0 0 0 ,5 1,18 2
68	15 0 0 1 0 0 ,18 3
70	6 0 1 0 0 1 ,3 5,22 2
71	15 0 1 0 1 0 ,18 2,20 4
74	6 0 1 0 0 0 ,22 2
76	18 0 0 0 1 0 ,3 4
77	12 0 0 1 0 0 ,16 3
78	16 1 0 0 0 1 ,14 1,20 5
79	7 0 0 0 1 2 ,1 5,12 4,13 5
80	18 0 0 0 1 0 ,13 4
83	24 0 0 0 0 1 ,0 5
84	13 0 0 0 1 0 ,5 4
85	18 0 1 0 0 0 ,13 2
86	4 1 1 1 0 0 ,6 1,16 2,21 3
87	19 0 0 1 0 0 ,8 3
88	19 0 1 1 0 0 ,4 3,20 2
89	12 0 0 1 0 0 ,16 3
90	9 1 0 0 0 0 ,21 1
91	7 1 0 0 0 0 ,17 1
92	19 0 0 1 0 0 ,20 3
94	10 1 0 0 1 0 ,5 1,19 4
96	6 0 0 0 1 1 ,0 5,23 4
