0	14 1 0 0 0 0 ,22 1
2	13 0 0 1 0 0 ,1 3
3	11 0 0 0 1 0 ,16 4
5	5 0 1 1 0 0 ,17 2,19 3
7	17 0 0 0 1 0 ,17 4
8	1 1 0 0 0 0 ,27 1
10	11 0 1 0 0 0 ,2 2
11	13 0 0 0 0 1 ,1 5
13	14 0 0 0 1 0 ,22 4
14	15 0 0 0 0 2 ,7 5,13 5
15	9 0 0 0 1 0 ,4 4
21	17 0 0 0 1 0 ,15 4
22	10 0 0 1 0 0 ,11 3
23	8 1 1 0 0 0 ,7 2,9 1
26	15 0 1 0 0 0 ,7 2
30	7 1 1 0 0 0 ,3 1,23 2
31	15 1 0 0 0 0 ,8 1
32	7 0 0 1 1 1 ,9 5,16 3,21 4
33	11 0 1 0 0 1 ,6 2,8 5
34	18 0 0 0 0 1 ,13 5
35	10 0 0 0 0 1 ,10 5
38	14 0 1 0 0 0 ,22 2
39	7 1 0 1 0 0 ,4 3,24 1
42	2 0 1 1 0 0 ,0 2,1 3
43	7 1 1 1 0 0 ,7 1,12 2,15 3
44	14 0 0 0 0 1 ,22 5
45	6 0 1 0 0 0 ,14 2
46	7 0 0 1 0 0 ,24 3
51	14 1 0 0 0 0 ,20 1
54	14 0 0 1 0 0 ,20 3
56	11 0 0 1 0 1 ,2 3,20 5
58	2 2 1 1 0 0 ,18 2,21 1,22 1,26 3
59	15 1 0 0 0 1 ,7 5,15 1
62	13 0 1 0 0 0 ,1 2
64	7 0 1 0 1 1 ,3 4,11 2,23 5
65	14 0 0 0 0 1 ,20 5
66	5 1 1 0 0 1 ,12 5,19 2,24 1
70	3 0 1 1 0 0 ,5 3,21 2
72	17 1 0 0 0 0 ,17 1
73	17 0 0 0 0 1 ,15 5
75	18 0 0 0 0 1 ,13 5
77	3 1 0 1 0 0 ,11 1,25 3
80	10 0 1 0 0 0 ,10 2
81	11 1 0 0 0 0 ,2 1
83	7 0 1 0 0 0 ,3 2
84	11 0 0 0 1 0 ,6 4
85	17 0 0 0 1 0 ,15 4
86	10 0 0 1 1 0 ,2 3,11 4
87	11 0 0 0 0 1 ,6 5
89	7 0 1 0 0 0 ,24 2
90	15 0 0 0 1 1 ,8 4,17 5
91	8 1 0 1 0 1 ,2 1,13 3,26 5
92	11 1 0 0 0 0 ,2 1
94	8 1 1 0 0 0 ,9 2,22 1
96	10 0 0 1 0 1 ,10 3,17 5
97	9 0 1 0 0 0 ,4 2
98	11 0 0 0 1 1 ,8 5,16 4
99	6 0 0 0 1 0 ,14 4
