0	9 1 0 0 0 0 ,22 1
2	3 2 0 0 1 0 ,6 4,14 1,15 1
3	18 0 0 0 0 1 ,16 5
5	10 1 0 0 0 0 ,3 1
7	22 0 1 0 0 0 ,9 2
8	9 0 1 0 0 0 ,29 2
9	8 0 0 1 1 0 ,0 3,10 4
10	8 0 0 1 0 2 ,4 3,19 5,27 5
11	16 0 0 0 1 0 ,23 4
13	9 1 1 0 0 0 ,8 2,22 1
14	16 0 0 1 0 0 ,7 3
16	13 0 0 1 1 1 ,1 5,19 4,31 3
18	17 1 0 1 0 0 ,6 1,16 3
19	9 0 0 1 1 0 ,13 4,29 3
21	22 1 0 0 0 0 ,9 1
22	11 3 0 0 0 0 ,13 1,20 1,31 1
23	17 1 0 0 0 0 ,19 1
24	14 1 0 0 0 1 ,5 5,19 1
26	16 0 0 0 0 1 ,21 5
28	11 1 1 0 0 0 ,1 2,24 1
29	13 0 1 0 0 0 ,31 2
30	14 0 0 0 1 0 ,5 4
33	17 0 0 1 0 0 ,6 3
35	11 0 1 0 0 0 ,13 2
36	5 1 0 1 0 1 ,1 3,18 5,21 1
37	9 0 0 0 1 1 ,7 4,22 5
38	21 0 0 0 1 0 ,1 4
39	3 0 0 1 0 2 ,2 3,11 5,20 5
40	13 1 0 0 0 0 ,4 1
41	10 0 1 1 0 0 ,3 2,26 3
44	9 0 1 0 0 0 ,17 2
48	11 0 0 1 0 0 ,10 3
50	11 0 0 1 0 0 ,13 3
51	5 1 0 0 0 1 ,14 1,16 5
52	9 2 0 1 0 0 ,22 1,23 1,30 3
53	16 0 1 0 0 1 ,7 2,16 5
54	13 0 0 1 0 0 ,4 3
55	2 0 1 0 3 1 ,1 4,9 5,11 4,12 2,25 4
56	10 0 1 0 1 0 ,3 4,5 2
57	10 2 0 0 0 0 ,3 1,23 1
58	5 1 0 0 0 1 ,14 1,20 5
59	16 0 1 1 0 0 ,1 3,7 2
60	16 0 0 0 1 1 ,19 4,21 5
61	10 1 1 0 0 0 ,11 1,26 2
62	9 0 0 0 1 1 ,17 5,24 4
63	9 0 1 0 1 0 ,19 2,29 4
65	13 0 1 0 1 0 ,6 4,31 2
66	11 1 0 0 0 0 ,24 1
67	8 0 0 0 0 1 ,0 5
68	10 2 0 0 0 0 ,3 1,4 1
69	16 0 0 0 1 0 ,21 4
70	14 0 0 1 0 0 ,5 3
71	9 1 0 0 0 1 ,7 5,22 1
72	9 0 2 0 0 1 ,17 2,20 5,23 2
73	16 0 0 0 0 1 ,30 5
74	5 1 1 0 0 0 ,13 1,14 2
75	10 1 0 1 0 0 ,3 1,30 3
76	17 1 0 0 0 1 ,6 1,20 5
79	11 0 0 2 2 1 ,4 5,8 3,10 4,24 4,30 3
80	25 0 0 0 1 0 ,20 4
81	11 1 0 0 1 0 ,23 4,24 1
83	1 1 0 1 0 0 ,8 3,28 1
84	13 0 0 0 0 1 ,31 5
85	12 1 0 0 0 1 ,21 1,26 5
86	12 1 0 0 0 0 ,26 1
89	8 0 0 1 0 0 ,27 3
91	7 0 0 1 0 1 ,9 5,25 3
92	22 0 0 0 1 0 ,9 4
94	17 0 0 0 1 0 ,6 4
95	11 0 0 1 0 0 ,8 3
96	3 1 1 0 0 0 ,15 2,26 1
97	16 0 1 0 0 0 ,30 2
98	16 0 0 0 1 1 ,9 5,23 4
