0	12 0 0 0 1 0 ,17 4
1	14 0 0 0 0 1 ,0 5
2	6 1 0 0 0 0 ,16 1
4	12 1 0 1 0 0 ,17 1,24 3
5	7 0 0 0 1 0 ,6 4
8	11 1 0 0 1 0 ,7 1,15 4
9	13 0 0 0 1 0 ,25 4
11	21 0 0 0 0 1 ,1 5
13	11 1 1 0 0 0 ,20 2,26 1
15	16 0 0 0 0 1 ,2 5
18	11 0 0 1 1 0 ,5 4,11 3
20	18 1 0 0 0 0 ,15 1
22	20 0 0 0 0 1 ,5 5
23	13 1 0 0 0 0 ,26 1
24	12 0 0 0 0 1 ,22 5
26	13 1 0 0 0 0 ,25 1
28	13 0 0 0 0 1 ,26 5
29	18 0 0 0 1 0 ,15 4
30	5 0 1 0 0 0 ,13 2
34	11 1 0 0 0 0 ,20 1
35	3 0 0 1 0 0 ,21 3
36	14 0 0 0 1 1 ,1 5,18 4
37	3 0 0 1 0 0 ,19 3
38	12 0 0 1 0 1 ,0 5,17 3
39	2 0 1 0 0 0 ,10 2
40	6 1 0 0 1 1 ,0 4,16 5,24 1
41	2 1 0 0 0 0 ,9 1
42	18 0 0 0 0 1 ,15 5
44	4 1 0 0 1 0 ,1 4,8 1
45	21 0 1 0 0 0 ,1 2
47	5 0 0 0 1 0 ,23 4
48	13 0 1 0 0 0 ,25 2
49	11 0 0 0 1 0 ,20 4
50	4 0 1 2 0 0 ,6 3,8 2,25 3
51	21 0 0 1 0 0 ,1 3
52	13 0 1 1 0 0 ,15 3,25 2
53	20 0 0 0 1 0 ,5 4
54	13 1 0 0 0 0 ,24 1
55	11 0 0 1 1 0 ,7 4,22 3
56	18 1 0 0 0 0 ,15 1
58	5 0 1 2 0 0 ,2 2,3 3,7 3
60	21 0 1 0 0 0 ,1 2
63	16 1 0 0 0 0 ,2 1
64	2 0 2 0 0 1 ,4 5,14 2,26 2
65	11 0 0 1 1 0 ,7 3,22 4
67	2 1 1 0 1 0 ,2 2,9 1,24 4
68	4 1 0 0 2 0 ,8 1,18 4,27 4
69	11 0 0 1 0 0 ,20 3
70	11 1 0 0 0 0 ,11 1
71	12 0 0 0 1 0 ,17 4
72	2 0 1 1 0 0 ,12 2,18 3
75	16 0 0 0 1 0 ,2 4
77	5 1 0 0 0 0 ,27 1
81	13 0 1 0 0 0 ,24 2
82	14 0 0 1 0 0 ,18 3
83	20 0 0 1 0 0 ,5 3
87	13 0 1 0 0 0 ,24 2
90	13 0 1 0 1 0 ,2 2,26 4
91	5 1 1 0 0 0 ,3 2,23 1
92	11 0 0 1 0 0 ,11 3
94	5 0 1 0 0 0 ,13 2
96	11 2 0 0 1 0 ,5 4,20 1,25 1
98	5 1 0 0 0 0 ,13 1
99	11 0 0 0 1 0 ,11 4
