0	13 0 0 0 0 1 ,10 5
2	13 0 1 0 0 0 ,8 2
4	17 0 0 0 0 1 ,12 5
7	11 0 0 1 0 0 ,11 3
8	26 0 0 0 0 1 ,21 5
10	6 0 0 2 0 1 ,0 3,20 5,22 3
13	20 0 0 0 0 1 ,9 5
14	20 0 0 1 0 0 ,9 3
16	5 1 0 0 1 0 ,4 1,12 4
19	14 0 2 0 0 0 ,12 2,24 2
20	17 0 1 0 1 0 ,5 4,18 2
22	20 0 0 0 1 0 ,6 4
23	20 0 0 0 1 0 ,18 4
26	20 0 1 0 0 0 ,9 2
27	24 0 0 0 1 0 ,20 4
29	8 0 0 1 1 0 ,3 4,20 3
32	7 1 1 0 0 0 ,2 2,16 1
33	7 0 0 1 0 1 ,2 3,22 5
36	16 0 0 0 1 1 ,6 5,19 4
37	20 0 0 0 1 1 ,14 4,18 5
39	26 0 0 0 0 1 ,21 5
40	11 0 0 0 1 0 ,11 4
41	13 1 0 0 0 1 ,8 1,14 5
44	26 0 0 0 1 0 ,21 4
45	16 0 1 0 0 1 ,19 2,21 5
46	14 0 1 0 0 0 ,24 2
47	2 0 1 1 0 1 ,7 2,9 5,20 3
48	26 0 0 0 0 1 ,21 5
49	5 0 1 0 1 0 ,4 4,12 2
50	20 0 0 1 0 0 ,18 3
51	11 0 0 0 2 0 ,11 4,12 4
52	23 0 1 0 0 0 ,14 2
53	13 0 0 0 0 1 ,15 5
55	7 0 1 0 0 0 ,2 2
56	5 0 0 0 1 1 ,15 4,23 5
58	24 0 0 0 0 1 ,20 5
60	13 0 0 0 0 2 ,8 5,22 5
61	13 0 0 1 0 0 ,8 3
63	13 1 0 0 0 0 ,8 1
64	9 0 0 0 1 1 ,17 4,19 5
65	9 0 0 1 0 0 ,17 3
66	13 0 0 0 2 0 ,10 4,14 4
67	8 1 0 0 1 0 ,3 4,6 1
70	25 0 0 0 0 1 ,22 5
73	23 0 0 0 0 1 ,14 5
74	23 0 0 1 0 0 ,14 3
76	14 0 0 0 0 1 ,24 5
78	5 0 1 0 0 2 ,6 2,13 5,22 5
79	17 0 0 0 0 1 ,5 5
81	8 0 1 0 0 0 ,16 2
84	13 0 1 0 0 0 ,10 2
87	5 0 0 0 0 3 ,1 5,16 5,19 5
88	14 0 1 0 0 0 ,24 2
89	20 1 0 1 0 0 ,9 3,18 1
90	13 0 0 0 1 0 ,15 4
92	9 0 2 0 0 1 ,5 2,17 2,18 5
93	17 0 0 0 0 1 ,5 5
94	14 0 0 1 0 0 ,24 3
97	13 1 1 0 0 1 ,6 5,8 1,10 2
98	17 1 1 1 0 0 ,5 1,6 3,9 2
99	6 0 2 1 1 0 ,0 3,20 4,21 2,22 2
