0	7 0 0 1 0 0 ,22 3
4	17 0 0 0 0 1 ,19 5
6	18 0 0 0 1 0 ,20 4
7	18 1 0 0 0 0 ,12 1
8	12 0 0 0 2 0 ,10 4,24 4
9	20 0 0 0 0 1 ,6 5
10	12 1 0 0 0 0 ,10 1
11	6 0 1 0 0 0 ,4 2
12	18 0 0 0 1 0 ,20 4
13	13 0 1 0 0 1 ,0 5,8 2
14	13 2 0 0 0 0 ,8 1,17 1
15	16 0 1 0 0 0 ,13 2
16	18 0 0 0 1 0 ,20 4
17	20 0 0 1 0 0 ,0 3
18	20 0 0 1 0 0 ,24 3
19	18 0 0 0 0 1 ,12 5
20	17 0 0 1 0 0 ,19 3
22	15 2 0 0 0 0 ,5 1,24 1
23	9 0 1 2 1 0 ,0 2,2 3,6 3,24 4
26	3 0 1 1 0 0 ,16 3,18 2
27	20 0 0 1 0 0 ,6 3
28	15 0 0 0 1 0 ,5 4
29	16 0 0 0 1 1 ,12 4,18 5
34	20 0 0 1 0 0 ,0 3
35	4 0 0 0 1 0 ,21 4
36	20 0 0 0 1 0 ,24 4
37	14 1 0 0 0 0 ,17 1
38	18 0 0 1 1 0 ,6 4,12 3
39	6 0 0 0 1 0 ,4 4
40	7 1 0 0 1 0 ,8 1,22 4
41	12 0 0 1 1 0 ,13 4,23 3
42	2 0 2 1 1 0 ,2 2,9 2,10 4,19 3
43	2 0 1 0 0 0 ,14 2
45	7 0 0 0 2 0 ,1 4,28 4
46	2 0 1 0 0 0 ,27 2
47	12 0 0 1 1 0 ,1 3,23 4
50	16 0 0 0 1 0 ,18 4
52	13 0 0 0 0 1 ,8 5
53	6 0 0 0 0 1 ,26 5
54	8 0 0 0 1 0 ,11 4
55	18 0 0 0 0 1 ,12 5
56	14 1 1 0 0 0 ,17 2,19 1
57	18 1 0 0 0 1 ,1 5,20 1
59	12 0 1 0 0 0 ,23 2
60	14 1 0 1 0 0 ,1 3,17 1
62	6 2 0 0 1 0 ,3 1,20 1,25 4
64	18 0 0 0 1 0 ,20 4
67	20 0 0 0 0 1 ,6 5
68	12 0 0 1 0 0 ,10 3
70	17 0 1 0 0 0 ,19 2
72	8 0 1 0 1 1 ,11 4,13 2,17 5
74	16 0 0 0 1 0 ,13 4
75	15 0 0 0 0 1 ,5 5
78	12 0 0 1 0 0 ,23 3
79	7 0 0 1 0 0 ,28 3
82	5 0 0 2 0 0 ,0 3,15 3
83	5 1 1 0 0 0 ,8 1,15 2
84	6 1 0 0 2 0 ,13 4,24 4,26 1
85	13 0 0 2 0 0 ,8 3,19 3
86	20 1 0 0 1 0 ,0 4,1 1
87	21 0 0 0 0 1 ,1 5
89	2 0 1 0 1 1 ,5 5,7 2,17 4
91	3 0 0 1 0 0 ,29 3
97	9 0 0 0 1 1 ,2 4,18 5
98	6 0 1 0 0 1 ,3 5,25 2
