0	4 3 8 9 8 8 ,0 15,1 6,3 15,4 13,5 17,7 10,8 10,9 12,10 12,11 20,12 21,13 9,14 8,16 9,17 16,18 15,21 17,22 23,23 9,25 6,26 4,28 20
1	1 6 10 2 7 4 ,4 22,5 1,6 11,7 10,9 15,11 4,12 15,13 2,15 7,17 10,18 19,20 14,22 6,24 14,25 22,26 16,28 3,29 7
2	1 4 4 7 6 8 ,1 1,2 17,3 16,5 3,6 17,7 9,8 3,9 16,10 18,11 13,12 22,13 5,17 10,19 9,20 19,22 10,27 13,28 15
3	5 6 0 3 3 2 ,0 13,2 16,3 5,4 7,7 15,10 13,11 14,18 5,20 16,22 12,27 18,28 10
4	5 2 7 5 4 7 ,0 15,2 17,3 5,4 7,5 21,6 11,8 22,11 16,13 15,14 20,16 11,17 16,18 15,21 5,25 12,26 10,27 19,28 8,29 11
5	6 4 6 5 6 6 ,0 19,1 11,3 16,5 7,6 10,9 18,11 12,12 9,13 21,14 8,15 14,16 6,18 17,19 9,21 18,22 14,23 17,24 18,25 18,29 11
6	1 4 2 3 9 4 ,0 19,1 17,4 14,7 1,11 12,12 13,13 8,15 21,16 9,19 11,20 16,21 23,22 13,23 14,24 21,25 6,26 14,28 8
7	3 3 6 3 6 4 ,0 5,1 5,3 16,6 10,8 4,9 19,17 9,18 13,22 3,25 17,27 15,28 15,29 16
8	3 10 5 8 7 8 ,1 10,2 15,3 11,4 7,5 7,7 6,8 19,11 14,13 8,14 7,16 14,17 9,18 17,19 17,21 17,22 6,24 3,25 9,27 19,28 15
9	2 6 3 7 4 2 ,1 13,2 3,3 15,4 15,5 11,6 10,9 6,11 2,12 15,13 6,14 12,18 16,21 14,23 17,25 9,27 10,28 16,29 11
10	3 8 5 8 3 7 ,1 6,2 21,3 11,5 14,7 19,8 8,11 10,12 21,13 4,18 12,19 9,21 15,22 11,23 23,24 4,26 4,28 3
11	4 5 8 8 13 4 ,1 15,2 4,3 15,4 15,7 9,8 9,9 19,10 7,11 12,12 9,13 7,15 17,16 9,17 27,19 16,20 21,21 15,22 12,24 18,26 10,28 7
12	4 10 8 9 7 5 ,1 5,2 17,3 9,4 11,7 11,8 10,10 13,11 12,13 8,14 8,15 14,16 5,18 15,19 16,20 16,22 4,23 16,24 19,28 6,29 15
13	2 7 3 11 5 7 ,0 14,1 14,3 16,4 8,6 12,7 11,8 10,9 15,11 12,12 11,13 15,17 9,18 16,20 21,22 7,23 2,25 17,26 10,29 16
14	3 6 7 9 7 2 ,0 9,1 13,3 14,4 9,6 16,7 4,8 19,10 20,11 7,12 22,13 15,14 14,15 4,16 8,17 14,18 4,19 16,22 13,25 6,26 10,27 3,28 7
15	1 5 7 11 4 5 ,1 13,2 4,3 6,5 17,7 14,8 18,11 16,12 19,13 15,14 13,15 17,17 3,20 11,21 15,23 9,25 21,26 1,28 6,29 9
16	3 2 5 4 9 3 ,1 5,3 18,4 13,5 14,7 18,8 3,12 5,13 21,14 17,15 21,16 18,17 8,18 13,24 18,25 18,26 22,28 13
17	3 7 1 4 4 5 ,4 16,5 14,6 13,7 18,11 12,13 14,14 8,16 12,18 16,20 20,21 24,22 19,25 3,27 18,28 7
18	3 4 9 4 4 5 ,1 17,2 4,4 16,5 17,8 6,12 8,13 10,17 17,18 13,19 9,20 20,21 18,23 20,25 13,26 3,27 15,28 13
19	1 7 5 2 7 7 ,1 5,2 17,3 10,5 10,7 3,8 6,10 1,12 15,13 21,14 10,16 14,17 17,18 9,19 19,20 16,21 6,22 17,23 10,26 15,29 6
20	2 2 6 6 3 9 ,0 17,1 12,3 16,4 6,5 19,6 11,7 6,8 4,9 17,12 13,16 8,18 17,19 17,20 14,21 17,23 20,24 18,25 2,29 15
21	2 12 9 6 8 5 ,0 9,2 7,3 14,4 7,6 13,7 2,8 3,9 12,10 22,14 7,15 9,16 11,18 19,19 12,20 10,21 23,22 4,23 22,25 17,26 10,28 7
22	1 7 4 7 8 5 ,1 10,3 2,4 9,6 11,7 6,8 8,11 8,12 13,13 1,17 16,18 4,19 9,21 13,25 6,26 12,28 6
23	4 2 3 8 10 4 ,0 17,2 11,3 6,4 12,7 19,8 23,11 14,12 14,13 8,14 19,15 8,16 8,19 16,20 16,21 17,22 4,23 16,24 7,25 19,28 15
24	3 8 5 7 6 6 ,0 4,1 10,2 7,3 16,4 13,5 10,6 11,7 3,11 13,13 6,15 15,16 24,17 27,19 9,20 16,21 9,23 9,25 5,26 6,28 14
25	2 7 4 8 5 7 ,0 5,1 12,2 22,3 3,4 11,5 17,8 8,9 16,11 11,12 17,14 2,16 16,17 17,18 16,20 4,21 14,22 6,23 22,24 6,25 21
26	4 8 7 8 5 8 ,0 10,1 12,3 14,4 8,5 9,7 5,8 4,10 12,11 14,13 21,15 15,16 16,17 27,18 16,19 19,20 8,21 17,22 4,23 17,25 19,26 12,27 7,28 15,29 5
27	1 2 6 6 5 9 ,1 10,3 5,4 7,5 7,6 21,7 11,8 13,9 16,11 20,12 17,13 15,18 10,19 8,20 15,23 6,24 5,25 17,26 1,29 16
28	5 3 6 6 4 5 ,0 5,2 21,4 8,6 12,7 11,9 8,11 13,13 6,15 10,18 17,19 10,20 10,21 9,25 6,27 6
29	1 7 7 7 11 9 ,0 1,2 16,3 16,4 14,7 20,8 15,11 2,13 15,14 9,15 5,19 16,20 15,22 3,23 7,24 9,25 6,28 6,29 13
30	3 4 9 2 6 4 ,2 12,3 12,5 15,7 14,8 18,9 15,11 5,13 8,14 7,17 3,18 4,19 22,21 6,23 10,27 3,28 14,29 12
31	2 6 6 2 7 3 ,2 6,3 14,4 15,5 17,7 19,8 13,9 15,11 5,12 3,13 6,16 14,17 11,19 9,20 10,22 14,23 2,25 5,26 10
32	1 5 5 8 8 11 ,2 21,3 8,4 12,5 19,6 8,8 8,10 18,11 5,12 13,13 14,14 11,17 10,18 7,20 1,22 14,23 16,24 17,26 10,27 7,28 20,29 11
33	1 5 3 4 4 1 ,1 19,5 6,7 19,9 13,12 15,16 16,18 6,19 5,20 6,24 18,25 2,28 1,29 11
34	1 8 10 10 3 5 ,1 15,2 10,3 5,4 6,6 13,8 12,13 5,14 19,16 9,17 12,18 7,20 15,22 1,23 17,24 4,25 5,27 13,28 5,29 22
35	3 4 5 5 8 7 ,0 17,3 14,4 22,5 11,6 17,7 5,8 8,9 13,10 7,11 5,12 19,13 21,14 7,15 7,16 12,18 9,20 16,22 3,23 8,24 18,25 12
36	6 4 11 6 5 4 ,0 7,2 6,3 15,4 13,7 19,8 10,9 8,11 8,12 13,13 9,16 9,18 16,19 9,20 10,23 22,24 15,25 18,26 18,27 6,28 7
37	2 5 3 5 7 5 ,0 17,3 16,4 16,7 18,8 10,11 16,12 17,13 14,15 15,16 9,18 13,19 21,20 7,23 9,24 2,26 8,28 13,29 15
38	1 6 7 2 2 3 ,1 12,2 4,3 8,5 15,6 17,7 18,8 10,10 20,12 15,15 15,17 10,19 19,21 1,27 18,29 16
39	3 4 9 8 5 2 ,0 3,1 9,2 10,3 11,4 22,5 14,8 9,9 18,11 13,12 14,13 15,14 17,15 9,17 9,18 15,19 16,24 19,29 9
40	1 9 2 6 5 8 ,0 3,1 11,2 1,3 6,4 9,6 16,10 7,11 14,12 19,14 10,15 4,17 4,18 13,20 11,22 10,24 13,25 13,26 4
41	4 3 8 7 5 6 ,1 13,3 16,4 9,6 16,7 20,8 10,9 8,11 16,13 4,16 13,18 16,19 13,22 14,23 17,25 14,26 10
42	1 6 7 6 11 2 ,0 20,1 5,2 10,4 14,5 14,6 4,7 14,8 13,10 20,12 21,13 8,16 12,17 14,19 13,20 9,21 15,24 1,25 15,26 1,28 6
43	1 7 9 7 10 3 ,0 9,2 9,3 16,5 1,6 11,7 12,8 18,9 16,12 13,13 14,14 5,15 16,16 8,17 23,18 5,19 13,22 1,23 17,24 8,25 16,27 1
44	1 6 2 6 3 5 ,0 14,3 12,4 16,5 21,6 1,9 14,13 15,18 9,19 2,20 16,21 24,22 11,23 8,25 16,26 6,28 15
45	3 9 6 8 6 11 ,0 8,1 16,3 18,4 12,5 15,6 13,7 18,8 9,9 6,11 3,13 9,16 6,17 10,18 16,19 9,20 17,21 9,22 6,24 4,25 17,26 7,28 14
46	4 6 3 6 4 6 ,2 12,4 22,6 17,7 20,8 5,9 16,10 12,11 14,12 21,14 5,15 21,17 10,18 11,20 17,22 7,23 9,24 4,26 8
47	1 7 8 8 5 3 ,0 5,1 16,2 12,3 12,4 11,6 17,7 20,8 9,10 11,11 4,12 10,13 6,14 1,15 19,16 16,18 17,23 17,24 8,25 15,26 14,29 3
48	3 6 8 6 10 4 ,1 3,2 13,4 7,5 7,7 11,8 10,11 21,12 8,13 9,14 6,17 17,18 17,19 10,20 14,22 5,24 12,25 12,27 6,28 13
49	1 2 5 8 5 4 ,1 15,3 14,4 11,5 15,7 6,8 9,10 5,11 12,12 21,14 10,19 11,20 15,23 3,24 12,25 16,29 1
50	4 6 4 8 5 8 ,1 5,2 13,3 12,4 11,5 10,6 4,8 22,10 7,11 14,12 4,15 7,18 10,19 22,20 14,22 19,25 15,26 13,28 6,29 19
51	3 5 5 10 7 5 ,1 16,3 14,5 21,6 3,7 3,8 11,9 6,11 14,12 10,13 15,14 15,16 16,17 10,18 16,19 17,20 17,21 7,22 6,23 23,25 13,26 18
52	2 4 7 10 7 7 ,0 13,1 5,3 8,4 7,5 10,7 19,9 18,10 2,11 12,12 14,13 15,14 15,15 17,18 18,19 12,20 15,21 18,22 13,23 8,24 16,25 17,26 22,27 3,28 15,29 9
53	2 2 2 10 6 6 ,1 6,3 12,4 13,6 10,7 12,8 4,9 18,10 12,11 13,13 17,14 20,17 2,18 19,19 8,20 11,23 4,24 3,25 14
54	1 3 5 9 6 9 ,0 10,1 5,2 4,3 9,5 1,7 9,8 9,9 15,11 4,12 21,13 5,14 6,16 12,19 7,23 8,25 9,26 18,28 11,29 6
55	3 5 5 3 5 5 ,0 18,1 4,2 17,6 19,7 3,9 15,10 18,12 17,13 15,14 4,20 20,24 7,27 13,28 15,29 22
56	3 5 11 6 7 3 ,2 17,3 14,4 6,5 3,6 12,7 11,9 16,10 10,11 14,13 9,14 11,16 9,17 17,18 13,20 15,21 5,23 17,25 14,26 12,28 8
57	3 5 4 8 12 8 ,0 7,1 16,2 6,3 11,5 7,7 13,9 8,11 12,12 12,13 3,14 11,15 12,16 18,18 19,20 9,22 16,23 17,24 8,27 7,29 12
58	7 8 3 5 5 6 ,0 13,2 7,3 16,5 9,7 11,8 17,9 12,11 14,12 17,14 14,17 19,18 17,19 21,20 20,22 10,25 15,29 11
59	5 8 4 8 7 2 ,1 11,3 8,4 12,8 8,9 16,11 20,12 5,13 9,16 8,18 17,20 20,22 5,24 14,25 6,26 7,28 10
60	4 3 5 3 8 4 ,1 4,2 7,3 11,4 11,6 19,7 11,8 22,9 6,12 11,13 15,16 8,18 13,19 6,21 23,24 19,27 19,28 15
61	1 9 3 1 10 7 ,0 5,1 3,2 4,4 8,5 14,6 17,11 13,12 4,13 20,14 5,15 14,19 2,20 15,21 1,22 15,23 16,25 6,26 6,28 15
62	2 1 4 10 7 3 ,0 13,1 3,4 9,7 14,8 19,9 16,10 10,11 12,13 4,14 2,15 10,16 24,17 22,18 5,20 14,21 17,22 5,23 7,24 18,26 12
63	2 6 5 7 6 7 ,0 9,1 5,2 18,4 6,5 12,6 10,7 18,8 8,9 13,11 21,13 7,14 5,15 21,19 13,20 14,21 19,22 7,24 2,26 14
64	1 5 5 6 3 9 ,0 14,2 13,4 9,5 14,7 6,9 8,11 20,12 1,13 15,15 19,17 9,18 11,19 12,23 9,26 13,27 18,28 7
65	1 5 3 4 5 6 ,0 6,1 11,2 11,3 11,5 7,6 1,7 3,9 6,11 12,14 13,18 19,19 21,20 11,24 15,28 6
66	2 5 2 6 11 6 ,0 15,2 10,3 16,4 16,5 10,6 13,7 20,8 8,11 16,12 11,14 15,15 3,17 10,18 11,20 12,23 7,24 2,25 22,27 6,29 15
67	1 7 6 7 4 5 ,0 17,1 16,3 15,4 7,5 21,7 12,8 8,9 8,11 14,13 1,15 7,16 6,17 1,18 12,20 11,21 3,23 17,24 3,25 13
68	4 3 5 7 4 6 ,0 17,1 12,4 15,5 4,10 11,11 5,13 14,14 15,17 11,18 13,21 14,23 8,24 14,26 5
69	3 7 5 6 9 8 ,1 16,3 16,4 8,5 15,6 10,7 12,8 22,9 16,11 5,12 3,13 15,14 6,15 17,16 18,17 9,18 13,19 9,20 6,21 24,23 23,25 14,27 5,29 9
70	1 8 6 7 5 3 ,1 10,2 12,3 16,4 9,7 6,8 6,9 16,11 10,12 14,13 10,15 7,16 24,17 10,18 13,20 16,22 1,24 14,25 13,26 7,27 18,29 13
71	3 2 4 4 7 7 ,1 16,2 9,3 6,4 9,5 17,6 12,8 18,9 19,11 10,14 20,16 15,17 23,21 3,22 6,23 13,24 5,25 19,29 7
72	2 8 7 6 2 5 ,3 8,4 7,6 8,7 9,8 12,9 16,11 12,12 3,13 6,14 15,17 8,18 10,19 2,20 10,21 7,22 23,27 15,29 13
73	3 11 5 9 7 4 ,0 3,1 13,2 13,3 10,4 14,7 11,8 10,9 12,10 3,11 14,12 14,13 10,15 12,16 6,18 11,19 7,20 16,21 14,24 21,26 18,28 11,29 7
74	2 6 6 7 8 7 ,0 9,1 9,3 8,4 13,5 12,7 9,8 13,11 11,12 15,13 14,15 2,18 6,19 19,20 12,21 15,22 16,23 20,24 9,26 5,28 15
75	5 5 2 7 8 8 ,0 13,1 16,2 15,6 17,7 12,10 20,11 12,12 21,13 21,14 13,15 19,16 14,17 14,18 12,19 9,22 7,24 7,25 9,27 19,28 6,29 5
76	4 6 3 11 3 5 ,0 20,1 11,2 16,3 16,4 11,5 11,7 11,11 16,15 16,17 9,19 6,20 10,21 18,23 13,24 4,27 13,28 7,29 16
77	4 10 9 2 8 3 ,0 6,1 7,5 7,7 4,8 6,9 6,10 20,11 20,13 6,14 5,15 15,16 8,19 8,20 16,22 11,23 16,24 4,27 6,28 7
78	2 7 8 9 2 5 ,0 19,1 13,2 16,4 16,5 21,9 8,10 22,12 21,13 10,15 12,16 16,18 2,19 9,20 6,22 6,23 20,25 24,26 6,27 6,29 16
79	5 10 7 7 4 6 ,0 17,3 16,4 6,5 5,6 5,7 19,8 11,9 15,10 12,12 21,13 15,14 11,16 5,17 27,18 12,19 19,20 12,21 23,22 7,23 14,24 21,25 16,27 19,28 18
80	5 5 8 4 5 10 ,1 12,2 22,4 5,5 12,6 20,8 10,9 16,10 12,11 13,13 14,14 8,15 9,16 15,17 8,18 10,22 14,23 20,24 8,25 16
81	3 5 4 2 3 12 ,1 10,2 3,3 15,5 7,9 18,10 4,11 13,12 17,13 4,14 3,16 13,17 8,18 12,19 21,21 5,22 16,27 10,28 7
82	3 3 5 10 5 4 ,0 3,1 14,2 20,3 20,4 11,5 6,8 18,9 18,11 14,12 5,14 8,15 8,19 17,23 7,24 4,26 7,27 7,28 7,29 11
83	3 2 4 8 9 10 ,0 10,1 7,2 17,3 20,4 13,7 14,8 19,10 5,13 10,14 4,16 9,17 3,18 17,19 19,20 9,21 7,23 5,24 15,25 16,28 13
84	1 3 2 5 3 14 ,1 17,2 12,3 10,4 13,5 1,7 11,8 10,11 20,12 22,13 10,17 27,18 16,19 22,21 18,22 7,24 9,25 21,26 5
85	3 4 5 6 8 6 ,1 9,2 7,3 16,4 9,6 19,7 9,9 17,10 10,11 13,13 17,15 10,17 22,18 15,20 17,23 10,25 3,26 9,27 15
86	3 4 3 2 8 5 ,0 14,1 8,2 12,4 14,6 16,12 3,13 8,14 17,15 21,16 9,17 10,20 19,22 11,24 16,26 4,29 6
87	2 7 6 9 10 5 ,0 17,1 12,3 5,4 13,5 9,6 8,7 18,8 5,9 8,10 6,11 2,12 5,13 17,14 6,17 16,18 19,19 5,21 17,22 14,25 9,26 7,28 15,29 9
88	1 11 6 8 3 6 ,0 13,2 17,3 5,4 13,5 9,6 5,7 15,8 3,10 10,11 12,12 15,13 9,14 8,17 23,19 1,20 15,21 10,23 17,26 4,29 6
89	6 5 4 9 8 7 ,0 17,4 8,6 13,7 6,8 9,9 8,10 13,11 8,12 17,13 9,14 19,15 12,16 14,17 17,18 10,19 19,20 16,22 11,23 14,24 6,25 23,26 7,29 13
90	1 8 1 7 6 4 ,1 16,2 9,4 14,5 11,6 10,12 10,14 14,18 9,19 17,20 6,21 10,25 8,27 1
91	1 9 6 7 7 5 ,2 6,3 3,4 1,5 5,6 4,7 6,9 6,10 3,11 14,13 21,14 14,15 14,16 4,18 8,22 14,23 3,25 15,26 18,29 16
92	4 7 6 1 3 8 ,0 7,1 6,3 16,4 14,5 4,7 11,8 11,9 6,10 7,11 16,13 7,15 15,16 9,18 10,19 17,20 13,21 9,22 7,23 25
93	2 9 6 4 3 11 ,1 3,2 3,3 16,4 2,6 13,7 18,9 12,11 5,12 3,13 22,14 13,15 9,16 14,17 9,20 8,23 23,24 17,25 16,26 15,28 6,29 16
94	2 8 8 5 7 5 ,0 3,1 7,2 16,5 9,7 11,8 9,10 11,11 13,12 2,13 21,14 8,16 9,17 11,18 13,19 16,21 23,22 11,23 5,25 17,28 16
95	3 8 5 5 4 6 ,1 8,3 11,4 15,7 9,8 9,12 3,13 9,15 9,16 8,17 17,20 16,22 11,23 6,24 13,25 24,26 9,28 14,29 16
96	2 6 3 15 4 4 ,1 19,2 22,3 10,4 11,6 10,7 18,8 10,10 13,11 13,12 2,13 16,14 15,16 9,19 7,22 23,23 22,24 3,26 7,27 6,28 3,29 9
97	3 4 3 7 9 7 ,1 5,2 17,3 16,4 13,7 3,11 14,12 15,13 8,14 4,15 15,16 9,18 17,19 16,20 20,21 13,22 15,24 9,25 13,27 13,28 18
98	1 7 12 9 7 8 ,0 15,1 7,2 11,3 16,4 9,5 15,7 13,8 12,9 1,11 13,12 2,13 1,14 17,15 1,18 11,19 7,20 7,21 5,23 17,24 12,25 17,27 5,29 6
99	1 8 8 8 9 7 ,1 16,2 6,3 8,4 8,5 3,6 1,7 11,8 3,9 17,10 6,11 1,12 1,13 17,14 15,15 2,16 18,17 11,18 18,19 22,20 10,21 17,22 14,23 4,25 16,26 22,27 5,29 16
