0	8 0 1 0 1 0 ,20 4,22 2
1	16 0 0 0 1 0 ,11 4
3	16 0 1 0 0 0 ,17 2
5	19 0 0 0 0 1 ,19 5
7	15 0 1 0 0 0 ,14 2
9	10 0 0 0 0 1 ,5 5
11	3 0 0 2 0 0 ,9 3,17 3
13	10 0 0 0 1 0 ,5 4
14	16 0 0 1 0 0 ,20 3
17	16 0 1 0 0 0 ,17 2
20	10 1 0 0 0 0 ,10 1
22	5 0 0 0 0 1 ,15 5
23	7 1 0 0 0 0 ,12 1
24	16 0 0 1 0 0 ,11 3
25	16 1 0 0 0 0 ,1 1
27	5 0 0 0 3 1 ,6 5,12 4,14 4,18 4
29	10 1 0 0 0 0 ,5 1
30	8 0 0 2 0 0 ,19 3,22 3
31	10 0 0 0 0 1 ,16 5
32	3 2 0 0 0 0 ,3 1,8 1
36	8 0 0 1 0 0 ,22 3
37	2 1 0 0 0 0 ,21 1
38	15 0 2 0 1 0 ,11 2,14 2,17 4
39	14 0 0 1 0 0 ,8 3
40	5 0 1 0 0 0 ,2 2
45	16 0 0 0 0 1 ,20 5
46	16 1 0 0 0 0 ,17 1
47	14 0 0 1 0 1 ,8 3,14 5
48	1 1 0 0 0 0 ,4 1
52	16 0 0 0 0 1 ,1 5
53	16 0 0 1 0 1 ,1 5,11 3
54	5 1 1 1 0 0 ,2 3,7 1,16 2
55	16 1 0 0 0 0 ,11 1
56	19 0 0 0 1 0 ,19 4
57	11 0 0 0 1 0 ,7 4
59	2 1 0 0 0 0 ,21 1
61	15 0 1 0 0 0 ,14 2
62	3 1 0 0 0 0 ,3 1
63	14 1 0 0 0 0 ,8 1
64	4 0 0 0 1 0 ,13 4
66	16 0 0 0 0 1 ,1 5
68	11 0 0 1 0 0 ,7 3
78	10 0 0 1 1 0 ,10 4,19 3
79	10 0 1 0 0 0 ,16 2
81	3 1 0 0 0 0 ,3 1
82	10 1 0 1 0 0 ,8 3,16 1
83	7 0 1 0 0 0 ,12 2
84	10 0 0 0 0 1 ,10 5
85	3 0 0 1 0 0 ,0 3
87	11 0 0 1 0 0 ,7 3
88	16 0 0 1 1 0 ,11 3,19 4
91	7 0 0 1 0 0 ,18 3
94	16 0 0 0 1 0 ,20 4
97	14 0 0 1 0 0 ,8 3
99	16 0 0 0 1 0 ,17 4
