0	15 0 1 0 2 0 ,7 4,23 4,27 2
2	15 0 0 0 1 0 ,23 4
3	1 2 0 1 0 0 ,0 1,1 3,6 1
5	17 0 0 0 1 0 ,0 4
6	7 0 0 1 1 1 ,8 3,9 4,29 5
7	13 1 1 0 0 0 ,2 1,23 2
8	10 2 0 0 0 0 ,13 1,29 1
12	7 1 1 0 0 0 ,7 2,22 1
13	10 0 1 1 1 0 ,21 3,28 4,29 2
14	6 0 2 0 0 0 ,19 2,30 2
15	17 0 0 0 1 0 ,18 4
16	17 0 1 0 0 0 ,18 2
17	3 1 0 1 0 0 ,20 3,27 1
19	17 0 0 0 1 0 ,0 4
20	14 0 0 1 0 0 ,15 3
23	15 0 0 0 1 1 ,7 5,27 4
24	7 0 0 0 1 0 ,5 4
26	7 0 0 1 0 1 ,5 3,22 5
27	17 1 0 0 1 0 ,0 1,8 4
28	18 0 1 0 0 0 ,8 2
29	4 0 0 0 1 1 ,3 4,21 5
30	14 0 0 0 0 1 ,24 5
31	6 0 0 0 1 0 ,19 4
32	6 0 2 0 0 0 ,11 2,31 2
33	6 0 1 1 1 0 ,9 2,12 4,30 3
34	13 0 0 1 0 2 ,0 5,18 3,29 5
35	4 1 0 0 1 0 ,2 1,10 4
37	10 0 0 0 1 0 ,28 4
40	7 1 0 0 0 0 ,22 1
43	13 0 1 0 0 0 ,11 2
44	13 0 1 0 0 1 ,17 5,24 2
46	10 0 0 0 0 2 ,2 5,13 5
48	18 0 0 0 0 1 ,8 5
50	14 0 0 1 0 1 ,21 3,24 5
51	14 0 1 1 0 0 ,15 2,23 3
55	10 0 0 0 1 1 ,11 4,16 5
56	7 0 1 1 0 0 ,21 2,26 3
58	17 0 0 1 0 0 ,18 3
59	17 0 0 1 0 0 ,18 3
60	6 1 0 0 1 0 ,12 1,15 4
66	18 0 0 0 1 0 ,7 4
68	19 0 0 1 0 0 ,21 3
70	6 3 0 0 0 0 ,2 1,9 1,12 1
71	2 0 1 1 0 0 ,4 2,25 3
72	17 0 1 0 0 0 ,18 2
74	13 0 0 0 0 1 ,11 5
75	13 0 0 0 1 0 ,17 4
76	13 0 0 0 1 0 ,17 4
77	10 2 0 0 0 1 ,7 1,16 5,28 1
78	6 0 0 0 1 0 ,31 4
79	7 0 0 0 1 0 ,26 4
80	10 1 0 0 0 0 ,28 1
81	14 0 1 0 0 0 ,24 2
82	9 1 0 0 0 0 ,30 1
84	14 0 0 0 0 1 ,15 5
85	15 0 0 0 0 1 ,27 5
86	17 0 1 0 0 0 ,0 2
87	18 0 1 0 0 0 ,7 2
89	19 0 0 1 0 0 ,21 3
90	13 0 0 0 0 1 ,2 5
92	10 0 0 0 2 0 ,8 4,13 4
95	2 0 1 1 0 0 ,14 2,27 3
98	9 0 0 1 0 0 ,30 3
99	15 0 1 0 0 0 ,23 2
