3	16 0 0 0 0 1 ,1 5
4	15 1 0 0 2 0 ,1 4,15 1,20 4
5	5 2 0 0 0 2 ,6 1,15 5,17 1,30 5
7	11 2 0 1 0 0 ,0 1,11 3,32 1
8	6 0 0 1 0 0 ,35 3
9	24 0 0 1 0 0 ,4 3
11	5 0 1 0 1 0 ,13 2,18 4
12	12 0 0 1 0 0 ,17 3
14	16 0 1 0 0 0 ,11 2
15	10 0 1 1 0 0 ,10 2,37 3
17	12 0 0 1 0 0 ,17 3
19	14 0 0 0 0 1 ,0 5
20	10 1 0 0 0 0 ,28 1
21	5 1 1 0 0 0 ,13 2,23 1
23	21 0 0 1 0 0 ,2 3
25	21 0 0 0 0 1 ,2 5
27	12 0 0 1 0 0 ,17 3
28	16 0 0 0 1 0 ,20 4
29	7 0 2 0 0 0 ,1 2,18 2
30	8 0 0 0 1 0 ,31 4
32	11 0 0 1 0 0 ,32 3
33	13 0 0 0 1 0 ,26 4
35	8 1 0 0 1 0 ,23 1,31 4
36	13 1 0 1 0 0 ,8 1,36 3
38	10 0 0 1 0 0 ,37 3
39	1 1 0 0 0 1 ,9 1,12 5
41	4 1 0 1 0 0 ,16 3,33 1
42	11 0 1 0 0 0 ,33 2
44	13 0 1 0 0 0 ,8 2
45	16 0 0 0 1 0 ,20 4
46	12 0 2 0 0 0 ,0 2,14 2
48	10 0 0 0 1 0 ,28 4
49	4 0 0 0 3 1 ,4 4,22 4,27 4,36 5
50	10 0 0 1 0 1 ,7 5,32 3
51	4 3 0 0 1 0 ,6 1,13 1,33 1,34 4
52	10 0 0 1 0 0 ,37 3
53	13 0 0 0 1 0 ,8 4
54	9 0 1 0 2 0 ,2 4,6 2,36 4
55	12 0 0 1 1 0 ,1 3,14 4
56	18 0 0 1 0 0 ,36 3
57	10 1 0 0 0 0 ,28 1
58	21 0 0 0 1 0 ,2 4
59	7 1 0 0 0 0 ,18 1
60	2 0 2 1 1 0 ,6 3,15 4,19 2,27 2
61	11 0 0 2 1 0 ,4 4,26 3,32 3
62	9 0 0 0 1 0 ,29 4
63	10 0 1 1 1 1 ,14 3,15 5,17 2,28 4
66	11 1 1 0 0 1 ,1 2,4 5,32 1
68	4 1 0 1 0 1 ,8 3,16 1,24 5
69	17 0 0 0 0 1 ,10 5
70	17 0 0 0 0 1 ,10 5
71	14 0 1 1 0 0 ,27 2,36 3
72	4 0 1 0 1 0 ,10 2,21 4
73	11 0 0 0 1 1 ,0 5,24 4
75	10 0 0 1 1 0 ,7 3,20 4
77	11 0 0 0 0 2 ,11 5,33 5
78	9 1 0 0 1 0 ,4 4,6 1
79	10 0 1 0 0 0 ,23 2
81	9 1 1 0 0 1 ,0 1,11 2,29 5
83	5 0 1 1 0 1 ,3 5,8 3,23 2
85	11 0 1 2 0 1 ,2 5,10 3,11 3,24 2
87	4 0 1 0 1 0 ,25 4,33 2
88	10 0 0 0 1 1 ,23 4,26 5
89	14 0 0 0 1 0 ,27 4
90	9 2 1 0 0 0 ,6 1,7 2,26 1
91	5 0 0 0 0 1 ,5 5
92	6 0 0 1 0 0 ,35 3
93	16 1 0 0 0 0 ,11 1
95	12 0 1 1 0 0 ,14 3,27 2
96	10 1 0 0 1 0 ,4 4,37 1
98	1 1 0 0 0 0 ,38 1
