0	19 0 0 1 0 0 ,20 3
1	8 0 1 0 0 1 ,30 2,34 5
2	13 0 1 0 0 0 ,5 2
3	6 2 0 0 0 1 ,3 1,18 1,30 5
4	21 0 0 0 1 0 ,33 4
6	9 0 1 0 0 0 ,31 2
7	18 0 0 0 0 1 ,22 5
9	17 0 1 0 0 0 ,8 2
11	6 0 0 0 1 0 ,3 4
12	17 0 0 0 0 1 ,8 5
13	17 0 0 0 1 0 ,8 4
14	19 1 0 0 1 0 ,7 4,9 1
16	1 1 0 0 1 0 ,25 4,28 1
18	16 1 0 0 0 0 ,13 1
20	12 1 0 0 2 0 ,18 1,32 4,33 4
26	19 0 0 1 0 1 ,1 5,17 3
28	14 1 0 0 0 0 ,14 1
29	6 1 0 0 0 0 ,15 1
31	8 0 0 1 0 0 ,34 3
32	9 0 0 1 1 0 ,31 3,33 4
34	9 0 0 0 1 0 ,31 4
35	20 0 0 0 0 1 ,30 5
36	5 0 1 2 0 0 ,10 3,24 3,27 2
37	6 0 0 1 0 1 ,12 3,13 5
38	14 1 0 0 2 1 ,13 4,14 4,22 5,30 1
40	19 0 0 1 0 0 ,2 3
41	13 0 0 0 2 0 ,5 4,9 4
42	8 0 1 0 1 0 ,6 2,19 4
43	5 0 1 0 0 0 ,24 2
44	9 1 1 0 0 2 ,1 1,6 5,23 2,29 5
45	9 0 0 1 1 0 ,1 4,27 3
46	13 0 0 0 1 1 ,7 5,32 4
47	19 0 2 0 0 0 ,2 2,33 2
48	20 0 0 0 0 1 ,1 5
50	14 1 0 0 1 0 ,14 1,33 4
51	8 1 1 0 1 1 ,5 1,8 4,11 2,20 5
52	13 0 1 0 0 1 ,2 5,5 2
53	9 1 0 0 0 0 ,27 1
54	8 0 1 0 1 1 ,7 2,19 4,29 5
55	19 0 0 0 1 0 ,9 4
56	9 1 0 0 0 0 ,27 1
57	16 0 0 0 0 1 ,26 5
58	9 0 1 0 0 0 ,27 2
59	20 0 0 1 0 0 ,30 3
60	19 1 0 0 0 0 ,9 1
61	12 0 0 0 0 2 ,1 5,18 5
63	14 0 0 1 0 0 ,14 3
64	14 0 1 1 1 0 ,7 3,14 2,17 4
65	10 1 1 0 1 0 ,7 4,8 2,23 1
66	14 0 1 1 0 0 ,14 3,26 2
67	13 0 0 0 2 0 ,5 4,26 4
68	10 1 0 0 0 0 ,10 1
69	16 0 0 1 0 0 ,26 3
70	3 0 1 1 0 0 ,4 3,18 2
71	19 1 0 0 0 1 ,7 1,20 5
72	1 3 0 0 0 0 ,11 1,20 1,21 1
73	15 0 0 0 1 0 ,29 4
75	10 0 0 0 0 1 ,23 5
76	13 0 0 0 0 1 ,0 5
77	19 0 0 0 0 1 ,17 5
78	15 1 0 0 0 0 ,29 1
79	18 0 0 0 1 0 ,22 4
80	16 0 0 0 0 1 ,13 5
81	6 1 0 0 0 0 ,12 1
82	9 1 1 0 1 1 ,6 2,17 4,26 1,32 5
83	10 0 0 0 2 0 ,9 4,10 4
84	12 0 0 2 1 1 ,2 5,18 3,22 4,33 3
85	6 0 1 0 0 0 ,12 2
86	2 0 1 0 0 0 ,16 2
87	13 1 0 1 0 0 ,0 3,13 1
88	8 0 1 0 2 0 ,2 4,23 2,25 4
89	6 1 0 0 0 0 ,3 1
93	10 1 1 0 0 1 ,10 2,20 5,26 1
94	6 0 0 0 0 2 ,11 5,15 5
96	19 0 0 0 0 1 ,9 5
97	13 1 0 0 0 0 ,0 1
98	13 0 0 1 1 0 ,0 4,17 3
99	20 0 0 0 1 0 ,30 4
