0	16 1 0 1 0 0 ,1 1,18 3
1	7 0 1 0 1 1 ,9 4,27 2,28 5
2	10 1 0 0 1 0 ,0 4,30 1
3	11 0 0 0 0 1 ,20 5
4	13 0 0 0 2 0 ,5 4,26 4
5	9 1 0 0 1 0 ,14 1,16 4
6	24 0 0 0 0 1 ,19 5
7	10 0 0 1 1 1 ,4 5,28 4,29 3
8	11 1 0 1 0 0 ,9 1,12 3
9	17 1 0 0 0 0 ,5 1
12	12 0 0 0 0 2 ,1 5,24 5
15	10 0 0 0 2 0 ,18 4,30 4
16	22 1 0 0 0 0 ,8 1
18	16 0 0 1 0 1 ,22 5,25 3
19	23 0 0 1 1 0 ,19 4,25 3
20	2 0 1 0 1 0 ,15 2,19 4
22	10 0 0 0 0 2 ,22 5,29 5
23	23 0 0 0 1 0 ,25 4
25	23 0 0 1 0 0 ,25 3
26	14 0 1 0 0 0 ,9 2
28	13 1 0 0 1 0 ,13 4,22 1
29	14 0 0 1 0 1 ,5 5,9 3
30	22 0 0 0 1 0 ,8 4
31	11 0 1 0 0 0 ,12 2
32	9 1 1 0 0 0 ,13 1,31 2
33	13 0 1 1 0 0 ,18 2,26 3
34	7 0 0 1 0 0 ,27 3
35	9 0 1 0 0 1 ,21 5,31 2
37	14 1 0 1 0 0 ,7 3,9 1
38	5 0 0 1 0 1 ,1 5,6 3
39	12 0 0 0 1 1 ,1 5,24 4
41	22 0 0 0 1 0 ,8 4
42	12 0 2 1 0 0 ,7 2,24 3,28 2
45	17 0 1 0 0 0 ,5 2
46	14 0 0 0 2 0 ,7 4,8 4
49	22 0 0 0 0 1 ,8 5
50	3 1 0 0 1 0 ,2 1,16 4
51	14 0 0 1 0 0 ,9 3
52	12 0 1 1 0 0 ,11 2,26 3
55	21 0 0 0 1 0 ,4 4
56	13 0 0 1 0 0 ,0 3
58	2 0 1 0 0 1 ,17 2,25 5
59	13 0 0 0 0 1 ,0 5
60	10 0 1 0 0 1 ,20 2,30 5
61	12 0 0 1 1 0 ,11 4,26 3
62	5 0 2 1 0 0 ,6 2,13 2,28 3
65	3 0 1 1 0 0 ,2 2,4 3
67	9 1 0 0 0 0 ,31 1
68	2 0 1 0 0 0 ,10 2
69	21 0 1 0 0 0 ,4 2
70	11 0 0 0 1 0 ,20 4
71	13 0 1 1 1 0 ,5 3,13 2,19 4
72	13 1 0 0 0 0 ,0 1
73	21 0 0 0 1 0 ,4 4
75	11 0 0 0 1 1 ,11 5,12 4
76	6 1 0 0 1 0 ,7 4,23 1
77	10 2 0 0 0 0 ,11 1,29 1
78	9 1 0 0 0 0 ,31 1
79	24 0 0 0 0 1 ,19 5
81	9 0 0 1 1 0 ,8 4,31 3
82	11 0 1 0 0 0 ,12 2
84	13 0 0 0 0 1 ,14 5
85	10 2 0 0 0 1 ,13 1,14 1,21 5
86	9 2 1 0 0 0 ,7 1,16 1,19 2
87	20 0 0 0 0 1 ,18 5
88	6 2 0 0 0 1 ,18 1,23 5,29 1
89	13 0 0 1 0 1 ,13 3,18 5
91	16 0 0 0 1 0 ,22 4
92	13 1 0 0 1 0 ,14 4,22 1
93	7 0 1 0 0 1 ,25 5,27 2
98	17 0 1 1 0 0 ,4 3,5 2
99	1 1 1 0 0 0 ,3 1,14 2
