0	12 0 0 1 0 0 ,1 3
1	5 2 1 0 0 0 ,2 2,31 1,33 1
2	10 0 1 0 0 0 ,18 2
3	10 0 1 0 1 0 ,12 4,29 2
4	15 0 0 0 0 1 ,9 5
5	15 0 0 0 1 0 ,16 4
6	8 0 0 2 0 0 ,5 3,16 3
7	7 0 0 0 0 1 ,34 5
9	18 0 0 0 0 1 ,13 5
10	8 0 1 2 0 0 ,17 3,24 2,32 3
11	18 0 0 1 0 0 ,13 3
12	12 0 1 0 0 0 ,4 2
13	6 1 0 0 0 0 ,33 1
14	5 1 0 0 0 0 ,2 1
15	10 0 0 2 0 0 ,4 3,18 3
17	13 1 0 0 0 0 ,3 1
18	18 0 0 0 0 2 ,8 5,13 5
19	6 0 1 0 1 0 ,8 4,38 2
20	6 1 3 1 0 0 ,3 1,11 2,26 3,29 2,38 2
21	5 1 0 0 0 0 ,31 1
22	6 0 1 1 0 0 ,27 3,35 2
23	26 0 0 0 0 1 ,28 5
26	12 0 1 0 0 0 ,4 2
27	10 0 0 1 0 0 ,29 3
28	8 0 1 0 1 1 ,15 2,25 4,37 5
29	12 0 0 1 0 0 ,24 3
30	8 1 0 1 1 0 ,7 3,15 1,35 4
32	11 0 1 0 0 0 ,21 2
33	11 0 1 0 1 0 ,0 4,6 2
35	5 0 0 0 0 1 ,23 5
38	12 1 0 0 0 0 ,24 1
39	12 1 0 0 0 0 ,12 1
40	6 0 1 0 1 0 ,17 4,36 2
41	7 0 1 1 0 0 ,25 3,34 2
42	8 0 1 0 0 0 ,5 2
43	13 0 0 1 1 1 ,6 5,16 3,28 4
44	4 0 0 0 1 0 ,10 4
45	8 0 0 1 0 0 ,5 3
48	6 0 1 1 1 1 ,1 4,12 2,27 3,28 5
49	4 0 0 1 1 1 ,9 3,19 4,28 5
50	9 0 0 1 1 1 ,6 3,8 4,20 5
51	11 0 0 1 0 0 ,21 3
52	6 0 1 0 0 0 ,38 2
53	10 0 0 0 0 3 ,7 5,11 5,25 5
54	9 0 1 0 0 0 ,22 2
56	20 0 0 0 1 0 ,25 4
57	5 1 0 0 0 0 ,31 1
58	11 1 0 0 0 0 ,21 1
59	11 0 0 1 0 0 ,21 3
60	12 0 1 0 1 0 ,4 4,9 2
61	11 0 1 0 0 0 ,21 2
62	21 1 0 0 0 0 ,11 1
64	5 3 0 0 1 0 ,3 4,13 1,24 1,31 1
65	8 0 0 1 0 0 ,26 3
66	12 0 0 1 1 2 ,1 5,9 3,16 5,25 4
67	13 0 0 1 0 0 ,6 3
68	13 0 1 0 0 1 ,3 2,8 5
70	5 0 1 0 0 0 ,2 2
72	6 0 0 1 1 2 ,0 5,14 3,18 5,36 4
73	8 1 0 0 0 0 ,32 1
74	9 1 2 0 0 0 ,4 1,9 2,22 2
75	9 0 0 0 0 1 ,22 5
76	6 0 1 0 0 0 ,33 2
77	8 0 1 0 1 0 ,26 2,37 4
78	8 1 0 1 0 1 ,8 3,11 5,15 1
80	5 0 1 0 0 2 ,3 5,30 5,33 2
84	8 0 0 1 1 0 ,11 3,32 4
85	6 0 0 1 1 0 ,8 4,14 3
86	10 0 0 1 0 0 ,29 3
87	8 0 0 0 1 0 ,15 4
90	9 0 1 0 1 0 ,0 2,20 4
91	21 0 0 0 1 1 ,11 5,28 4
92	12 0 0 0 0 1 ,12 5
93	11 1 0 0 1 1 ,13 1,17 4,24 5
94	18 0 0 1 0 0 ,13 3
96	5 1 0 1 0 0 ,28 3,31 1
97	10 0 1 0 0 0 ,7 2
98	10 0 0 0 1 0 ,35 4
