0	9 1 0 0 0 1 ,4 1,23 5
1	10 0 1 0 0 0 ,8 2
5	6 1 0 0 0 0 ,14 1
6	24 0 0 1 0 0 ,26 3
7	3 1 2 0 0 1 ,3 5,12 1,17 2,22 2
8	16 0 0 2 0 0 ,24 3,27 3
10	10 0 0 1 0 0 ,8 3
12	10 1 0 0 0 1 ,0 1,26 5
13	4 1 0 0 1 0 ,3 1,28 4
14	3 1 0 1 0 0 ,14 3,17 1
15	10 1 0 0 0 1 ,18 5,27 1
16	14 1 0 0 0 1 ,3 1,30 5
18	8 0 1 0 0 0 ,22 2
19	9 0 0 1 0 0 ,1 3
21	4 1 0 0 1 0 ,2 4,22 1
22	14 0 0 1 0 0 ,3 3
23	7 0 0 0 1 0 ,15 4
24	7 0 0 2 0 0 ,15 3,18 3
26	2 0 1 0 1 0 ,4 4,10 2
28	9 1 0 0 0 0 ,1 1
29	16 0 0 0 0 1 ,27 5
31	21 0 0 1 0 0 ,24 3
33	14 0 1 0 1 0 ,3 2,24 4
35	9 1 1 0 0 1 ,4 1,19 2,30 5
36	14 0 0 0 0 1 ,21 5
40	16 0 1 0 0 0 ,27 2
41	18 1 0 0 0 0 ,7 1
42	16 1 0 0 0 0 ,27 1
43	15 0 0 0 0 1 ,19 5
45	12 0 0 1 0 0 ,23 3
47	12 0 1 0 0 0 ,23 2
48	5 1 0 0 1 0 ,12 4,25 1
49	8 0 0 1 0 0 ,11 3
50	15 0 1 0 0 0 ,19 2
51	8 1 1 0 0 0 ,3 2,22 1
52	2 0 2 1 0 0 ,7 3,18 2,20 2
55	4 0 0 0 1 0 ,16 4
56	7 1 1 0 0 1 ,1 5,6 2,25 1
57	24 0 0 0 1 0 ,26 4
58	18 0 0 0 1 0 ,7 4
60	10 0 0 0 0 1 ,0 5
62	8 0 0 1 0 0 ,11 3
64	1 1 1 0 0 0 ,13 1,26 2
65	18 0 0 1 0 0 ,7 3
66	8 1 0 1 0 0 ,0 1,25 3
67	15 0 0 1 1 0 ,19 3,27 4
68	9 1 0 0 0 0 ,9 1
69	9 0 1 0 0 0 ,4 2
70	5 0 0 0 0 1 ,29 5
71	17 1 1 0 0 0 ,24 1,30 2
72	9 0 0 1 0 1 ,9 3,30 5
73	7 0 1 0 1 0 ,6 4,21 2
75	10 0 0 0 0 1 ,8 5
77	12 0 2 0 0 0 ,7 2,23 2
79	1 1 0 0 0 0 ,5 1
80	9 0 0 0 0 1 ,9 5
83	8 0 1 0 0 0 ,22 2
86	24 0 0 0 0 1 ,26 5
87	8 0 1 0 0 0 ,25 2
88	14 0 0 0 1 0 ,21 4
89	8 1 1 1 0 0 ,11 2,21 3,25 1
92	18 0 0 0 0 2 ,7 5,26 5
93	6 1 1 0 0 0 ,6 1,14 2
94	15 0 0 1 0 1 ,19 3,24 5
97	10 0 0 1 0 0 ,0 3
98	9 1 0 0 0 1 ,4 1,24 5
