0	13 1 0 1 0 0 ,2 1,31 3
1	6 0 1 0 0 0 ,15 2
2	15 0 0 0 1 0 ,2 4
4	4 1 1 0 0 0 ,1 2,24 1
5	13 1 0 0 0 1 ,1 1,14 5
6	17 0 1 0 0 0 ,22 2
7	14 0 0 1 0 2 ,21 5,22 5,28 3
8	12 0 1 1 0 0 ,25 3,31 2
9	13 0 1 0 1 0 ,9 4,14 2
10	12 0 0 0 2 0 ,8 4,25 4
11	5 2 0 0 0 0 ,9 1,16 1
13	15 0 0 0 0 1 ,20 5
14	4 0 3 0 0 0 ,5 2,23 2,24 2
15	5 0 1 0 0 0 ,16 2
19	10 1 0 0 1 0 ,0 4,25 1
21	11 2 0 0 0 0 ,23 1,31 1
23	5 0 0 0 1 1 ,8 4,29 5
25	11 1 1 0 0 0 ,20 1,23 2
26	11 0 1 0 1 0 ,7 4,22 2
27	11 1 0 0 0 0 ,23 1
29	6 0 1 1 0 0 ,15 2,28 3
32	16 0 0 0 1 0 ,12 4
34	17 0 0 0 1 0 ,22 4
35	13 1 0 0 0 2 ,10 5,14 1,20 5
37	12 1 0 0 0 0 ,25 1
38	9 1 0 0 0 1 ,5 5,18 1
40	3 0 0 2 0 0 ,11 3,31 3
41	2 0 1 0 0 0 ,17 2
43	10 0 1 0 0 1 ,0 2,1 5
45	12 0 0 0 0 1 ,26 5
46	10 1 0 0 0 0 ,0 1
47	15 0 0 2 0 0 ,2 3,10 3
48	14 0 0 0 0 1 ,28 5
49	12 0 0 1 0 1 ,25 3,26 5
50	17 0 1 0 1 0 ,21 4,22 2
51	9 0 1 0 0 0 ,18 2
52	11 0 0 0 0 1 ,23 5
53	7 2 1 0 0 1 ,5 5,6 1,8 1,18 2
54	3 1 0 0 0 0 ,4 1
57	6 0 0 0 0 2 ,12 5,19 5
58	15 0 0 1 0 0 ,5 3
59	16 1 0 0 0 0 ,12 1
60	6 2 0 0 0 0 ,2 1,19 1
61	3 0 0 1 0 0 ,13 3
63	6 0 0 0 1 0 ,27 4
64	8 0 1 0 1 1 ,9 5,12 2,30 4
66	6 1 2 0 1 0 ,8 2,21 4,27 2,28 1
73	9 0 1 0 0 0 ,3 2
76	11 0 0 2 0 0 ,7 3,9 3
77	11 0 0 0 1 0 ,7 4
79	5 0 1 0 1 0 ,16 2,20 4
80	7 0 0 1 1 0 ,0 3,6 4
81	18 0 0 0 0 1 ,1 5
82	12 1 0 1 0 0 ,12 3,26 1
83	17 1 0 0 0 0 ,9 1
84	9 0 0 0 2 1 ,3 4,10 5,31 4
85	19 1 0 0 0 0 ,21 1
87	17 0 0 1 0 0 ,9 3
88	9 0 0 1 0 0 ,3 3
89	13 0 0 1 0 0 ,14 3
91	3 0 2 0 0 0 ,4 2,14 2
92	8 1 0 1 1 1 ,2 3,10 5,26 1,30 4
93	19 0 0 0 0 1 ,21 5
94	15 0 0 1 0 0 ,2 3
95	6 0 2 1 1 0 ,1 3,8 4,15 2,22 2
96	5 1 0 0 0 1 ,12 1,32 5
98	14 0 2 0 0 0 ,1 2,28 2
99	4 1 1 0 1 0 ,6 2,18 4,24 1
