0	13 1 1 1 1 0 ,10 3,18 4,30 2,31 1
1	19 0 0 1 0 0 ,24 3
2	19 1 0 0 1 0 ,10 4,28 1
3	3 2 0 0 0 0 ,0 1,9 1
4	16 0 1 0 0 0 ,5 2
5	3 0 1 1 0 1 ,2 5,9 2,35 3
7	7 1 0 0 1 1 ,11 1,21 5,28 4
8	19 0 0 1 0 0 ,24 3
10	12 0 1 1 0 0 ,0 2,3 3
11	9 1 0 0 1 1 ,11 1,12 5,26 4
12	9 1 1 1 0 0 ,6 1,14 3,27 2
15	9 0 0 1 1 0 ,14 3,34 4
17	16 0 1 1 0 0 ,15 3,30 2
18	7 1 1 0 0 0 ,1 2,16 1
19	16 0 1 0 0 0 ,30 2
21	19 0 0 0 1 0 ,28 4
23	16 0 0 0 1 1 ,5 4,12 5
24	19 0 0 0 1 1 ,15 4,24 5
25	7 0 0 0 0 1 ,1 5
26	9 1 2 0 0 0 ,11 2,25 1,26 2
27	9 0 2 1 1 1 ,6 4,10 5,11 2,20 2,31 3
29	6 0 1 1 1 0 ,22 2,23 3,24 4
30	13 0 1 0 0 1 ,12 2,34 5
32	2 0 1 0 0 0 ,33 2
35	15 0 0 0 0 1 ,31 5
36	11 0 0 0 1 0 ,8 4
38	6 0 1 0 1 0 ,13 2,30 4
39	4 0 2 0 0 1 ,10 5,25 2,29 2
40	15 0 0 0 2 0 ,16 4,24 4
41	16 0 0 0 0 1 ,5 5
42	6 1 0 0 0 0 ,13 1
43	7 0 1 2 1 0 ,14 3,19 3,31 4,35 2
45	13 1 0 0 0 0 ,2 1
46	7 1 2 0 0 2 ,18 5,19 1,21 2,30 5,31 2
47	19 0 0 0 0 1 ,17 5
48	21 0 0 0 1 0 ,10 4
49	14 0 0 1 0 0 ,0 3
51	14 1 0 0 0 1 ,0 5,16 1
52	12 0 0 1 1 1 ,17 3,20 5,34 4
53	6 0 1 0 1 0 ,4 4,25 2
54	6 0 1 0 0 0 ,22 2
55	4 0 1 1 0 0 ,7 3,35 2
56	12 0 1 0 0 1 ,3 2,15 5
57	13 1 0 0 0 1 ,2 1,25 5
63	16 0 0 0 1 0 ,23 4
64	23 0 0 0 1 0 ,15 4
65	13 0 0 0 0 1 ,2 5
66	6 1 0 0 0 0 ,22 1
67	18 0 0 0 0 1 ,32 5
68	12 0 0 1 0 1 ,3 5,23 3
69	7 0 0 2 0 0 ,15 3,19 3
70	6 0 0 2 0 0 ,13 3,26 3
71	11 0 1 0 1 0 ,8 2,25 4
72	11 0 0 0 0 1 ,8 5
73	10 0 0 1 0 0 ,35 3
74	16 0 0 0 0 1 ,23 5
75	4 1 0 1 0 0 ,7 1,17 3
76	19 0 0 0 0 1 ,17 5
77	9 0 1 0 1 0 ,6 4,27 2
78	14 1 0 0 0 0 ,26 1
79	6 0 1 0 0 0 ,4 2
80	12 0 2 0 1 0 ,3 2,28 2,32 4
81	19 0 0 0 0 1 ,28 5
82	6 1 0 0 0 1 ,12 5,22 1
83	18 0 0 0 0 1 ,32 5
84	13 0 0 0 1 0 ,6 4
85	1 1 0 0 0 1 ,27 5,36 1
88	4 0 1 1 2 0 ,5 4,20 3,26 4,29 2
89	16 1 0 1 0 0 ,5 1,17 3
92	15 2 0 0 0 1 ,16 5,23 1,30 1
93	13 0 0 0 1 0 ,18 4
94	15 0 0 0 2 0 ,15 4,16 4
95	19 0 0 1 0 0 ,28 3
96	13 1 0 0 0 0 ,2 1
97	9 0 1 1 0 0 ,11 3,20 2
98	18 0 0 0 1 0 ,32 4
99	14 0 0 1 1 0 ,0 3,25 4
