3	16 1 0 0 0 0 ,14 1
4	5 0 1 1 0 2 ,0 5,6 3,8 5,19 2
5	9 0 0 0 3 0 ,0 4,14 4,17 4
6	12 0 0 0 0 1 ,2 5
7	16 0 0 0 1 1 ,14 4,17 5
8	16 1 0 0 2 0 ,7 4,28 4,33 1
9	14 0 1 2 0 0 ,8 3,14 2,21 3
12	14 0 1 0 0 1 ,21 5,23 2
13	20 0 0 0 1 0 ,10 4
14	6 1 0 0 0 0 ,30 1
16	7 0 0 0 1 0 ,26 4
17	11 0 0 0 2 0 ,18 4,28 4
18	17 0 0 0 0 1 ,16 5
19	6 2 0 0 0 0 ,30 1,31 1
21	6 2 1 0 0 0 ,5 2,11 1,30 1
24	7 1 0 1 0 1 ,2 1,24 5,26 3
25	14 1 0 0 0 0 ,21 1
26	18 0 1 0 0 0 ,33 2
27	6 1 0 0 0 0 ,30 1
28	16 1 0 0 0 0 ,7 1
29	19 0 0 0 0 2 ,8 5,19 5
30	1 1 2 0 0 0 ,3 1,8 2,10 2
31	21 0 1 0 0 0 ,31 2
32	4 1 0 1 1 2 ,8 3,11 5,13 1,23 4,31 5
33	12 0 0 1 1 0 ,16 3,27 4
34	14 0 1 0 0 0 ,23 2
35	7 1 0 0 1 2 ,5 5,17 4,29 1,34 5
36	15 0 0 0 0 2 ,9 5,20 5
37	8 0 1 0 1 0 ,24 4,29 2
38	21 0 1 0 0 1 ,17 2,20 5
39	12 1 1 0 0 0 ,2 1,9 2
40	1 1 0 1 0 0 ,9 3,12 1
41	3 1 1 1 0 0 ,21 2,22 3,24 1
42	23 0 0 0 0 1 ,8 5
43	16 0 0 0 0 1 ,14 5
44	8 0 1 0 1 1 ,2 4,7 2,29 5
47	5 1 2 0 0 0 ,6 2,10 1,11 2
48	18 0 0 0 1 0 ,33 4
49	16 0 1 1 1 0 ,10 4,20 2,28 3
50	16 0 0 0 1 0 ,28 4
52	6 0 1 1 0 1 ,16 3,24 5,30 2
53	18 0 0 1 0 0 ,33 3
54	3 1 0 1 1 0 ,25 1,31 4,32 3
55	12 1 0 0 0 0 ,27 1
56	21 1 0 0 0 0 ,17 1
58	16 0 1 0 1 0 ,7 4,19 2
59	16 0 0 0 2 1 ,5 4,20 5,31 4
62	11 0 0 0 0 1 ,18 5
63	18 0 0 0 1 1 ,19 4,33 5
64	20 0 0 0 1 0 ,10 4
65	12 1 0 0 2 0 ,20 4,21 1,27 4
67	12 1 1 0 1 0 ,16 2,19 1,25 4
69	20 0 0 0 0 1 ,10 5
70	11 0 1 1 0 0 ,7 3,18 2
71	12 1 0 1 0 1 ,2 1,23 5,33 3
74	21 0 0 0 0 1 ,31 5
75	12 0 0 1 0 0 ,25 3
77	5 1 0 0 0 0 ,15 1
78	14 0 1 0 0 1 ,17 5,21 2
81	15 0 1 0 0 0 ,9 2
82	12 0 0 0 1 0 ,25 4
83	16 1 0 0 0 0 ,28 1
86	16 0 1 0 0 0 ,7 2
87	17 0 0 0 1 0 ,16 4
88	8 1 0 0 0 1 ,1 5,23 1
89	5 0 1 0 1 0 ,15 4,34 2
92	8 0 0 1 0 0 ,1 3
93	16 0 0 0 0 1 ,5 5
94	1 1 0 1 0 0 ,4 1,13 3
96	15 0 0 1 0 0 ,9 3
98	12 0 0 2 0 0 ,24 3,27 3
99	19 0 0 0 0 1 ,19 5
