2	12 0 0 0 2 0 ,19 4,39 4
3	11 0 1 0 0 0 ,28 2
4	8 1 0 0 0 1 ,24 1,35 5
5	3 0 0 1 0 0 ,5 3
8	4 0 0 0 2 0 ,16 4,20 4
9	16 0 1 1 0 0 ,20 2,33 3
10	9 0 0 1 0 0 ,13 3
11	8 0 0 2 0 0 ,6 3,10 3
13	9 0 1 0 0 1 ,26 2,31 5
16	9 2 0 0 0 0 ,19 1,26 1
19	10 0 1 0 0 1 ,27 5,30 2
20	8 0 0 0 1 1 ,29 4,33 5
21	3 0 0 2 0 0 ,14 3,33 3
22	17 1 0 0 0 0 ,31 1
23	5 1 0 1 0 0 ,4 3,20 1
24	14 0 0 0 1 0 ,1 4
25	8 0 1 0 0 0 ,18 2
26	8 0 1 2 0 1 ,18 3,33 3,34 2,39 5
27	12 0 0 2 0 0 ,35 3,36 3
28	15 0 1 0 0 1 ,20 5,22 2
32	17 1 0 0 0 0 ,31 1
33	15 0 1 0 0 0 ,22 2
34	8 0 0 2 0 0 ,13 3,18 3
35	13 0 1 0 0 0 ,30 2
39	9 1 0 0 0 0 ,26 1
40	12 0 1 0 1 1 ,31 2,32 4,37 5
41	12 0 0 0 1 1 ,15 4,32 5
45	7 0 1 1 1 0 ,21 4,23 2,24 3
46	11 0 1 0 0 0 ,28 2
47	17 0 1 0 0 0 ,34 2
48	9 0 1 0 1 0 ,2 4,35 2
49	9 1 0 0 0 0 ,26 1
52	9 1 1 0 0 0 ,13 1,22 2
54	11 1 1 0 0 0 ,1 1,28 2
56	10 1 0 0 0 0 ,27 1
57	9 0 1 0 0 1 ,13 2,37 5
58	7 0 0 0 1 0 ,11 4
60	8 1 0 1 0 0 ,6 1,32 3
61	7 1 0 0 1 0 ,21 1,37 4
64	12 1 0 1 0 0 ,20 3,36 1
65	16 1 0 1 0 0 ,15 3,20 1
66	17 0 0 1 0 1 ,31 3,34 5
67	14 1 0 0 0 0 ,1 1
69	13 0 0 0 0 1 ,25 5
70	1 1 0 0 2 1 ,1 4,2 5,7 1,12 4
72	9 0 1 1 0 0 ,10 2,23 3
73	8 0 0 1 1 1 ,10 4,15 5,29 3
74	7 1 0 1 0 0 ,21 1,22 3
75	15 0 1 1 0 0 ,22 2,37 3
76	9 1 0 0 1 0 ,15 1,23 4
77	5 1 0 1 0 0 ,4 1,34 3
78	12 0 0 0 0 1 ,36 5
79	23 0 0 0 1 0 ,33 4
80	10 0 1 1 1 0 ,15 3,19 4,27 2
83	1 1 0 0 1 0 ,1 4,38 1
84	2 1 1 1 0 1 ,0 5,9 1,17 2,30 3
85	12 0 0 1 0 2 ,31 5,35 5,39 3
87	11 0 2 0 0 1 ,15 5,28 2,36 2
88	4 0 0 2 1 0 ,3 4,9 3,28 3
89	3 0 0 1 0 0 ,8 3
90	8 1 1 0 1 0 ,25 4,27 2,29 1
91	6 0 1 0 0 1 ,9 2,34 5
92	12 1 0 0 0 0 ,36 1
93	7 0 0 1 0 0 ,11 3
94	13 0 1 0 0 0 ,30 2
95	12 0 0 1 0 0 ,19 3
96	13 0 0 0 1 0 ,30 4
97	7 1 0 0 3 0 ,6 4,21 1,22 4,37 4
98	5 1 0 0 0 0 ,4 1
99	8 0 0 0 3 1 ,24 4,25 4,26 4,33 5
