2	9 0 1 1 0 0 ,0 3,1 2
3	16 0 0 1 0 0 ,10 3
8	14 0 1 0 0 0 ,15 2
10	12 1 0 0 0 0 ,18 1
12	26 0 0 0 1 0 ,4 4
14	5 2 0 0 0 0 ,10 1,17 1
15	16 0 1 0 0 0 ,10 2
16	8 0 1 0 1 0 ,2 4,5 2
17	4 1 0 0 0 0 ,12 1
19	8 0 1 0 1 1 ,9 4,11 5,14 2
20	11 1 0 0 0 1 ,3 5,8 1
21	9 0 0 0 0 1 ,0 5
23	12 0 0 1 0 0 ,18 3
25	14 1 0 0 0 0 ,16 1
26	14 0 0 2 0 0 ,8 3,15 3
27	15 0 0 1 0 1 ,13 3,21 5
28	22 0 0 0 1 0 ,13 4
29	15 1 0 0 0 0 ,21 1
31	3 1 0 0 0 0 ,7 1
32	8 1 0 1 0 0 ,11 3,14 1
33	22 0 0 1 0 0 ,13 3
37	12 0 0 0 1 0 ,6 4
38	14 0 1 1 0 0 ,8 2,16 3
39	13 0 0 0 0 2 ,4 5,11 5
40	16 0 0 0 1 1 ,4 5,10 4
43	14 1 0 0 0 0 ,15 1
44	10 0 0 0 1 0 ,9 4
48	14 0 0 0 0 1 ,15 5
49	5 0 0 1 2 0 ,17 4,18 3,19 4
51	8 0 0 1 0 0 ,20 3
52	17 0 0 0 0 1 ,1 5
54	12 1 0 0 1 0 ,5 4,6 1
56	26 0 0 1 0 0 ,4 3
58	11 0 0 2 1 2 ,3 3,5 4,8 5,15 3,16 5
60	3 0 2 1 0 1 ,5 5,7 2,8 2,12 3
61	12 0 0 1 0 0 ,6 3
62	23 0 0 1 0 0 ,5 3
63	18 0 0 0 0 1 ,8 5
65	17 0 1 0 0 1 ,1 2,4 5
68	8 0 0 0 1 0 ,20 4
69	17 0 0 1 0 0 ,1 3
71	8 0 0 0 1 0 ,2 4
72	15 0 0 1 0 0 ,21 3
73	22 0 1 0 0 0 ,13 2
75	9 2 0 0 0 0 ,0 1,10 1
76	15 1 0 0 0 0 ,19 1
77	14 0 0 0 0 1 ,16 5
79	10 1 0 0 0 0 ,9 1
80	15 0 0 0 0 1 ,19 5
81	12 0 0 0 1 1 ,1 5,6 4
82	23 0 0 0 0 1 ,5 5
83	15 0 1 0 0 1 ,10 5,19 2
84	8 2 0 0 0 0 ,19 1,20 1
86	26 0 0 0 1 0 ,4 4
87	11 0 0 1 0 1 ,3 3,18 5
88	15 0 1 0 0 0 ,19 2
92	10 1 0 0 0 0 ,9 1
93	22 0 0 0 0 1 ,13 5
95	15 0 0 0 1 1 ,13 5,21 4
96	8 0 2 0 0 0 ,14 2,21 2
97	8 0 0 1 0 0 ,14 3
