1	10 0 0 0 0 1 ,22 5
2	11 0 1 0 0 0 ,6 2
3	10 0 0 0 0 1 ,13 5
5	6 0 1 0 0 0 ,15 2
7	5 0 0 0 0 1 ,16 5
8	15 0 0 1 0 0 ,3 3
11	12 1 1 0 0 0 ,4 2,19 1
13	10 0 0 0 0 1 ,13 5
16	19 0 0 1 0 0 ,2 3
20	14 0 0 0 1 0 ,1 4
21	5 0 1 0 1 1 ,15 4,17 5,21 2
22	12 0 0 0 0 1 ,12 5
24	10 0 0 2 0 1 ,2 3,14 5,19 3
28	19 0 1 0 0 0 ,21 2
29	11 0 0 1 0 0 ,5 3
30	10 0 0 1 0 0 ,14 3
31	1 1 0 0 0 0 ,10 1
33	20 0 0 0 1 0 ,7 4
34	11 0 0 0 0 1 ,5 5
35	4 0 0 0 1 0 ,20 4
36	12 1 0 0 0 0 ,12 1
42	10 1 0 0 0 1 ,9 5,22 1
43	12 1 0 1 0 0 ,18 1,19 3
46	19 0 0 0 1 0 ,21 4
49	19 0 1 0 0 0 ,21 2
50	13 1 1 0 0 0 ,3 2,4 1
53	16 0 0 1 0 0 ,18 3
54	11 0 1 0 2 0 ,6 4,7 2,18 4
55	19 0 0 0 1 0 ,2 4
59	14 1 0 0 0 0 ,1 1
61	15 0 1 0 0 0 ,3 2
62	10 0 0 0 1 1 ,6 5,22 4
63	2 1 0 0 0 0 ,8 1
64	7 0 1 0 0 0 ,0 2
65	16 0 0 0 0 1 ,18 5
68	10 1 0 0 1 0 ,3 4,9 1
69	19 0 0 0 1 0 ,21 4
72	12 0 0 0 0 1 ,19 5
73	14 0 0 1 0 1 ,1 5,18 3
77	12 0 1 0 0 0 ,12 2
78	13 0 0 1 1 0 ,4 3,7 4
79	13 0 0 0 1 0 ,4 4
80	19 0 0 0 0 1 ,21 5
81	15 0 0 0 1 0 ,3 4
84	20 1 0 0 0 0 ,7 1
86	10 0 0 1 1 0 ,5 3,9 4
87	20 0 0 0 0 1 ,7 5
89	13 0 0 1 1 0 ,4 3,7 4
93	1 1 0 0 0 1 ,2 5,11 1
95	7 0 1 0 0 1 ,0 5,14 2
96	14 0 0 0 1 0 ,1 4
97	12 0 0 0 1 0 ,12 4
98	19 0 1 0 0 0 ,2 2
99	2 1 1 0 0 0 ,2 2,8 1
