0	2 7 8 7 7 6 ,0 16,1 14,3 2,7 8,8 6,9 5,10 17,11 7,13 10,14 13,16 16,17 9,18 13,20 14,21 3,23 9,24 2,25 17,26 2,27 14,29 7,30 21,31 2
1	1 4 4 6 8 6 ,2 10,5 6,7 7,9 20,10 8,11 9,12 1,14 17,16 4,17 20,21 10,22 7,23 9,25 18,27 16,28 20,29 21,30 14
2	3 9 7 5 3 5 ,2 13,3 8,6 16,9 18,10 15,11 13,12 3,13 14,14 7,15 16,16 17,18 16,19 13,20 17,22 12,23 16,25 20,26 15,29 10,30 5
3	1 6 3 5 9 5 ,1 10,3 11,4 15,6 14,7 13,8 10,9 16,10 22,12 5,16 14,17 13,18 20,19 8,20 8,27 4,29 1,30 3
4	1 6 4 7 7 4 ,0 1,6 6,7 3,8 17,9 6,10 16,12 8,13 7,16 10,19 7,21 8,23 16,24 3,27 14,28 15,29 15,30 22,31 13
5	5 6 5 10 5 8 ,0 16,1 14,2 16,3 9,6 11,8 11,9 8,10 10,11 10,15 9,17 14,18 11,20 18,21 18,22 10,23 5,24 16,26 11,27 5,28 5,30 7
6	1 9 2 7 6 6 ,0 16,1 18,2 13,4 11,5 12,6 24,8 14,9 3,11 1,14 18,15 14,16 17,18 8,19 11,20 17,21 5,23 9,24 15,30 7
7	1 10 2 9 5 8 ,0 8,1 18,3 5,4 12,5 22,8 16,9 5,10 27,13 3,15 15,16 7,20 15,21 1,24 11,26 15,27 5,28 15,29 12,30 16
8	4 6 5 5 8 11 ,0 16,1 4,3 8,4 11,6 17,8 11,9 18,12 13,13 21,14 4,15 6,16 15,19 19,20 17,21 5,22 4,23 13,24 17,30 15,31 12
9	2 4 9 7 6 6 ,1 13,2 17,3 9,5 22,6 10,7 11,9 8,12 16,15 9,16 12,17 5,18 12,19 11,20 9,22 10,23 2,24 12,25 7,26 12,27 10,28 5,30 19
10	4 8 7 4 13 9 ,1 14,2 13,3 22,5 12,6 14,7 11,8 6,11 13,12 16,13 12,14 13,15 9,17 5,18 8,19 16,20 4,21 9,22 4,23 16,24 11,26 15,28 11,29 6,31 17
11	3 4 1 4 9 4 ,0 23,1 10,8 3,10 17,11 12,15 10,16 23,17 16,18 13,19 18,21 10,23 13,25 11,27 4,28 22,30 18
12	5 8 5 3 8 7 ,0 20,1 5,2 13,3 7,4 18,5 14,7 13,9 17,10 6,11 10,13 9,15 14,16 14,17 19,20 19,21 11,22 10,25 9,27 5,28 5,29 18
13	3 8 9 4 11 10 ,0 7,1 12,2 20,3 11,5 11,7 11,8 10,9 21,10 11,11 11,12 13,13 14,14 22,16 10,17 17,18 19,20 15,21 8,22 17,23 14,24 3,25 15,27 10,28 7,29 15,30 6,31 18
14	2 6 9 6 8 6 ,0 21,1 8,2 20,3 7,5 8,7 14,8 11,9 22,10 14,11 2,12 7,13 8,15 10,16 15,17 16,18 8,19 16,21 16,22 3,26 12,30 17,31 7
15	6 4 7 6 6 5 ,0 22,1 8,2 20,3 13,7 16,8 12,10 19,11 14,12 8,13 7,14 13,15 6,16 20,18 20,19 10,20 21,22 7,23 16,26 13,27 16,28 26,30 19,31 17
16	8 6 5 5 2 7 ,1 12,4 15,5 18,9 8,10 11,11 9,13 13,14 13,15 16,17 17,18 13,19 12,20 17,23 8,26 11,31 14
17	5 8 7 4 4 3 ,1 5,2 17,4 10,5 8,6 14,7 7,10 17,11 7,12 10,13 9,14 10,15 10,16 21,17 22,21 13,23 8,28 18,30 21
18	2 6 9 8 11 3 ,1 7,4 2,6 10,8 12,9 6,10 22,12 12,16 12,17 9,18 6,19 15,20 17,21 8,22 10,23 10,24 10,25 14,26 15,27 5,29 12,31 9
19	4 6 7 7 11 13 ,0 23,1 7,2 14,3 11,5 18,6 14,8 8,9 13,11 15,12 4,13 14,14 13,15 14,16 6,17 5,18 14,19 17,20 13,21 15,23 5,24 14,25 14,27 21,28 16,29 7
20	3 4 5 6 10 7 ,0 5,1 9,2 16,3 5,4 11,6 5,7 23,8 19,12 10,14 5,15 6,16 8,17 17,18 16,19 14,20 9,21 3,23 9,24 16,26 4,31 21
21	1 9 9 2 7 5 ,0 22,1 2,3 9,4 13,5 14,6 10,9 15,11 1,12 4,13 10,14 9,17 19,18 16,19 6,20 8,21 5,22 6,23 13,24 10,28 10,29 14,30 17,31 5
22	4 6 8 10 8 6 ,0 16,2 20,3 5,6 6,8 16,9 17,10 11,12 10,14 18,15 17,16 12,18 13,19 10,20 15,21 7,22 4,23 9,24 12,25 18,28 11,29 15,31 8
23	3 8 2 12 7 4 ,0 16,2 17,6 13,7 11,8 16,9 11,10 19,11 10,12 8,13 21,15 10,16 21,17 8,18 18,19 12,21 12,22 12,24 10,28 4,30 3,31 7
24	8 6 6 5 8 9 ,0 14,2 10,3 12,5 14,6 15,7 11,9 12,10 17,11 11,12 12,13 8,15 23,16 15,17 24,18 16,19 13,20 8,21 8,22 12,23 11,24 15,25 20,30 21
25	1 7 6 10 9 7 ,1 11,3 5,4 12,5 13,6 16,7 1,9 8,10 11,11 16,12 9,14 9,15 6,16 9,17 14,18 13,19 6,20 6,21 9,24 20,25 15,26 15,29 14,30 23,31 18
26	1 10 8 2 9 3 ,5 5,6 15,7 2,8 20,9 9,11 14,12 11,13 3,14 9,15 10,17 11,19 17,20 19,22 1,23 15,24 4,26 11,27 9,28 19,30 23,31 8
27	1 7 4 5 7 8 ,0 15,2 11,3 5,4 13,5 22,7 2,8 16,10 10,13 8,14 10,15 1,16 15,17 5,18 16,20 15,22 12,23 9,25 16,27 16,28 16,31 17
28	1 9 9 6 3 1 ,0 6,1 14,5 8,8 8,11 4,13 14,14 7,15 17,16 10,17 14,18 18,20 14,21 11,23 1,24 20,25 14,27 16,30 19,31 9
29	4 5 4 7 6 5 ,0 21,2 6,4 17,6 6,8 19,9 7,10 14,12 16,13 14,15 16,16 4,17 15,18 6,19 10,21 11,22 12,25 16,26 4,29 14,30 11,31 15
30	3 4 11 2 5 2 ,2 20,3 13,4 12,5 14,6 14,8 3,10 6,12 15,16 21,19 17,20 9,21 18,22 3,25 12,26 13,27 14,28 20,31 10
31	1 11 6 3 5 8 ,0 9,1 12,3 9,5 14,7 8,9 13,10 16,11 16,12 17,13 11,16 6,17 21,18 7,19 12,21 9,22 18,23 10,24 23,25 15,26 15,27 5,29 12,30 1,31 7
32	3 8 9 3 7 8 ,0 15,1 10,4 18,5 14,8 8,9 21,10 10,11 10,12 12,13 7,14 18,15 3,16 11,19 5,20 6,21 13,23 7,25 12,30 3,31 9
33	4 8 7 6 5 7 ,0 23,1 10,2 17,3 9,7 18,9 9,11 11,12 5,13 4,15 9,16 4,17 9,20 10,21 16,22 17,23 10,24 17,25 11,27 10,29 18
34	1 9 7 6 5 6 ,0 20,1 15,2 3,4 18,5 1,6 11,7 3,8 16,9 3,10 17,11 9,13 9,15 5,16 11,18 13,20 8,21 18,23 5,25 17,26 15,27 3,30 18,31 9
35	2 6 7 3 4 5 ,0 16,1 10,2 17,5 5,6 10,9 8,11 9,15 10,16 2,17 9,18 16,19 15,20 9,21 7,23 17,26 6,27 16,29 13
36	5 5 9 3 6 11 ,0 14,1 8,3 13,4 10,9 18,10 16,11 14,12 9,13 23,14 13,15 9,16 12,17 14,19 11,20 10,23 5,24 15,25 17,28 10,29 13,30 21,31 17
37	4 8 8 4 6 9 ,0 20,1 4,2 17,6 12,7 9,11 6,12 11,13 14,14 7,15 10,16 15,17 16,19 12,20 7,21 16,22 16,23 9,27 6,30 14,31 12
38	1 5 6 4 7 6 ,2 14,3 7,6 16,8 17,9 12,10 22,11 13,12 16,13 20,15 9,16 23,17 13,18 5,22 1,23 23,24 17,25 17,26 10,27 16,28 10,30 21,31 21
39	1 7 7 6 4 7 ,0 21,1 10,2 20,3 8,4 11,5 17,9 12,11 14,13 12,14 12,15 16,16 3,18 12,19 1,20 11,22 7,23 7,24 1,25 15,26 13
40	2 8 3 4 1 6 ,5 2,6 13,14 14,15 7,16 15,17 14,18 20,20 19,23 16,24 15,26 20,28 19,29 21,30 18,31 14
41	5 6 9 6 4 7 ,0 16,1 13,6 14,8 12,10 22,11 5,13 9,15 9,17 15,18 13,19 18,20 16,21 16,22 17,23 5,24 12,25 15,26 6,27 14,28 14,29 17,30 19,31 18
42	1 5 5 5 3 3 ,2 3,4 11,6 11,7 10,8 17,11 10,12 12,13 14,14 3,15 1,19 6,21 18,22 17,25 16,28 7,29 14
43	2 6 4 5 10 9 ,0 21,1 16,3 18,4 18,5 2,6 15,9 8,11 7,12 7,13 20,15 9,16 4,18 11,20 4,21 10,22 20,24 17,25 9,26 15,28 19
44	1 7 6 7 10 5 ,0 7,3 13,4 15,6 19,7 8,8 19,10 17,11 13,12 9,13 14,14 14,15 13,16 7,17 16,18 14,20 1,21 10,22 10,25 15,26 10,28 9,29 13,30 16,31 21
45	4 5 11 3 6 12 ,0 7,1 18,2 11,3 13,4 15,6 11,7 15,8 19,9 22,10 27,11 5,15 10,16 13,17 16,18 12,19 12,20 4,24 23,25 17,26 7,28 14,29 8
46	1 9 8 4 3 1 ,1 10,3 9,6 11,7 10,8 17,9 8,10 16,11 14,12 12,13 14,14 13,16 12,17 9,20 1,22 5,24 20,28 11
47	2 3 6 5 6 9 ,0 16,1 12,3 13,4 11,5 11,7 9,8 6,9 2,10 17,12 16,14 17,16 12,20 19,21 13,22 16,25 12,26 16,28 10,29 18
48	1 7 8 7 7 8 ,0 9,1 1,3 2,4 17,5 14,7 8,8 9,9 8,11 9,12 9,13 14,15 16,16 14,17 9,20 13,21 7,22 20,23 10,24 20,26 16,27 5,31 5
49	1 7 5 10 7 11 ,0 20,3 3,4 1,6 12,7 24,8 16,9 4,10 5,11 9,12 16,13 14,14 7,16 7,18 13,19 6,20 9,21 7,23 16,24 10,25 16,26 21,28 9,29 11,30 7,31 18
50	1 12 4 5 4 7 ,0 11,1 10,2 20,4 11,5 11,7 24,8 9,9 7,10 1,11 11,12 18,13 8,14 13,15 15,16 10,17 20,19 7,21 10,23 11,24 12,25 14,26 2,28 11,29 11,30 5,31 13
51	8 3 3 10 5 7 ,0 21,2 18,3 22,5 11,6 10,7 13,8 18,9 18,10 17,12 17,13 14,15 16,17 13,18 12,20 8,21 13,22 10,23 14,28 18,29 17,30 19
52	2 5 9 3 5 10 ,1 21,3 8,7 7,9 12,10 17,11 7,12 17,13 11,14 5,15 15,16 7,17 11,18 13,20 9,21 13,22 7,26 2,28 16,29 15,30 7,31 8
53	3 7 6 6 7 11 ,0 20,1 9,3 4,5 6,6 12,7 8,8 17,9 12,11 16,12 12,14 9,15 10,17 11,18 5,19 14,20 4,22 7,24 23,25 3,26 7,28 12
54	2 7 6 7 6 5 ,0 7,1 24,2 10,4 15,6 2,7 15,8 14,9 9,12 11,13 9,14 13,15 10,16 17,18 5,19 7,20 9,23 10,26 20,28 9,29 21,30 14,31 18
55	1 11 4 7 10 9 ,0 21,1 1,2 17,6 17,7 13,8 15,9 6,10 11,11 10,14 23,15 8,16 6,17 9,18 8,19 13,20 4,21 14,23 5,24 11,25 12,28 12,30 14,31 5
56	4 6 13 5 8 4 ,0 11,1 4,2 19,3 5,5 23,7 23,8 9,9 4,10 15,12 8,16 12,17 11,18 7,19 8,21 9,23 5,24 15,25 17,26 19,27 10,28 16,30 8,31 18
57	3 6 4 5 8 7 ,0 14,1 14,3 11,5 17,6 13,8 4,9 8,11 11,12 16,14 9,15 17,17 15,18 7,19 18,20 3,21 20,22 5,23 11,24 17,25 7,28 18,29 11
58	1 6 6 10 6 6 ,0 7,1 4,4 18,6 15,7 23,9 17,10 14,11 14,13 3,14 7,16 13,17 8,19 15,21 5,23 8,24 1,25 18,26 15,28 22,29 11,30 17,31 14
59	3 3 5 2 6 7 ,4 19,5 17,7 13,9 12,10 22,13 3,14 9,15 20,16 21,20 10,21 16,22 12,23 10,24 8,25 4,26 15,31 17
60	1 7 6 6 8 8 ,0 23,1 1,2 19,3 13,4 13,7 10,8 14,9 12,10 10,11 9,12 13,13 14,15 13,16 4,18 2,19 12,20 8,21 8,23 10,25 12,26 20,28 14,29 13,30 23,31 21
61	2 4 3 6 7 2 ,0 17,2 10,6 9,7 18,9 8,10 8,11 9,12 15,14 10,15 13,16 13,22 12,24 12,25 12,26 11,28 2,29 14,30 15,31 18
62	3 8 4 4 7 9 ,1 13,2 13,5 18,6 19,9 22,10 4,11 16,12 18,13 14,14 14,15 3,16 6,17 11,18 16,19 17,20 13,21 9,24 14,27 17,28 12,31 17
63	8 7 4 5 4 6 ,0 11,1 24,3 11,4 18,7 11,8 19,9 11,10 14,11 9,13 23,14 18,15 8,16 10,17 20,18 13,21 8,22 12,26 21,28 22,31 15
64	2 13 9 6 10 6 ,0 6,1 10,2 14,4 13,5 8,9 8,10 2,12 5,14 4,15 7,16 14,17 5,18 17,19 12,20 12,21 2,22 17,23 9,24 7,25 12,26 11,27 6,28 14,30 13,31 12
65	2 9 4 5 6 7 ,0 21,1 11,2 2,3 11,5 10,9 22,10 10,11 16,12 16,13 13,14 7,15 9,16 19,18 14,19 17,20 14,21 14,23 13,24 3,28 10,30 15,31 18
66	2 7 5 9 9 2 ,1 8,3 2,4 3,6 4,7 11,8 19,9 4,11 14,13 12,15 13,17 11,18 19,20 9,21 16,22 17,25 11,27 7,30 13,31 5
67	1 3 3 2 0 7 ,2 18,5 18,6 12,9 1,11 14,13 8,14 22,17 22,20 4,21 6,26 2,29 11
68	3 4 7 8 7 7 ,0 15,1 14,6 11,7 24,8 14,9 3,10 14,11 15,12 3,13 18,14 3,16 13,17 4,18 7,19 6,22 5,23 5,24 14,26 21,28 15,29 12,30 16
69	4 10 7 5 2 14 ,2 17,3 4,6 15,7 8,8 20,9 8,10 16,11 10,12 10,13 17,15 16,16 9,17 9,18 13,19 12,20 19,22 13,23 13,24 15,25 20,28 7,30 16
70	5 6 10 4 7 3 ,2 20,4 15,6 14,7 18,9 11,12 5,14 10,16 14,17 19,19 13,20 9,22 17,24 10,25 20,26 12,28 12,29 7,30 17,31 8
71	1 6 5 5 8 6 ,1 4,2 6,3 5,5 12,6 6,8 4,9 10,15 7,16 20,17 14,18 5,19 13,20 1,23 5,27 16,28 10,30 21
72	4 11 12 2 7 7 ,0 14,1 11,2 13,4 13,7 11,8 11,10 15,11 9,13 9,15 15,16 7,18 9,19 4,20 19,21 7,22 10,23 5,27 7,28 26,30 22
73	3 4 8 7 8 8 ,0 20,1 12,2 10,3 11,4 12,6 16,7 13,8 17,9 7,11 14,12 10,15 9,16 6,17 14,18 7,19 21,20 3,21 5,23 16,24 7,28 14,29 6
74	2 8 5 6 9 7 ,0 16,1 15,4 15,6 15,7 23,8 18,9 15,10 11,11 9,12 12,13 9,14 5,16 19,18 13,21 14,22 14,23 2,24 17,25 17,26 19,27 17,28 18,30 15,31 17
75	2 6 9 7 6 7 ,1 14,2 11,3 13,4 18,6 4,8 18,9 17,11 4,12 5,13 13,14 11,16 12,18 13,19 13,21 2,22 16,23 13,25 18,29 17,30 3,31 9
76	2 7 5 3 4 14 ,0 14,1 14,2 17,3 11,6 15,7 14,8 10,10 16,11 9,12 10,13 8,14 21,15 8,16 10,17 11,18 2,19 19,20 10,21 6,22 13,24 15,26 2,27 2,28 11,29 14
77	1 6 13 2 4 4 ,2 10,3 11,8 4,9 8,10 16,11 2,13 9,14 4,15 15,16 5,17 5,21 5,23 16,24 10,26 13,27 1,28 22,30 21,31 5
78	2 4 3 5 4 5 ,0 16,10 5,11 2,12 5,13 6,15 10,16 10,21 12,23 11,25 18,26 19,31 13
79	5 8 4 5 6 3 ,3 13,4 10,7 16,9 17,10 16,11 11,13 10,14 11,16 20,18 9,20 8,22 17,23 8,24 15,30 5,31 8
80	1 4 3 6 7 7 ,0 7,1 5,7 18,8 20,9 10,11 10,12 7,14 6,16 1,17 22,19 12,20 13,22 17,27 9,30 13,31 2
81	3 4 5 10 6 11 ,0 3,1 8,4 21,9 8,10 11,11 9,12 9,13 12,14 22,15 8,16 14,18 9,19 3,20 18,21 9,23 9,24 10,25 9,26 5,27 21,29 14,31 15
82	1 7 7 6 8 6 ,0 9,1 16,2 2,3 11,5 13,7 13,8 15,9 22,10 10,11 7,12 8,13 11,14 14,15 13,16 7,18 13,20 15,22 12,23 10,26 11,28 1,29 21,30 23
83	5 7 5 3 6 3 ,0 15,4 18,7 18,8 10,11 9,12 10,13 8,14 6,19 5,20 17,22 10,28 5,29 7,30 18,31 9
84	4 11 6 6 4 4 ,1 10,4 21,6 12,7 23,8 10,9 6,10 16,11 22,12 10,13 14,15 8,17 19,18 19,19 17,20 8,21 10,22 7,24 15,26 4,29 13,30 6,31 10
85	5 7 6 5 5 5 ,1 12,3 12,4 20,8 5,9 12,10 16,13 18,19 21,20 7,22 7,24 20,26 13,27 16,31 8
86	4 2 3 8 9 9 ,1 18,2 16,3 9,5 12,7 4,9 16,10 19,13 6,14 7,15 5,16 7,18 13,19 13,20 8,21 12,22 13,23 16,24 15,25 4,30 21,31 10
87	3 6 10 3 6 9 ,0 16,1 9,6 5,9 21,10 11,12 16,14 5,16 13,17 14,18 16,20 11,22 20,23 13,24 11,25 3,26 20,28 11,29 11,31 5
88	2 11 4 9 7 4 ,0 14,1 13,2 18,3 11,4 18,5 8,8 10,9 13,10 22,11 14,15 13,16 14,17 14,18 2,20 10,22 10,23 20,24 3,26 13,28 10,30 8,31 9
89	1 7 3 5 8 7 ,0 7,1 12,5 18,6 6,10 14,11 15,12 15,13 18,14 13,17 21,19 7,20 19,21 12,22 20,23 14,24 14,25 1,26 10,28 10,30 16,31 15
90	2 8 4 5 3 7 ,0 9,1 13,4 2,6 10,7 16,9 22,10 17,13 12,15 23,17 14,18 17,19 16,21 13,22 10,23 8,30 15,31 12
91	1 5 4 1 9 5 ,2 11,4 21,5 8,7 11,8 1,9 6,10 15,11 18,12 10,13 9,16 15,17 16,18 13,21 14,22 13,30 3,31 8
92	1 9 3 4 10 6 ,0 22,1 14,4 15,5 11,6 11,11 18,13 14,14 9,17 9,19 11,20 8,21 8,22 12,23 1,24 5,26 7,27 16,30 16
93	5 4 3 7 9 12 ,0 22,1 10,2 20,4 13,5 11,6 9,9 15,10 14,11 6,12 11,14 11,15 15,16 9,17 17,19 17,21 9,22 9,23 9,25 11,26 13,28 5,29 13,30 14
94	1 11 3 7 3 4 ,1 7,3 5,4 20,6 1,7 11,8 8,11 11,13 9,14 11,15 13,16 11,17 14,18 3,20 17,22 3,23 14,24 2,25 3,26 11,28 22
95	2 5 10 9 6 7 ,0 17,1 7,3 5,4 13,5 22,6 6,12 16,13 8,17 2,20 7,21 6,22 20,24 3,25 12,26 7,28 10,29 7,30 13
96	4 2 7 6 7 5 ,0 21,1 14,3 18,4 13,5 18,7 18,9 6,10 14,11 13,16 15,17 24,22 6,23 14,24 8,26 4,29 12,30 6
97	3 7 7 1 9 8 ,0 16,2 16,3 11,4 10,5 6,6 10,9 6,10 27,11 11,13 8,14 14,18 8,19 14,20 14,21 13,23 13,25 3,26 19,27 21,29 17,30 21
98	1 8 7 3 9 10 ,0 11,6 12,7 7,8 1,10 22,11 14,12 18,14 21,15 10,16 6,17 17,18 5,20 7,21 5,23 8,24 2,28 18,29 10,31 18
99	4 1 6 7 6 10 ,0 8,1 16,2 18,6 15,10 17,11 13,12 16,13 20,14 23,15 13,16 13,17 21,19 10,20 5,21 6,22 7,23 4,25 14,28 12,30 15,31 10
