0	10 0 1 0 2 0 ,10 2,13 4,24 4
6	6 1 0 0 0 0 ,7 1
7	7 0 1 0 2 2 ,2 4,13 5,16 4,19 2,26 5
10	13 0 0 0 0 1 ,26 5
11	14 0 0 0 0 1 ,14 5
12	7 0 0 0 1 1 ,4 4,20 5
16	7 1 0 0 1 0 ,14 1,21 4
17	11 0 1 0 0 1 ,5 2,10 5
18	19 0 0 0 0 2 ,8 5,9 5
21	10 1 0 0 0 0 ,19 1
22	11 0 0 1 0 0 ,10 3
25	7 0 0 1 0 0 ,16 3
29	12 0 0 0 1 0 ,2 4
30	21 0 0 0 1 0 ,6 4
32	21 0 0 0 1 0 ,6 4
34	14 0 0 1 0 0 ,14 3
35	20 0 0 0 0 1 ,13 5
38	19 0 1 0 0 0 ,8 2
39	10 0 0 0 1 0 ,24 4
40	19 0 1 1 0 0 ,8 3,20 2
41	11 1 1 0 0 0 ,8 2,10 1
43	4 0 0 1 0 0 ,12 3
44	7 0 0 1 0 0 ,23 3
46	10 0 0 2 0 0 ,9 3,19 3
47	19 0 2 0 0 1 ,8 5,9 2,13 2
48	4 1 0 0 0 0 ,12 1
49	19 1 0 0 0 0 ,20 1
51	7 0 0 1 0 1 ,6 5,23 3
54	8 0 0 1 0 0 ,22 3
55	7 0 0 1 0 0 ,0 3
56	5 0 1 1 0 0 ,1 2,6 3
57	6 0 1 0 0 1 ,9 5,18 2
60	10 0 0 1 1 0 ,19 4,20 3
62	10 0 1 0 1 0 ,13 4,24 2
63	5 1 0 0 0 0 ,1 1
65	11 0 0 0 1 0 ,5 4
66	11 0 0 0 2 1 ,5 5,9 4,14 4
67	12 1 0 0 0 0 ,2 1
68	6 0 0 0 1 0 ,7 4
71	7 0 0 0 1 0 ,0 4
72	13 0 0 1 0 0 ,3 3
74	7 1 1 1 0 0 ,3 2,4 3,14 1
75	2 1 2 0 0 0 ,1 2,8 2,17 1
77	7 0 0 1 0 0 ,21 3
79	7 1 0 0 0 0 ,23 1
83	5 0 0 1 0 1 ,2 3,15 5
84	6 0 0 1 1 0 ,3 3,18 4
85	2 1 0 0 0 0 ,17 1
86	8 0 0 1 0 1 ,6 5,22 3
87	19 0 0 0 0 1 ,20 5
88	13 0 1 0 0 0 ,26 2
91	8 0 1 0 0 0 ,22 2
92	6 0 0 0 1 1 ,3 5,11 4
97	6 1 1 1 0 0 ,7 1,11 2,20 3
98	4 0 0 0 1 0 ,25 4
99	13 1 0 0 0 0 ,26 1
