0	13 0 0 0 0 1 ,8 5
1	1 3 0 0 0 0 ,9 1,18 1,21 1
2	11 2 0 0 0 0 ,0 1,34 1
4	16 0 0 1 1 0 ,0 3,9 4
6	6 0 0 2 1 0 ,3 3,13 4,15 3
7	10 1 0 0 0 0 ,15 1
8	6 1 2 0 0 0 ,22 2,23 2,35 1
9	8 1 0 0 0 0 ,1 1
15	2 0 1 0 1 0 ,21 4,24 2
16	18 0 0 0 1 0 ,0 4
17	6 0 1 1 0 0 ,16 2,23 3
21	18 0 1 0 0 0 ,0 2
22	7 1 0 0 0 1 ,15 1,28 5
26	3 2 0 1 0 0 ,25 1,26 1,34 3
27	5 0 0 0 0 1 ,5 5
28	8 1 0 0 0 0 ,1 1
30	10 0 2 0 0 0 ,15 2,19 2
32	13 0 0 0 1 0 ,8 4
33	9 0 1 0 0 0 ,22 2
35	14 0 0 1 0 0 ,3 3
37	6 2 0 0 0 0 ,30 1,34 1
38	13 0 0 0 1 0 ,8 4
40	7 1 1 0 0 0 ,16 1,28 2
41	6 1 2 0 1 0 ,9 2,12 2,13 1,19 4
42	7 0 0 0 0 1 ,17 5
43	2 1 1 0 0 0 ,6 2,14 1
45	3 0 1 0 0 0 ,25 2
46	1 1 1 0 0 1 ,7 5,17 2,33 1
47	6 2 0 0 0 1 ,0 5,12 1,23 1
48	9 0 0 1 0 1 ,22 5,27 3
50	3 0 0 2 0 0 ,20 3,35 3
52	14 0 1 0 0 1 ,4 5,26 2
53	9 0 0 0 1 0 ,16 4
54	11 1 0 1 0 1 ,21 3,27 5,35 1
56	13 0 0 0 1 0 ,35 4
58	14 1 0 0 0 1 ,4 1,26 5
59	15 0 0 1 0 0 ,27 3
64	7 1 1 0 0 0 ,11 1,16 2
65	2 1 1 0 1 1 ,1 1,2 2,26 5,31 4
66	8 0 0 0 2 0 ,3 4,32 4
67	6 0 0 1 0 0 ,30 3
69	8 0 0 0 0 1 ,1 5
70	3 1 1 0 0 1 ,11 5,27 1,29 2
71	11 0 0 1 1 0 ,0 3,34 4
72	8 0 0 0 1 1 ,4 4,12 5
77	8 0 0 0 0 1 ,10 5
78	18 0 0 0 0 1 ,26 5
79	3 1 0 1 0 0 ,21 3,29 1
81	8 0 0 1 0 0 ,10 3
84	7 1 1 0 0 1 ,9 5,11 1,34 2
85	13 0 2 0 0 0 ,4 2,35 2
86	14 0 1 0 0 0 ,4 2
87	6 1 0 1 0 0 ,13 1,27 3
89	8 0 2 0 0 0 ,32 2,35 2
90	16 0 0 0 1 0 ,9 4
92	8 1 0 0 0 0 ,32 1
93	10 0 0 1 0 0 ,15 3
94	2 1 0 0 0 0 ,14 1
95	14 0 0 0 1 0 ,3 4
96	8 1 0 0 0 1 ,19 5,32 1
98	6 0 1 0 0 0 ,30 2
