2	22 0 0 0 0 1 ,11 5
3	8 1 0 0 0 0 ,9 1
4	11 0 0 1 1 0 ,4 3,24 4
6	8 0 1 0 1 1 ,6 5,9 2,21 4
7	17 0 0 1 0 0 ,22 3
9	10 0 0 0 2 0 ,7 4,17 4
10	16 0 1 0 0 1 ,19 5,22 2
12	6 1 1 0 0 2 ,7 2,11 5,12 5,19 1
14	14 0 0 1 0 0 ,23 3
17	17 0 0 0 0 2 ,6 5,22 5
18	1 2 0 0 0 0 ,5 1,9 1
22	14 0 0 1 1 0 ,8 3,23 4
23	2 0 2 1 1 0 ,3 2,4 4,10 2,25 3
24	25 0 1 0 0 0 ,24 2
25	3 2 0 0 0 0 ,12 1,13 1
26	21 0 1 0 0 0 ,6 2
27	21 0 1 0 0 0 ,7 2
30	18 1 0 0 0 0 ,8 1
32	14 0 1 0 0 0 ,14 2
35	3 1 1 0 1 0 ,1 1,8 4,13 2
36	17 1 0 0 0 0 ,22 1
37	22 1 0 0 0 0 ,11 1
41	5 2 0 0 0 0 ,0 1,6 1
42	14 0 1 0 0 0 ,23 2
44	11 1 0 0 0 0 ,10 1
46	16 0 0 1 0 0 ,19 3
48	17 0 0 0 0 1 ,16 5
49	15 0 0 1 1 0 ,20 3,24 4
50	5 1 2 0 1 1 ,1 5,2 2,4 4,10 2,22 1
52	14 1 0 1 0 1 ,1 5,14 1,20 3
54	22 0 0 0 0 1 ,11 5
55	5 1 1 1 0 1 ,2 1,16 5,19 3,25 2
57	11 0 0 1 0 0 ,21 3
59	14 0 0 0 2 0 ,11 4,23 4
60	11 0 0 0 1 1 ,7 5,21 4
62	5 1 0 0 1 0 ,0 1,20 4
64	21 0 0 0 1 0 ,6 4
65	10 1 0 0 0 1 ,17 1,24 5
66	15 0 0 0 0 1 ,20 5
69	25 0 0 0 0 1 ,24 5
71	17 0 0 1 0 1 ,1 5,16 3
72	7 1 0 0 0 0 ,25 1
75	8 1 0 0 2 0 ,8 4,9 4,23 1
76	4 1 2 0 0 0 ,11 2,15 2,18 1
77	8 0 0 0 0 2 ,7 5,18 5
78	14 1 0 0 0 0 ,14 1
80	11 0 0 2 0 0 ,10 3,14 3
81	4 0 1 0 0 1 ,15 2,24 5
82	21 0 0 0 1 0 ,6 4
83	14 0 0 0 1 0 ,14 4
87	17 0 0 0 1 0 ,16 4
88	7 1 0 0 1 0 ,19 4,25 1
89	5 1 0 1 0 0 ,0 1,7 3
90	11 0 0 1 0 1 ,10 3,22 5
91	5 0 1 0 0 0 ,0 2
93	18 1 1 0 0 0 ,1 2,8 1
94	8 0 1 0 0 0 ,18 2
95	10 0 0 1 0 1 ,14 3,17 5
97	5 0 1 0 0 0 ,2 2
98	18 0 0 0 0 1 ,8 5
