0	15 0 0 1 0 0 ,14 3
1	20 0 0 0 1 1 ,9 5,15 4
2	12 0 0 0 1 0 ,34 4
7	8 1 0 1 0 1 ,7 3,9 5,17 1
8	21 0 0 0 1 0 ,15 4
10	13 1 0 0 0 1 ,3 5,15 1
11	8 0 1 0 0 0 ,17 2
12	14 1 0 0 0 0 ,24 1
14	8 3 1 1 0 0 ,0 1,10 1,16 2,24 3,29 1
15	12 1 1 0 0 0 ,16 2,32 1
16	7 0 1 0 1 2 ,12 5,15 5,24 4,32 2
19	20 1 0 0 0 0 ,33 1
20	10 0 0 0 1 1 ,18 5,27 4
21	13 0 0 0 1 0 ,3 4
22	8 1 0 0 0 0 ,29 1
23	13 1 0 0 0 1 ,3 1,9 5
24	17 0 1 0 0 0 ,35 2
25	5 0 1 0 0 2 ,13 2,26 5,35 5
26	1 2 0 0 0 0 ,20 1,27 1
27	14 1 0 1 0 0 ,11 3,33 1
28	15 0 0 0 2 0 ,4 4,22 4
30	8 0 0 1 0 1 ,29 3,36 5
31	12 0 1 0 0 0 ,16 2
32	7 0 0 2 0 0 ,10 3,28 3
33	12 1 0 0 0 0 ,34 1
36	20 1 0 0 0 0 ,9 1
39	9 0 0 0 0 4 ,0 5,6 5,10 5,14 5
41	14 0 1 0 0 1 ,2 5,24 2
44	9 1 0 0 0 0 ,6 1
45	8 0 0 1 0 1 ,5 3,15 5
46	4 0 0 0 1 0 ,19 4
47	10 1 0 0 1 1 ,27 1,32 5,33 4
48	8 0 1 0 1 0 ,17 2,22 4
49	9 0 1 1 2 0 ,11 3,27 4,34 2,36 4
50	20 0 0 0 0 1 ,33 5
51	12 2 0 0 1 0 ,9 1,16 1,26 4
52	8 0 0 1 0 1 ,1 3,5 5
53	6 0 0 0 2 0 ,25 4,33 4
55	8 1 0 0 0 0 ,7 1
56	12 1 0 1 1 0 ,1 4,9 3,11 1
57	4 0 0 0 1 0 ,30 4
58	13 0 1 0 0 0 ,3 2
59	15 1 0 0 0 0 ,4 1
60	17 0 0 1 0 0 ,32 3
61	1 1 0 0 0 0 ,31 1
62	6 0 1 0 2 2 ,1 5,2 4,14 5,15 2,21 4
63	4 0 1 0 1 0 ,8 4,16 2
64	9 1 0 1 0 0 ,6 3,34 1
65	12 0 0 1 0 0 ,16 3
66	6 0 2 0 0 1 ,10 5,18 2,25 2
67	10 0 0 0 1 0 ,0 4
68	17 0 0 1 0 0 ,35 3
72	7 0 1 0 2 0 ,4 4,12 2,18 4
73	12 0 0 0 1 0 ,34 4
76	14 0 1 0 1 0 ,11 2,26 4
78	8 0 0 1 0 0 ,29 3
79	15 0 0 1 0 0 ,4 3
80	17 0 0 0 1 0 ,32 4
81	5 0 1 1 1 1 ,13 3,21 2,22 5,28 4
82	4 1 0 0 1 0 ,17 1,23 4
84	13 1 1 0 0 0 ,3 1,35 2
85	19 0 0 0 0 1 ,10 5
86	8 0 1 3 1 0 ,2 3,4 3,7 4,22 3,32 2
87	20 0 0 0 0 1 ,33 5
88	19 0 1 0 0 0 ,2 2
91	17 0 0 0 1 0 ,35 4
92	14 0 0 0 1 0 ,24 4
93	15 1 1 0 0 1 ,2 5,26 2,35 1
95	14 0 0 0 1 0 ,11 4
96	8 0 1 0 0 1 ,17 2,22 5
97	15 0 1 0 0 0 ,14 2
98	14 1 0 0 0 0 ,11 1
