1	9 0 0 1 0 0 ,0 3
3	19 1 0 0 0 0 ,6 1
5	22 0 0 0 0 1 ,20 5
6	12 0 1 0 0 0 ,4 2
7	9 0 0 0 0 1 ,8 5
9	6 0 0 0 0 1 ,11 5
10	22 0 0 0 0 1 ,20 5
12	8 0 0 0 1 1 ,18 5,23 4
16	9 0 1 0 1 0 ,8 2,10 4
17	23 0 0 0 0 1 ,16 5
22	7 0 1 0 2 0 ,4 2,13 4,17 4
23	12 1 0 0 0 0 ,4 1
24	4 0 0 0 1 0 ,21 4
25	17 0 0 0 0 1 ,26 5
26	12 0 0 0 1 1 ,4 4,26 5
28	19 0 0 1 0 0 ,6 3
29	11 0 1 0 0 0 ,9 2
30	9 2 0 0 1 0 ,0 1,3 1,18 4
31	12 0 0 0 0 1 ,19 5
32	10 1 1 1 1 0 ,15 1,16 3,22 4,26 2
33	9 0 0 0 1 0 ,24 4
35	2 1 0 1 0 0 ,5 1,15 3
36	3 0 0 1 0 0 ,2 3
37	2 2 0 0 0 0 ,0 1,5 1
38	8 0 0 2 1 0 ,1 4,4 3,12 3
40	21 0 0 1 0 0 ,18 3
41	16 0 0 0 1 0 ,10 4
42	9 0 0 1 0 0 ,3 3
44	5 1 1 0 0 0 ,14 1,24 2
46	21 0 0 0 1 0 ,15 4
47	16 0 0 0 0 1 ,10 5
48	9 0 1 0 0 0 ,8 2
50	8 0 0 0 2 1 ,1 4,6 5,18 4
52	9 0 0 0 0 1 ,3 5
54	8 1 1 0 0 1 ,7 1,20 2,22 5
57	12 1 0 0 0 1 ,16 5,19 1
59	23 0 0 0 1 0 ,16 4
62	5 1 0 0 1 0 ,7 1,14 4
65	8 0 0 0 2 1 ,7 4,20 4,26 5
66	10 1 0 0 0 1 ,6 5,17 1
67	8 0 0 0 0 1 ,12 5
69	10 0 0 0 0 1 ,17 5
70	21 0 0 1 0 0 ,15 3
71	16 0 0 1 0 0 ,10 3
73	10 1 0 0 1 0 ,9 4,22 1
74	22 0 1 0 0 0 ,20 2
78	8 0 1 0 0 0 ,7 2
79	8 0 0 0 2 0 ,18 4,23 4
80	11 0 0 0 0 1 ,9 5
81	21 0 0 0 0 1 ,15 5
82	19 0 0 1 0 0 ,6 3
85	12 0 0 0 0 1 ,19 5
86	6 2 0 0 0 0 ,11 1,16 1
89	9 0 0 1 1 0 ,20 4,24 3
90	19 0 1 0 0 0 ,6 2
91	21 0 0 0 0 1 ,15 5
96	7 1 0 1 1 0 ,0 4,13 3,18 1
97	23 0 0 0 0 1 ,16 5
98	2 0 1 0 0 0 ,25 2
99	12 1 0 0 0 0 ,19 1
