0	6 0 1 0 1 0 ,14 4,30 2
1	3 2 1 0 0 0 ,8 1,21 2,27 1
2	4 1 0 1 1 0 ,16 3,20 4,21 1
4	10 1 0 0 1 0 ,6 4,32 1
7	14 1 0 0 0 1 ,7 1,13 5
8	7 0 1 0 0 0 ,3 2
9	10 0 1 0 1 2 ,1 5,10 2,17 4,32 5
10	6 1 0 0 0 0 ,23 1
11	13 0 0 0 0 1 ,18 5
13	5 1 0 0 0 1 ,4 5,21 1
15	9 0 0 2 0 0 ,16 3,25 3
16	9 0 1 0 1 0 ,8 2,21 4
17	9 0 0 1 0 0 ,12 3
21	18 0 1 0 0 0 ,16 2
22	9 1 0 0 0 0 ,25 1
23	6 0 1 1 0 0 ,2 3,23 2
24	11 0 0 1 0 0 ,8 3
25	2 0 1 0 0 0 ,9 2
26	17 0 0 1 0 0 ,10 3
27	11 1 1 0 0 0 ,8 1,17 2
28	3 0 3 1 0 0 ,13 3,16 2,27 2,29 2
29	3 0 1 0 0 0 ,11 2
34	20 0 0 0 1 0 ,17 4
37	14 1 0 0 0 0 ,7 1
40	3 1 0 0 1 0 ,5 4,11 1
42	9 0 1 2 0 0 ,14 3,19 3,32 2
45	7 0 1 1 0 1 ,2 3,3 5,32 2
46	9 0 0 0 0 2 ,5 5,19 5
47	5 0 0 1 0 2 ,22 5,26 5,29 3
49	22 0 0 0 1 0 ,13 4
50	13 0 1 0 1 1 ,5 4,17 2,24 5
52	17 0 0 0 1 0 ,10 4
53	16 0 0 1 1 0 ,1 3,6 4
55	14 0 1 0 0 0 ,7 2
56	14 0 0 0 1 1 ,7 5,16 4
58	11 0 1 0 0 0 ,8 2
60	12 0 0 2 0 1 ,14 3,18 3,29 5
62	6 0 2 1 0 0 ,2 2,7 2,23 3
63	9 0 1 1 0 1 ,6 3,15 2,25 5
64	9 1 0 0 0 0 ,19 1
65	5 0 0 0 0 2 ,13 5,31 5
66	9 0 0 0 0 1 ,12 5
67	21 0 0 0 0 1 ,1 5
68	12 0 0 0 1 1 ,10 5,15 4
69	2 0 1 0 0 1 ,0 2,18 5
70	12 1 0 0 0 0 ,15 1
72	19 0 0 0 0 1 ,14 5
73	13 0 1 0 3 0 ,1 4,2 2,16 4,24 4
76	20 0 0 1 0 0 ,17 3
77	12 0 1 1 0 0 ,7 3,29 2
78	14 0 0 0 1 0 ,2 4
79	21 0 0 0 1 0 ,1 4
80	12 0 1 0 0 1 ,13 2,15 5
81	6 0 0 0 1 0 ,30 4
82	16 0 0 1 0 0 ,5 3
85	4 0 0 0 1 0 ,28 4
88	13 0 0 0 1 0 ,24 4
89	22 0 0 1 0 0 ,13 3
90	9 1 0 0 0 0 ,12 1
92	11 0 1 0 0 0 ,8 2
94	19 0 0 0 1 0 ,14 4
95	16 0 0 0 0 2 ,6 5,17 5
98	17 0 0 1 0 0 ,10 3
99	9 1 0 0 0 0 ,21 1
