3	13 0 1 1 0 1 ,21 5,30 2,31 3
4	12 0 0 0 0 1 ,32 5
5	3 0 1 1 0 0 ,8 2,12 3
7	1 2 0 0 0 1 ,11 5,24 1,25 1
8	9 1 1 0 0 1 ,9 1,16 5,20 2
9	8 0 0 0 1 0 ,4 4
10	5 0 1 0 1 1 ,6 4,14 5,19 2
11	15 0 0 0 0 1 ,21 5
13	4 0 0 1 1 1 ,1 4,3 3,26 5
14	15 0 1 0 1 0 ,11 4,21 2
17	11 2 0 0 0 0 ,18 1,23 1
18	13 1 0 0 0 0 ,5 1
20	10 0 0 2 0 0 ,8 3,21 3
21	14 1 0 0 0 0 ,16 1
22	9 0 1 2 0 1 ,18 3,25 3,28 5,31 2
23	12 0 1 0 0 0 ,32 2
25	10 1 0 0 0 1 ,20 5,33 1
26	14 0 1 0 0 0 ,1 2
28	6 0 0 0 0 2 ,15 5,29 5
29	13 0 0 0 0 1 ,30 5
30	13 0 1 0 0 0 ,5 2
31	17 0 0 0 1 0 ,26 4
32	6 0 0 1 2 0 ,17 4,27 3,30 4
34	8 0 1 1 0 1 ,1 5,4 3,28 2
36	20 0 1 0 0 0 ,20 2
37	6 1 0 0 0 0 ,15 1
38	12 0 0 2 1 0 ,10 4,16 3,32 3
39	6 0 1 0 0 0 ,7 2
40	10 1 0 0 0 0 ,33 1
42	4 1 0 0 0 0 ,3 1
43	2 0 1 0 0 1 ,18 5,22 2
44	13 0 1 0 0 0 ,30 2
45	10 0 1 1 0 1 ,1 3,8 2,11 5
46	19 0 0 2 0 0 ,11 3,27 3
47	16 0 1 0 0 0 ,18 2
48	13 0 0 0 0 1 ,5 5
51	12 0 1 0 0 0 ,32 2
52	7 1 1 1 1 0 ,0 3,8 2,27 1,29 4
54	6 0 1 0 0 0 ,17 2
55	1 1 0 1 1 1 ,2 1,20 3,27 5,29 4
56	17 0 0 0 0 2 ,20 5,26 5
57	9 0 1 0 0 0 ,9 2
59	11 1 0 0 0 0 ,23 1
61	15 0 0 1 1 0 ,10 3,31 4
64	25 0 0 0 0 1 ,11 5
65	26 0 0 0 1 0 ,29 4
66	13 0 0 0 0 1 ,5 5
67	10 0 1 0 0 0 ,25 2
68	6 0 1 1 2 0 ,6 2,26 3,31 4,33 4
69	15 0 0 1 0 0 ,10 3
70	10 0 1 0 0 0 ,25 2
71	10 1 0 0 0 0 ,33 1
76	5 0 0 1 0 0 ,19 3
78	10 1 0 0 1 1 ,8 1,18 5,27 4
79	11 0 0 0 0 1 ,23 5
80	20 0 0 2 1 0 ,11 3,20 3,29 4
83	6 1 0 0 0 1 ,14 1,29 5
86	6 0 0 1 1 0 ,7 4,33 3
87	21 0 0 0 1 0 ,31 4
88	7 2 0 0 1 0 ,0 4,9 1,10 1
89	9 0 0 0 0 1 ,9 5
90	9 0 1 0 0 0 ,28 2
91	19 0 0 1 0 0 ,27 3
92	10 1 0 0 1 0 ,10 4,25 1
94	10 1 0 0 0 0 ,25 1
96	8 1 0 0 1 0 ,4 1,23 4
97	14 0 0 0 0 1 ,16 5
98	21 0 0 0 1 0 ,31 4
99	3 0 0 1 0 0 ,13 3
