0	6 0 0 0 1 1 ,3 4,24 5
2	14 1 0 0 0 1 ,10 5,16 1
3	13 0 0 1 0 0 ,22 3
5	14 1 0 0 0 1 ,10 1,11 5
7	8 0 1 0 0 0 ,15 2
8	3 2 1 0 1 0 ,4 4,12 1,19 1,25 2
9	8 1 0 0 0 0 ,26 1
11	16 1 0 0 0 1 ,11 5,13 1
12	15 0 0 0 1 0 ,27 4
13	6 0 2 0 0 0 ,3 2,6 2
14	4 0 0 1 0 0 ,1 3
15	3 0 1 1 1 1 ,6 4,7 2,9 3,17 5
16	6 0 0 1 0 0 ,21 3
17	3 1 0 0 0 0 ,25 1
19	8 1 0 0 0 0 ,18 1
22	3 0 1 1 0 1 ,5 3,13 2,22 5
23	13 0 1 0 0 0 ,22 2
24	5 1 0 0 1 0 ,6 4,20 1
26	20 0 0 1 0 0 ,11 3
27	13 0 0 1 0 0 ,4 3
28	8 0 0 0 1 0 ,26 4
29	19 0 0 1 0 0 ,6 3
31	20 0 1 0 0 0 ,11 2
32	5 0 1 0 0 0 ,19 2
33	13 1 0 0 0 0 ,22 1
35	14 0 0 1 0 0 ,16 3
40	5 1 0 0 1 1 ,20 4,24 5,27 1
41	20 1 0 0 0 0 ,11 1
43	19 0 0 1 0 0 ,6 3
44	16 0 0 1 0 0 ,13 3
47	3 0 0 1 0 1 ,0 3,10 5
49	13 1 0 0 0 0 ,22 1
52	14 0 0 0 1 0 ,16 4
53	14 0 0 1 0 0 ,10 3
55	13 0 0 0 0 1 ,4 5
56	8 0 0 0 1 0 ,15 4
58	6 0 1 1 0 0 ,2 3,23 2
59	8 0 0 0 1 1 ,13 5,18 4
60	5 1 0 1 0 0 ,7 3,8 1
61	8 0 0 1 0 0 ,18 3
62	4 1 0 1 0 0 ,1 1,6 3
63	11 0 0 0 0 1 ,17 5
64	14 0 0 0 2 0 ,14 4,27 4
65	20 0 0 0 1 0 ,11 4
66	6 1 1 1 0 0 ,15 2,21 3,27 1
67	13 1 0 0 0 0 ,22 1
68	13 1 0 0 0 0 ,4 1
70	7 1 0 0 0 0 ,23 1
72	14 0 0 1 0 1 ,13 5,14 3
74	8 0 0 1 1 0 ,7 4,26 3
75	5 0 2 0 0 0 ,8 2,16 2
76	14 0 1 1 0 1 ,14 2,24 5,27 3
77	5 1 1 0 0 0 ,17 1,19 2
79	6 0 1 0 0 0 ,12 2
80	15 0 1 0 0 0 ,27 2
83	6 0 0 1 0 0 ,2 3
85	5 0 1 0 0 0 ,8 2
90	6 0 0 1 0 0 ,12 3
93	14 0 0 0 1 0 ,16 4
96	7 0 0 0 1 0 ,23 4
98	14 0 0 0 0 1 ,14 5
