1	7 1 0 0 1 0 ,22 1,37 4
2	4 0 1 1 0 1 ,12 3,19 2,20 5
3	9 0 0 1 1 1 ,14 3,23 5,29 4
4	18 0 0 0 0 1 ,26 5
5	16 0 0 0 0 1 ,25 5
6	10 0 0 0 0 1 ,11 5
7	6 0 0 1 1 0 ,22 4,36 3
8	18 0 0 1 0 0 ,26 3
9	2 0 2 0 0 0 ,8 2,26 2
11	11 0 0 0 0 2 ,13 5,29 5
12	16 0 0 0 0 1 ,6 5
16	16 0 0 0 1 0 ,25 4
17	1 1 0 0 0 0 ,28 1
18	15 0 1 0 2 0 ,6 4,29 4,30 2
20	20 0 0 0 0 1 ,17 5
22	9 0 0 0 0 1 ,0 5
23	9 0 1 0 2 0 ,2 4,25 4,31 2
24	10 1 1 0 0 0 ,2 1,5 2
25	9 1 1 0 1 1 ,0 4,6 5,14 2,23 1
26	12 0 0 1 0 0 ,33 3
27	19 0 0 0 0 1 ,5 5
30	13 0 0 1 0 0 ,21 3
31	15 0 0 1 0 0 ,4 3
32	20 0 1 0 0 0 ,17 2
33	16 1 0 0 0 0 ,24 1
34	15 0 1 0 0 0 ,4 2
35	16 1 0 0 0 0 ,6 1
36	16 0 0 0 0 1 ,24 5
37	19 0 0 2 0 0 ,5 3,17 3
38	10 1 1 0 1 0 ,2 1,14 2,26 4
39	7 1 1 0 0 0 ,1 1,37 2
40	10 1 1 0 0 0 ,2 1,5 2
42	9 0 1 0 0 1 ,12 2,22 5
43	12 1 1 0 2 0 ,4 1,17 4,20 2,32 4
44	14 0 0 0 1 0 ,9 4
45	9 0 1 0 0 0 ,12 2
46	15 0 0 1 0 0 ,30 3
47	9 0 1 0 0 0 ,23 2
48	11 0 0 0 1 0 ,14 4
51	11 0 1 0 0 0 ,7 2
53	6 1 1 0 0 0 ,31 2,36 1
55	10 0 1 1 1 0 ,2 3,7 2,33 4
58	7 0 1 0 0 2 ,16 5,17 5,29 2
59	14 2 0 0 0 1 ,9 5,22 1,26 1
60	12 2 0 0 1 0 ,20 1,21 1,30 4
62	4 2 0 1 0 0 ,1 3,6 1,34 1
63	12 0 2 1 1 0 ,1 4,5 2,21 3,32 2
64	9 1 0 0 0 1 ,5 5,31 1
65	11 0 0 0 1 0 ,39 4
66	1 2 0 0 0 0 ,27 1,32 1
67	12 0 0 0 1 0 ,20 4
68	9 0 1 0 0 1 ,11 5,38 2
69	15 0 0 0 1 0 ,30 4
71	9 0 2 1 0 0 ,31 2,38 3,39 2
72	9 2 0 0 2 0 ,17 1,18 4,21 4,23 1
73	1 1 1 0 0 1 ,3 1,16 2,29 5
74	11 0 0 0 1 0 ,7 4
76	15 0 1 0 0 0 ,30 2
77	4 0 0 0 1 0 ,35 4
78	9 0 2 0 0 0 ,12 2,24 2
79	9 0 0 1 0 0 ,38 3
80	18 0 0 1 0 0 ,26 3
81	14 0 0 0 0 1 ,9 5
82	5 0 1 0 0 1 ,15 5,33 2
83	16 0 0 2 0 0 ,22 3,25 3
84	9 1 0 0 0 0 ,38 1
85	16 0 0 1 0 0 ,24 3
86	11 0 0 0 0 2 ,24 5,39 5
87	7 1 0 0 1 0 ,4 4,37 1
89	11 0 0 1 0 0 ,7 3
90	3 1 1 1 0 0 ,10 3,13 2,18 1
91	15 1 0 0 0 1 ,4 1,22 5
93	6 0 1 0 0 0 ,36 2
94	4 0 2 1 1 0 ,18 4,19 2,31 2,34 3
95	12 0 1 1 0 0 ,21 2,33 3
96	11 0 0 0 2 0 ,4 4,13 4
97	12 0 0 0 1 0 ,1 4
99	12 0 0 0 0 1 ,32 5
