0	12 0 0 0 0 2 ,9 5,29 5
2	3 0 1 1 0 0 ,4 3,19 2
3	4 1 0 0 1 0 ,14 4,29 1
4	17 1 0 1 0 0 ,1 1,6 3
5	2 0 1 0 1 1 ,18 2,19 4,23 5
6	13 0 0 1 1 1 ,1 5,2 4,3 3
11	14 0 1 1 0 0 ,12 3,21 2
12	7 0 0 0 0 1 ,22 5
13	6 1 0 0 0 0 ,11 1
14	8 0 0 1 1 1 ,1 5,21 3,28 4
15	7 0 1 1 0 0 ,6 3,22 2
17	5 0 1 0 0 0 ,7 2
18	18 0 0 0 1 0 ,15 4
19	18 1 0 0 0 0 ,12 1
20	15 0 0 0 1 1 ,9 4,19 5
21	13 0 0 0 0 1 ,2 5
22	17 0 0 0 0 1 ,6 5
25	14 0 0 1 1 0 ,9 3,10 4
26	13 1 1 1 0 0 ,3 1,6 2,25 3
27	13 1 0 0 0 0 ,25 1
28	4 1 0 0 0 0 ,8 1
29	18 0 0 0 1 0 ,15 4
30	6 0 2 0 0 0 ,11 2,23 2
32	14 0 0 0 2 0 ,12 4,21 4
34	4 1 1 1 0 1 ,8 2,9 3,21 1,27 5
37	22 0 0 0 0 1 ,1 5
38	14 0 1 0 1 1 ,13 5,19 4,23 2
39	9 0 0 0 1 0 ,27 4
43	14 0 0 1 0 0 ,21 3
44	7 0 0 0 1 0 ,17 4
46	18 0 0 0 0 1 ,15 5
49	12 0 1 0 0 1 ,25 5,29 2
51	6 0 0 1 0 0 ,16 3
55	18 0 1 0 0 0 ,12 2
56	14 0 0 0 0 1 ,10 5
58	6 0 1 0 0 0 ,11 2
59	18 0 0 1 1 0 ,1 4,12 3
65	5 0 0 0 0 1 ,26 5
66	1 1 1 0 0 0 ,1 2,20 1
67	23 0 0 0 0 1 ,19 5
69	6 0 0 1 0 1 ,12 5,16 3
71	7 1 0 1 0 0 ,17 1,19 3
72	4 1 0 0 0 0 ,8 1
73	17 0 0 0 1 0 ,6 4
75	5 0 1 0 1 1 ,3 4,5 5,7 2
76	14 0 0 0 0 1 ,23 5
77	13 0 0 0 1 0 ,2 4
78	8 0 0 1 0 0 ,5 3
79	7 0 1 0 0 1 ,10 5,17 2
80	5 2 0 0 1 1 ,7 1,13 5,25 4,28 1
81	14 0 0 0 0 1 ,3 5
82	23 0 0 0 0 1 ,13 5
84	8 0 0 1 0 0 ,28 3
86	23 0 0 0 0 1 ,13 5
87	12 0 0 0 1 0 ,29 4
89	5 0 0 0 0 1 ,0 5
90	14 1 0 0 0 0 ,21 1
92	23 1 0 0 0 0 ,13 1
93	18 0 0 0 0 1 ,15 5
95	23 0 1 0 0 0 ,13 2
97	6 2 0 0 0 0 ,3 1,11 1
99	1 1 0 0 0 0 ,24 1
