0	4 0 0 1 0 0 ,17 3
2	9 1 0 0 0 0 ,9 1
5	6 0 0 0 0 1 ,3 5
7	9 0 0 0 0 1 ,15 5
11	6 1 0 0 1 0 ,1 1,10 4
12	15 0 1 0 0 0 ,10 2
14	8 1 0 0 0 1 ,12 5,13 1
15	12 0 1 0 0 0 ,6 2
16	10 0 0 1 0 0 ,11 3
17	6 0 1 0 0 1 ,1 5,13 2
21	9 1 0 1 0 0 ,9 1,10 3
27	12 0 0 1 0 0 ,6 3
29	8 2 1 0 1 0 ,6 2,7 4,11 1,13 1
33	8 0 0 0 1 0 ,13 4
35	12 0 0 0 0 2 ,6 5,10 5
38	9 0 0 1 0 0 ,9 3
41	11 1 0 0 0 0 ,14 1
46	10 0 1 0 0 0 ,11 2
47	6 0 2 1 0 0 ,5 3,9 2,12 2
49	20 0 0 0 1 0 ,7 4
54	14 0 0 0 1 0 ,16 4
55	3 0 1 0 0 0 ,0 2
57	1 2 0 0 0 0 ,2 1,8 1
58	6 0 0 1 0 0 ,5 3
59	11 0 0 0 0 1 ,14 5
60	6 0 1 0 0 0 ,4 2
63	10 1 0 0 0 0 ,11 1
64	12 0 0 0 0 1 ,8 5
69	15 1 0 0 0 0 ,10 1
73	6 2 0 0 0 0 ,3 1,9 1
75	20 0 0 0 1 0 ,7 4
76	9 0 1 0 1 0 ,15 4,16 2
77	20 0 0 0 0 1 ,7 5
78	20 1 0 0 0 0 ,7 1
79	9 1 0 0 0 0 ,9 1
86	6 0 0 0 1 0 ,4 4
88	12 0 1 0 0 0 ,8 2
89	14 0 0 1 0 0 ,16 3
91	12 0 1 0 0 1 ,7 2,12 5
93	10 0 0 1 0 0 ,11 3
94	4 1 0 0 0 0 ,17 1
95	3 1 0 0 1 0 ,0 1,8 4
96	11 0 0 1 0 0 ,14 3
98	11 0 1 0 0 0 ,14 2
99	14 0 0 0 0 1 ,16 5
