0	9 0 1 0 0 0 ,15 2
1	6 1 0 0 1 0 ,1 1,37 4
4	14 0 0 0 0 1 ,4 5
5	8 0 0 0 2 0 ,10 4,34 4
6	17 0 0 0 0 1 ,11 5
7	10 0 0 0 1 0 ,31 4
8	14 0 0 1 0 0 ,3 3
9	10 0 0 1 0 1 ,9 3,29 5
10	14 0 0 0 0 1 ,30 5
11	10 0 0 1 0 0 ,25 3
12	13 0 0 1 0 0 ,23 3
14	13 0 0 0 0 1 ,26 5
15	10 0 0 0 0 1 ,31 5
16	17 0 0 1 1 0 ,11 3,33 4
17	7 1 1 1 0 0 ,5 2,17 3,22 1
18	14 0 0 1 1 1 ,11 5,30 4,37 3
19	13 0 2 0 0 0 ,6 2,26 2
20	16 1 0 0 0 0 ,8 1
21	6 0 2 0 0 0 ,1 2,4 2
22	13 0 1 0 1 1 ,13 4,17 5,30 2
23	10 1 0 0 0 0 ,9 1
24	16 0 0 0 2 0 ,8 4,18 4
25	17 1 0 0 0 0 ,11 1
26	8 0 1 2 0 1 ,5 3,29 2,32 3,33 5
27	6 0 1 0 0 0 ,1 2
31	6 1 0 0 2 0 ,14 4,17 4,32 1
35	4 0 0 0 2 1 ,7 5,15 4,35 4
37	20 0 0 0 0 1 ,6 5
38	14 0 0 0 0 2 ,12 5,29 5
39	16 0 0 0 0 1 ,18 5
40	9 0 0 1 0 1 ,15 3,37 5
41	2 1 0 0 0 0 ,2 1
42	4 0 0 1 1 0 ,6 3,36 4
43	10 0 0 0 0 1 ,5 5
46	8 0 0 0 1 1 ,12 5,32 4
47	18 0 0 0 1 1 ,27 5,33 4
48	13 0 1 0 0 0 ,23 2
49	8 1 0 0 0 1 ,10 1,27 5
50	16 1 1 0 0 0 ,18 1,33 2
51	6 2 0 1 0 0 ,1 1,12 1,17 3
52	14 1 0 0 1 0 ,17 4,30 1
55	14 1 0 0 0 0 ,12 1
57	19 0 1 0 0 1 ,6 5,27 2
59	14 0 2 0 0 0 ,3 2,33 2
60	19 0 0 1 0 0 ,27 3
62	14 0 1 0 0 0 ,30 2
63	13 0 0 0 1 0 ,23 4
64	10 0 1 0 0 1 ,9 5,27 2
65	10 0 0 0 1 0 ,25 4
66	13 0 0 0 1 0 ,13 4
67	4 0 0 1 0 0 ,38 3
68	13 1 0 0 0 0 ,26 1
69	14 0 0 1 0 0 ,4 3
71	3 0 3 1 0 0 ,12 2,25 2,27 2,28 3
74	6 0 2 0 0 0 ,14 2,19 2
75	17 1 0 0 0 0 ,29 1
76	14 1 1 0 0 0 ,33 1,37 2
77	1 2 1 0 0 0 ,6 1,18 2,20 1
79	22 0 0 1 0 0 ,17 3
81	2 0 1 0 0 0 ,16 2
83	8 0 0 1 0 0 ,10 3
85	7 1 1 0 0 0 ,4 2,22 1
86	4 1 0 0 1 1 ,29 4,34 5,38 1
87	10 1 0 0 0 0 ,25 1
88	6 1 0 0 2 0 ,3 4,9 1,19 4
89	16 0 2 0 0 0 ,8 2,11 2
90	2 1 1 0 0 0 ,11 1,24 2
91	14 0 1 0 0 0 ,4 2
93	2 1 0 0 0 0 ,2 1
94	4 0 0 0 1 0 ,0 4
95	13 0 0 0 1 2 ,3 5,8 4,13 5
96	7 0 0 0 0 1 ,22 5
97	16 0 0 0 2 0 ,6 4,18 4
98	2 0 1 0 1 0 ,21 2,23 4
99	10 1 0 0 0 2 ,8 5,26 5,31 1
