1	13 0 0 0 0 1 ,3 5
2	13 1 0 0 0 1 ,3 5,4 1
4	6 0 0 0 0 2 ,7 5,20 5
5	6 1 0 0 0 1 ,18 5,21 1
7	15 0 1 0 0 0 ,25 2
8	13 1 0 0 0 0 ,7 1
9	13 0 0 0 1 0 ,9 4
12	9 0 0 0 0 1 ,16 5
13	6 0 0 0 0 2 ,4 5,21 5
14	16 1 0 0 0 0 ,18 1
15	23 0 0 0 0 1 ,10 5
16	22 0 0 0 0 1 ,0 5
17	1 2 0 0 0 0 ,1 1,6 1
20	4 0 0 0 1 0 ,15 4
21	8 0 0 1 0 0 ,19 3
22	13 0 0 1 0 0 ,9 3
25	8 0 0 0 1 1 ,6 4,8 5
26	6 0 0 0 0 1 ,13 5
27	13 0 0 1 1 0 ,0 4,3 3
28	6 1 0 0 0 0 ,20 1
30	13 0 0 0 2 0 ,9 4,10 4
31	15 1 0 0 0 0 ,25 1
32	6 0 0 2 0 0 ,0 3,23 3
34	3 0 0 1 0 0 ,22 3
35	13 0 0 0 0 1 ,12 5
38	16 0 1 0 0 0 ,18 2
46	15 0 0 1 0 0 ,25 3
47	9 0 0 0 0 1 ,2 5
49	6 0 0 1 1 0 ,0 3,5 4
50	5 0 0 1 0 0 ,14 3
51	16 0 0 0 0 1 ,18 5
54	4 1 1 0 0 1 ,10 5,11 2,16 1
56	15 0 0 1 0 0 ,4 3
57	13 0 0 0 1 0 ,12 4
61	13 0 0 1 0 0 ,12 3
62	15 0 0 0 1 0 ,25 4
63	15 0 0 0 0 1 ,25 5
64	8 0 0 0 0 1 ,19 5
65	15 0 0 0 1 1 ,4 5,6 4
66	9 0 0 0 1 0 ,2 4
67	5 0 1 0 1 1 ,6 5,10 4,14 2
68	6 1 0 0 0 0 ,23 1
69	13 0 1 0 0 0 ,7 2
70	15 2 0 0 0 0 ,4 1,10 1
72	13 0 1 0 0 0 ,9 2
74	8 0 0 1 0 0 ,8 3
76	6 1 0 0 0 0 ,13 1
77	22 0 0 0 2 1 ,0 5,6 4,10 4
78	13 1 0 0 0 0 ,12 1
82	6 0 1 0 0 0 ,23 2
83	6 0 1 0 0 0 ,5 2
84	4 0 1 0 0 0 ,11 2
85	4 0 0 0 1 0 ,17 4
88	13 0 0 0 0 1 ,7 5
91	9 0 0 1 0 0 ,16 3
92	22 0 1 0 0 0 ,0 2
93	2 0 1 0 0 0 ,24 2
97	22 0 0 0 1 0 ,6 4
98	16 0 0 1 0 0 ,18 3
