1	5 1 0 0 0 2 ,20 5,22 1,29 5
2	4 0 1 0 0 0 ,0 2
3	18 0 0 0 0 1 ,10 5
7	14 0 0 0 0 1 ,13 5
8	20 1 0 0 0 0 ,3 1
9	1 1 1 1 0 0 ,7 2,9 1,31 3
10	19 0 1 0 0 0 ,12 2
11	12 0 0 0 1 0 ,35 4
12	14 0 0 1 1 0 ,7 4,10 3
13	16 0 0 0 1 0 ,21 4
14	20 0 0 0 1 0 ,8 4
15	7 0 1 0 0 1 ,7 2,16 5
16	14 0 0 0 0 1 ,24 5
18	8 0 0 1 1 1 ,6 3,18 4,33 5
19	12 1 0 0 0 0 ,26 1
20	12 0 1 0 0 0 ,35 2
21	14 0 0 1 0 1 ,12 3,13 5
22	11 0 0 0 1 0 ,23 4
23	13 0 0 0 0 2 ,12 5,30 5
24	17 1 0 0 0 0 ,18 1
25	13 0 0 0 0 1 ,30 5
26	12 0 0 0 1 1 ,11 4,35 5
27	18 0 0 0 0 1 ,10 5
28	12 0 0 0 1 0 ,26 4
29	23 0 0 0 1 0 ,29 4
30	7 0 0 2 0 0 ,1 3,30 3
31	17 1 0 0 0 1 ,11 1,33 5
34	20 0 0 0 0 1 ,8 5
37	9 1 1 0 0 0 ,18 2,19 1
38	19 0 1 0 0 0 ,12 2
39	8 0 1 0 0 0 ,14 2
41	17 0 0 0 0 1 ,11 5
42	5 0 1 0 1 0 ,22 2,24 4
43	19 0 0 0 0 1 ,5 5
44	4 1 1 0 0 0 ,0 1,34 2
45	13 0 0 1 1 0 ,4 4,29 3
46	16 0 1 0 0 0 ,21 2
47	20 0 0 0 0 1 ,3 5
48	7 1 0 1 1 0 ,2 4,13 1,21 3
49	10 1 0 1 0 0 ,26 3,27 1
50	14 0 0 0 1 0 ,32 4
51	4 1 0 0 0 0 ,0 1
52	12 0 0 1 1 0 ,25 4,26 3
54	10 0 0 2 2 0 ,3 4,4 4,23 3,27 3
55	14 0 0 0 2 0 ,11 4,20 4
56	18 0 1 1 0 0 ,12 2,33 3
57	8 0 1 0 0 1 ,8 5,14 2
58	14 0 0 1 1 0 ,7 4,21 3
59	10 1 0 1 0 1 ,10 3,11 1,28 5
61	13 0 0 0 0 1 ,4 5
63	20 0 0 0 0 1 ,3 5
64	7 0 0 1 0 0 ,2 3
66	7 0 1 0 0 1 ,16 2,32 5
67	18 0 0 0 0 1 ,33 5
69	17 0 0 0 1 0 ,18 4
70	10 2 1 0 0 0 ,8 2,27 1,35 1
71	9 0 0 1 0 0 ,19 3
72	8 0 0 0 1 0 ,14 4
73	14 0 0 0 1 0 ,25 4
74	5 0 1 0 0 0 ,22 2
75	23 0 0 0 1 0 ,29 4
76	19 0 0 0 0 2 ,5 5,12 5
77	5 0 1 1 0 0 ,29 3,34 2
78	8 0 3 0 1 2 ,5 4,6 5,11 2,13 2,23 2,24 5
79	16 1 1 0 0 0 ,5 1,21 2
80	10 0 0 1 0 0 ,31 3
81	10 0 1 0 1 0 ,23 2,31 4
83	14 0 1 0 1 0 ,7 2,8 4
84	9 0 0 0 0 1 ,19 5
85	14 0 1 0 1 1 ,3 5,10 2,20 4
89	14 0 0 0 0 1 ,32 5
90	3 0 0 1 1 0 ,17 3,18 4
91	16 0 1 0 0 0 ,21 2
93	7 0 0 0 1 1 ,1 4,27 5
94	5 1 0 0 0 0 ,34 1
96	10 0 1 1 1 1 ,5 4,18 2,25 3,28 5
97	5 1 0 0 0 1 ,15 5,26 1
98	14 1 0 0 0 0 ,20 1
99	14 1 0 1 1 0 ,13 1,25 3,29 4
