1	12 1 0 0 0 1 ,9 5,13 1
3	16 0 0 0 1 0 ,9 4
8	6 0 0 0 0 1 ,14 5
9	25 0 0 0 0 1 ,7 5
11	6 1 0 0 1 0 ,14 1,16 4
12	14 0 0 0 0 1 ,2 5
13	12 0 0 0 1 0 ,13 4
14	19 0 0 1 0 0 ,3 3
15	21 0 0 0 1 0 ,12 4
16	3 0 0 1 0 0 ,4 3
20	7 0 1 0 0 0 ,1 2
22	19 1 0 0 0 0 ,3 1
26	19 1 0 0 0 0 ,8 1
28	10 1 1 0 0 0 ,12 1,17 2
32	6 1 0 0 0 1 ,12 1,15 5
34	16 0 1 0 0 1 ,6 2,12 5
35	3 1 0 1 0 0 ,3 3,18 1
38	16 0 0 0 1 1 ,9 5,10 4
39	10 0 2 0 0 0 ,5 2,9 2
42	13 0 2 0 0 0 ,8 2,16 2
44	10 0 0 2 0 1 ,7 5,16 3,17 3
46	12 0 0 0 0 1 ,13 5
48	10 0 1 0 0 0 ,5 2
50	19 0 0 0 0 1 ,3 5
52	3 0 1 0 0 1 ,6 5,18 2
57	19 0 0 0 1 0 ,3 4
60	21 0 0 0 0 1 ,12 5
61	6 1 0 0 0 1 ,8 5,15 1
63	16 0 0 0 1 0 ,10 4
64	5 1 0 0 0 1 ,0 1,11 5
66	15 0 1 0 0 1 ,0 2,6 5
67	19 0 0 0 1 0 ,8 4
68	25 0 0 0 0 1 ,7 5
69	10 0 1 0 0 0 ,5 2
70	14 0 0 0 1 0 ,2 4
71	15 0 0 1 0 0 ,0 3
72	10 1 0 0 0 0 ,17 1
75	14 0 0 0 0 1 ,2 5
76	19 0 0 0 0 1 ,8 5
79	15 0 0 0 1 0 ,0 4
80	10 0 0 0 1 0 ,5 4
81	15 1 0 0 0 1 ,0 1,7 5
82	10 0 1 0 0 0 ,17 2
84	10 0 1 0 1 0 ,0 4,17 2
85	19 0 0 1 0 0 ,3 3
86	16 0 0 0 0 1 ,10 5
87	25 0 0 0 0 1 ,7 5
88	16 0 0 1 0 0 ,10 3
93	13 1 0 0 1 0 ,6 1,16 4
94	16 0 0 1 0 0 ,6 3
96	7 0 1 0 0 2 ,1 5,8 2,12 5
98	12 0 1 0 0 0 ,13 2
