0	15 0 0 0 0 1 ,6 5
1	14 1 0 0 0 1 ,12 5,16 1
3	14 0 0 1 0 0 ,8 3
6	7 0 0 1 0 0 ,18 3
7	18 0 0 0 1 0 ,9 4
10	16 0 0 0 1 0 ,13 4
13	15 1 0 0 0 1 ,14 5,20 1
14	9 1 0 0 0 0 ,19 1
15	14 0 0 0 1 0 ,3 4
21	15 1 0 0 0 0 ,14 1
23	16 0 0 2 0 0 ,13 3,17 3
24	9 0 1 0 0 0 ,19 2
25	12 0 0 0 2 0 ,0 4,11 4
26	14 0 1 0 0 0 ,8 2
27	7 0 0 0 1 0 ,18 4
28	16 1 0 0 0 0 ,13 1
30	7 1 0 2 0 0 ,7 3,15 1,16 3
32	7 1 1 0 0 0 ,0 1,4 2
33	18 0 0 0 1 1 ,0 4,7 5
35	14 0 1 0 0 1 ,8 2,20 5
36	15 0 1 0 1 0 ,7 2,14 4
37	16 0 0 0 2 0 ,9 4,13 4
38	19 0 0 0 1 0 ,12 4
41	19 1 0 0 0 0 ,17 1
45	16 0 1 0 0 0 ,13 2
46	7 1 0 0 0 0 ,15 1
48	14 0 1 0 1 1 ,7 2,8 4,17 5
49	7 1 1 0 0 0 ,9 1,15 2
52	12 0 0 1 0 0 ,11 3
53	14 1 0 0 1 0 ,3 4,8 1
55	19 0 0 0 1 0 ,17 4
57	14 0 0 0 0 1 ,3 5
60	18 0 1 0 1 1 ,7 2,9 4,17 5
61	15 0 0 1 0 0 ,6 3
62	12 2 0 0 0 0 ,0 1,11 1
63	18 0 0 0 1 0 ,0 4
64	7 0 0 0 1 1 ,4 5,20 4
68	14 1 0 0 0 0 ,3 1
70	16 0 1 0 0 0 ,13 2
71	14 0 0 0 0 1 ,16 5
74	17 0 0 0 1 0 ,20 4
76	6 0 1 0 0 0 ,1 2
77	12 0 0 1 0 1 ,11 3,16 5
78	3 0 0 1 0 0 ,5 3
79	17 0 0 1 0 0 ,20 3
80	1 1 0 0 0 0 ,10 1
83	6 0 0 0 1 0 ,1 4
84	15 0 1 0 0 0 ,6 2
85	19 0 0 0 1 0 ,12 4
86	5 0 1 0 1 0 ,2 4,8 2
87	7 0 0 1 0 0 ,15 3
89	15 1 0 0 0 0 ,6 1
90	12 1 0 0 0 0 ,11 1
92	5 1 2 1 0 1 ,2 1,7 5,12 2,14 2,19 3
93	18 0 0 0 1 0 ,0 4
94	9 1 0 1 0 1 ,9 5,17 1,19 3
95	15 0 0 0 1 0 ,6 4
97	15 0 0 1 0 0 ,14 3
99	19 0 0 0 1 0 ,12 4
