5	11 0 0 1 0 1 ,2 5,14 3
6	3 1 0 0 0 0 ,16 1
7	10 0 0 0 0 1 ,12 5
8	18 1 0 0 2 0 ,0 1,2 4,20 4
9	7 0 1 0 0 1 ,13 5,17 2
10	18 0 0 0 0 1 ,13 5
11	7 2 0 0 0 0 ,17 1,18 1
12	20 0 1 0 0 0 ,0 2
14	9 0 0 1 0 0 ,19 3
15	10 0 0 1 0 0 ,15 3
17	18 0 0 0 0 2 ,2 5,20 5
19	22 0 0 1 0 0 ,20 3
21	18 1 0 0 0 0 ,13 1
22	10 1 0 0 0 0 ,3 1
23	5 1 0 0 0 0 ,5 1
25	10 0 0 1 0 0 ,12 3
26	10 1 0 0 0 0 ,3 1
27	8 1 0 1 0 0 ,8 1,18 3
34	10 0 0 0 1 0 ,3 4
35	7 2 0 1 0 0 ,6 3,10 1,18 1
37	18 0 0 0 2 0 ,13 4,20 4
38	3 2 0 1 0 0 ,9 3,15 1,16 1
40	7 1 0 0 0 1 ,6 1,19 5
42	18 0 0 0 1 1 ,0 5,2 4
43	9 1 0 0 0 0 ,19 1
45	11 0 0 0 0 1 ,10 5
46	10 0 0 0 1 0 ,11 4
47	5 1 0 0 0 0 ,5 1
48	7 0 0 0 2 0 ,0 4,17 4
50	12 1 0 0 0 0 ,4 1
52	10 1 0 0 0 0 ,15 1
53	10 1 0 1 1 0 ,0 4,3 1,14 3
55	2 0 1 0 1 0 ,7 2,20 4
57	11 0 0 0 1 0 ,18 4
63	11 0 1 0 0 0 ,10 2
69	10 0 0 2 0 1 ,4 3,10 3,11 5
71	10 2 0 0 0 1 ,11 1,14 5,18 1
72	8 0 0 1 0 0 ,8 3
73	5 0 0 1 0 1 ,1 5,13 3
74	12 0 0 0 1 0 ,4 4
76	10 0 0 1 0 0 ,3 3
77	12 0 0 0 1 0 ,4 4
79	20 0 0 0 1 0 ,0 4
83	7 1 1 0 0 0 ,6 2,18 1
85	5 0 0 1 0 0 ,5 3
87	3 1 1 0 0 0 ,12 2,16 1
90	7 1 0 0 0 1 ,6 1,15 5
92	22 0 1 0 0 0 ,20 2
94	8 0 0 0 1 0 ,8 4
