1	5 1 1 0 0 0 ,0 2,14 1
2	10 0 0 0 0 1 ,9 5
8	21 0 0 0 1 0 ,8 4
9	5 0 1 0 2 0 ,0 4,7 2,12 4
10	24 0 0 1 0 0 ,10 3
12	23 0 0 0 1 0 ,11 4
13	7 0 0 0 0 1 ,2 5
14	15 1 0 0 0 0 ,0 1
16	8 0 0 0 0 1 ,6 5
17	7 0 1 0 0 0 ,2 2
18	7 0 1 1 0 0 ,8 3,19 2
20	23 0 0 0 0 1 ,11 5
21	10 1 0 0 0 1 ,3 1,10 5
22	12 0 0 0 1 0 ,18 4
25	23 0 0 1 0 0 ,11 3
27	16 0 0 0 1 0 ,12 4
28	14 0 1 0 1 0 ,1 2,11 4
29	14 1 0 0 0 0 ,1 1
30	21 0 1 0 0 0 ,8 2
31	7 0 0 0 2 1 ,10 5,11 4,16 4
32	8 1 0 0 0 0 ,6 1
34	7 0 1 0 0 0 ,16 2
38	21 0 0 1 0 0 ,4 3
40	7 1 0 1 0 0 ,13 3,17 1
41	5 0 0 0 1 0 ,14 4
44	14 0 0 0 0 1 ,1 5
46	10 0 0 0 0 1 ,3 5
48	8 0 1 0 0 0 ,6 2
50	10 0 1 0 0 0 ,9 2
52	14 0 0 0 1 1 ,1 4,4 5
54	10 0 0 0 1 0 ,3 4
55	12 0 0 0 0 1 ,18 5
58	24 0 0 0 1 0 ,10 4
60	17 0 0 0 0 1 ,17 5
61	7 0 0 1 2 0 ,0 3,5 4,13 4
63	7 0 0 0 0 1 ,19 5
64	14 0 2 0 1 0 ,1 2,8 4,17 2
65	6 1 0 0 0 0 ,15 1
66	10 0 0 2 0 0 ,9 3,17 3
72	21 0 0 0 0 1 ,8 5
74	5 0 0 3 0 1 ,4 5,5 3,7 3,15 3
75	17 1 0 0 0 0 ,17 1
77	12 0 0 1 0 0 ,18 3
78	21 0 0 1 0 0 ,8 3
80	6 0 1 0 1 0 ,12 4,15 2
82	15 1 1 1 0 0 ,0 1,10 2,11 3
84	17 0 0 0 0 1 ,17 5
87	16 0 0 1 0 0 ,12 3
88	24 0 0 0 0 1 ,10 5
89	7 1 0 0 0 0 ,16 1
90	16 1 0 0 0 0 ,12 1
93	15 1 0 0 1 0 ,0 4,4 1
95	21 0 0 0 1 0 ,4 4
97	21 0 0 1 0 0 ,4 3
