3	5 1 0 0 0 0 ,8 1
4	12 0 0 0 2 0 ,24 4,27 4
5	8 2 0 0 1 0 ,5 1,7 1,15 4
6	8 0 0 0 1 0 ,25 4
7	12 0 0 0 2 0 ,0 4,17 4
9	12 0 0 0 1 0 ,27 4
10	5 1 0 0 0 1 ,4 1,28 5
12	13 0 0 0 1 0 ,4 4
14	8 0 0 0 1 0 ,25 4
15	2 0 1 0 0 0 ,9 2
16	13 1 0 0 0 0 ,4 1
17	8 0 0 1 0 0 ,5 3
18	12 0 1 0 0 0 ,7 2
21	1 1 0 1 0 1 ,7 3,18 5,19 1
22	17 0 0 1 0 0 ,15 3
24	11 0 1 1 0 0 ,11 2,18 3
28	14 0 0 0 1 0 ,3 4
31	8 0 0 0 1 0 ,1 4
32	2 1 1 0 0 0 ,3 1,31 2
34	5 0 0 0 0 1 ,12 5
35	4 1 0 0 0 0 ,22 1
37	12 0 1 0 0 0 ,11 2
38	3 0 0 1 0 0 ,14 3
39	5 0 0 0 0 1 ,29 5
40	7 0 1 0 0 0 ,30 2
43	15 1 0 0 0 0 ,0 1
44	2 0 1 0 0 0 ,20 2
45	10 1 0 1 0 0 ,7 1,13 3
48	12 0 0 0 1 0 ,17 4
51	10 0 1 0 0 0 ,26 2
52	17 0 0 1 0 0 ,15 3
53	13 0 0 1 0 0 ,4 3
54	14 0 1 0 0 1 ,2 2,24 5
56	3 1 0 2 1 0 ,3 4,5 1,11 3,23 3
57	10 1 0 1 0 0 ,18 3,26 1
58	21 0 0 0 0 1 ,24 5
59	12 0 0 1 0 0 ,11 3
60	10 0 0 1 2 0 ,0 4,26 3,27 4
61	10 0 1 0 1 0 ,11 2,26 4
62	10 0 1 0 0 0 ,13 2
64	14 0 1 0 0 1 ,2 5,24 2
65	17 0 0 0 0 1 ,15 5
66	21 0 0 1 0 0 ,24 3
67	5 0 1 0 0 1 ,16 5,30 2
68	10 0 0 0 0 1 ,13 5
70	12 1 0 0 0 0 ,7 1
72	21 0 1 0 0 0 ,24 2
76	14 1 0 1 0 0 ,2 3,21 1
77	15 0 0 0 1 0 ,21 4
80	15 0 0 1 0 0 ,21 3
81	8 0 1 0 0 0 ,5 2
82	15 0 0 0 0 1 ,21 5
83	14 0 0 0 1 0 ,2 4
84	13 0 0 0 1 0 ,4 4
85	12 0 0 0 1 0 ,7 4
86	15 0 0 0 0 1 ,0 5
87	7 0 0 1 1 0 ,6 3,17 4
88	14 0 0 0 0 1 ,3 5
90	5 0 0 0 1 0 ,8 4
91	8 0 0 0 1 0 ,1 4
92	17 0 1 0 0 0 ,15 2
93	4 0 0 2 1 0 ,6 4,22 3,30 3
94	3 0 0 1 0 0 ,10 3
96	8 1 1 0 0 0 ,5 1,21 2
97	3 1 0 1 0 0 ,0 1,32 3
