0	1 7 4 8 9 12 ,0 4,1 16,2 17,4 5,5 7,6 13,7 8,8 21,9 5,10 13,14 5,15 4,16 9,17 10,19 1,20 15,21 16,22 13,23 12,26 5,28 6
1	1 4 5 5 9 7 ,0 11,2 7,3 8,4 11,5 10,6 11,7 14,12 14,14 1,17 14,18 11,21 7,22 12,23 16,26 8
2	3 4 3 5 12 1 ,2 9,3 8,4 17,5 3,6 13,9 6,13 17,15 14,16 22,17 20,18 9,19 3,22 18,24 5,25 7
3	3 4 5 3 5 4 ,0 11,3 13,4 15,5 7,7 14,9 16,10 21,19 12,20 3,21 9,22 13,23 16,26 7
4	1 9 4 4 4 5 ,0 12,1 13,3 7,6 18,8 5,9 3,13 11,15 16,16 14,18 15,19 4,20 24,22 7,23 3,24 23,25 1,26 22,28 21
5	4 7 3 6 9 8 ,0 11,1 16,4 15,5 7,6 12,7 11,8 12,9 12,10 13,11 15,12 14,13 11,14 14,15 16,16 23,18 6,19 4,20 7,21 9,22 4,25 18,27 15
6	3 8 3 6 5 5 ,1 9,2 6,5 13,6 23,7 20,8 17,11 22,13 5,14 17,16 20,17 18,18 15,19 14,20 9,21 9,23 3,24 3,28 12
7	2 2 5 7 3 7 ,1 13,4 4,5 13,7 18,8 8,9 8,11 22,13 9,15 10,16 20,19 4,21 8,22 21,25 15,26 12,27 2
8	2 1 4 7 4 3 ,0 2,2 2,5 13,6 14,9 23,12 12,13 18,15 12,18 10,19 12,20 11,24 16,25 14,26 10,27 15
9	3 6 6 9 6 6 ,2 9,5 3,6 8,8 7,9 12,12 4,15 12,17 10,18 11,19 12,20 5,21 14,22 10,24 23,25 12,26 8
10	4 5 4 5 6 3 ,2 5,3 9,5 6,7 20,11 15,12 6,14 4,16 14,18 4,20 5,22 7,24 9,25 19,27 21
11	3 6 2 9 2 8 ,0 10,2 22,4 9,5 3,6 23,8 16,9 12,11 6,12 3,13 17,15 14,16 10,18 4,19 12,21 7,22 10,23 9,24 19,25 9,26 7,28 16
12	5 3 6 6 4 5 ,3 5,4 5,6 5,7 9,8 11,10 19,11 11,15 13,16 6,17 8,18 10,19 17,20 12,22 14,27 11
13	5 6 2 2 6 7 ,0 12,1 8,2 6,3 14,4 16,5 19,6 10,7 8,8 11,11 5,13 9,15 13,16 15,17 16,18 10,19 15,26 8
14	5 5 8 9 6 4 ,0 6,2 5,3 6,4 14,5 8,6 6,7 7,8 12,9 11,11 9,12 6,13 7,14 20,15 9,17 11,19 17,20 24,21 7,23 14,24 12,25 5,26 6
15	2 6 13 11 9 7 ,0 2,1 16,4 18,5 19,6 16,7 19,8 18,9 6,10 11,12 4,14 17,15 6,16 9,18 3,21 2,22 13,23 16,24 18,25 12,26 2,27 13,28 21
16	4 6 8 4 3 5 ,0 12,2 14,4 13,5 18,7 18,10 13,12 4,13 15,14 8,15 8,16 9,17 14,20 13,22 11,25 17,26 15
17	3 3 8 3 8 5 ,1 11,3 9,4 6,5 20,6 9,9 12,11 22,12 8,13 21,14 4,16 23,17 4,21 14,22 21,23 9,26 3,28 21
18	2 4 8 2 5 3 ,1 2,3 14,4 11,5 15,6 9,7 14,9 16,13 13,17 12,18 13,19 11,20 7,21 7,24 13,26 14,28 21
19	6 6 3 1 5 5 ,2 10,4 6,5 11,7 9,8 12,13 9,14 20,16 14,17 22,18 12,19 8,20 9,23 17
20	1 9 6 5 10 10 ,0 21,1 1,2 9,3 9,4 18,5 23,6 6,7 13,9 18,10 18,11 11,12 6,13 19,14 7,15 7,16 10,17 9,18 11,19 17,20 7,21 4,22 13,26 6,27 12
21	4 1 7 8 6 8 ,1 4,4 17,6 18,7 9,8 18,9 11,10 18,13 17,14 5,16 13,17 10,18 8,19 17,22 13,24 13,25 7,26 19
22	2 9 5 4 4 2 ,0 12,2 2,4 10,5 3,6 12,7 18,8 2,11 17,13 14,14 14,17 14,18 14,20 17,21 14,23 16,24 13,25 15,27 17,28 16
23	2 4 6 7 8 3 ,0 10,2 6,4 18,5 13,7 2,8 12,9 2,10 10,14 14,16 13,17 14,18 13,20 13,22 13,23 2,25 21,26 12,27 11
24	4 7 7 3 10 5 ,0 20,1 10,2 6,4 15,5 19,6 18,7 7,8 17,10 4,11 4,13 16,15 16,16 24,17 22,18 4,19 9,21 20,22 8,23 16,25 17,26 6,27 18,28 6
25	4 3 9 5 2 5 ,1 8,3 10,4 17,8 24,9 12,10 9,11 22,13 4,14 4,15 16,16 9,17 9,18 10,19 17,21 14,23 10,24 23,25 5
26	3 3 2 8 4 4 ,0 9,1 11,2 22,4 10,6 13,7 3,9 6,10 21,11 22,13 17,16 17,17 6,18 9,21 12,24 11,25 15,26 19
27	2 6 9 5 9 6 ,0 12,1 21,2 22,3 11,4 18,5 23,9 11,10 3,12 12,13 8,14 6,15 13,16 14,17 3,18 2,20 11,21 13,23 13,25 5,27 15,28 6
28	3 2 3 7 5 5 ,0 21,1 6,5 4,6 18,7 4,8 21,10 21,11 18,12 3,13 21,14 17,15 16,16 10,17 22,20 13,21 15,24 13,27 11,28 17
29	2 3 4 7 7 7 ,0 9,2 22,5 9,6 10,9 19,11 15,12 12,15 10,17 13,18 20,19 18,22 18,23 11,24 16,25 19,26 6,27 2,28 16
30	3 2 8 7 6 5 ,0 11,1 16,3 8,5 8,6 18,7 15,9 19,11 3,12 14,14 14,15 10,18 3,19 8,20 15,22 7,23 3,25 22,26 10,27 12,28 6
31	1 9 6 4 10 5 ,0 12,1 13,4 18,5 9,6 12,8 1,10 19,11 3,13 11,14 5,15 9,16 13,17 5,19 12,20 13,25 17,26 9,27 12,28 17
32	2 5 4 7 3 8 ,0 11,2 9,3 13,6 15,7 15,8 4,11 18,14 14,15 9,16 13,17 2,18 10,19 8,20 9,23 9,24 12,26 12,27 12
33	1 4 4 5 4 2 ,0 17,1 9,3 8,6 1,9 5,10 11,13 8,16 15,18 9,23 11,24 3,27 10,28 17
34	2 8 7 4 4 3 ,2 2,4 9,5 7,7 7,9 11,10 3,12 4,17 14,18 10,19 17,20 9,22 14,23 17,24 5,27 11
35	2 6 10 7 4 4 ,0 12,2 18,4 11,5 22,6 9,7 2,9 5,10 13,11 12,12 12,13 13,16 9,17 3,18 13,19 4,20 15,21 11,22 18,23 16,25 10,28 7
36	4 9 8 8 7 9 ,0 20,1 16,3 14,4 18,5 6,6 19,7 14,8 11,9 5,12 12,13 16,14 15,15 10,17 9,18 4,19 17,20 7,21 7,22 4,23 9,25 11,26 6,27 15,28 5
37	1 9 3 6 4 8 ,1 5,2 10,3 23,4 1,5 8,6 1,7 15,8 5,11 11,15 9,16 20,17 1,18 13,19 8,20 1,21 15,23 4,28 10
38	2 3 4 4 6 1 ,0 13,3 16,4 6,6 8,7 2,9 14,12 12,14 17,18 10,19 14,21 6,22 16,26 19,28 12
39	3 7 7 6 3 6 ,1 9,2 14,4 15,5 3,7 21,8 27,9 23,10 11,11 17,12 16,13 14,14 15,16 20,18 11,19 14,20 16,21 15,22 6,25 6,26 13,28 9
40	2 10 7 7 9 9 ,0 21,1 2,2 6,3 9,4 14,5 20,6 9,7 21,8 27,10 13,13 9,14 9,15 11,16 13,17 13,18 20,19 11,20 5,21 12,22 14,23 17,24 18,27 11
41	1 4 6 10 7 9 ,0 11,2 10,3 16,4 12,6 9,7 7,10 6,11 8,12 6,13 19,14 4,16 9,17 1,18 6,19 14,20 17,21 11,22 13,23 8,25 9,28 17
42	2 4 7 5 3 2 ,0 17,2 8,4 12,6 17,8 17,11 15,14 19,16 9,18 10,19 11,21 2,22 4,25 22
43	3 10 3 2 4 6 ,1 8,2 14,4 14,5 3,10 19,12 5,13 14,14 8,15 8,16 13,18 9,19 15,20 5,21 11,22 12,26 22
44	2 6 9 3 4 5 ,1 10,3 7,4 6,6 12,7 7,8 18,9 12,10 6,11 15,13 17,17 15,18 2,20 15,21 4,22 10,23 14,25 18,26 22,27 11
45	4 6 4 6 8 7 ,0 9,1 4,2 8,5 15,6 9,7 15,8 7,9 6,10 13,11 15,13 4,15 16,17 8,22 8,23 8,25 6,27 16,28 20
46	2 6 5 5 5 5 ,0 5,2 8,4 15,7 7,9 10,10 10,12 8,13 15,14 19,15 15,16 10,17 16,18 2,19 22,21 14,23 3,24 23,27 13,28 6
47	2 6 7 4 4 4 ,1 13,4 4,5 2,7 20,11 11,12 12,14 5,15 9,16 13,18 5,20 12,21 9,22 20,23 16,24 19,25 12,28 21
48	3 10 6 0 4 1 ,0 10,2 6,3 13,4 6,5 17,7 3,8 18,9 6,11 7,14 15,16 14,19 14,20 7,21 9,28 17
49	3 8 6 9 5 4 ,1 8,2 5,3 14,4 17,5 13,6 9,7 11,11 15,12 16,13 9,14 7,15 16,16 15,18 6,19 17,20 13,21 15,23 3,24 6,28 17
50	2 3 5 8 7 6 ,2 17,3 8,5 6,6 12,7 20,8 8,9 14,11 12,13 9,15 3,16 13,17 20,18 2,19 22,25 4
51	5 9 4 6 3 9 ,0 11,1 16,2 10,3 16,4 10,6 12,7 7,8 21,9 6,10 13,13 20,15 8,16 22,20 12,22 18,23 8,24 7,27 18,28 5
52	1 6 5 8 8 5 ,1 16,2 18,3 1,4 6,5 18,7 3,8 12,9 18,10 9,12 5,13 24,16 12,17 6,18 6,19 9,20 12,21 7,25 14,26 8,28 7
53	3 2 12 6 6 7 ,0 11,3 3,6 6,7 3,8 18,11 11,12 14,13 13,14 6,15 14,18 8,20 11,22 10,23 7,24 18,25 5,26 8,27 12,28 21
54	5 2 2 7 3 4 ,0 17,2 6,3 13,9 23,10 9,11 15,13 21,14 5,16 20,17 19,19 18,20 9,21 15,22 12
55	2 8 8 7 8 3 ,0 11,3 18,4 19,5 6,6 16,7 5,8 16,9 11,11 2,13 20,14 6,15 9,17 20,19 8,20 15,22 11,23 8,24 9,25 4,27 19,28 17
56	5 6 7 4 7 2 ,2 18,3 13,4 20,6 18,8 5,9 18,10 6,13 8,14 17,15 8,18 14,19 12,21 6,23 16,26 8,27 18
57	1 6 7 6 8 4 ,0 17,1 2,2 18,4 13,8 2,9 11,11 1,12 8,13 24,14 19,15 6,17 20,18 14,19 4,20 24,21 10,22 12,24 7,25 16,26 6,27 10,28 7
58	1 10 4 4 6 3 ,0 12,2 12,3 14,5 22,6 18,7 5,9 1,12 3,13 7,14 6,15 16,17 11,18 14,19 18,20 2,21 15,23 15,24 4
59	6 2 8 9 3 4 ,0 16,1 6,2 18,4 10,5 19,6 18,8 12,9 19,10 8,11 11,12 16,18 7,20 11,22 7,23 16,24 12,27 15
60	2 2 4 3 7 6 ,0 12,2 6,5 19,6 26,7 18,8 12,9 12,10 10,11 2,13 24,17 9,21 12,24 18,27 17
61	2 3 9 6 4 6 ,3 3,5 19,7 20,8 17,10 13,13 11,14 6,15 15,16 17,18 2,19 9,20 15,21 16,23 15,24 5,25 11,26 22
62	3 5 7 9 6 7 ,2 6,4 3,5 15,6 17,7 7,9 11,11 4,13 17,15 16,16 22,17 6,18 11,20 12,21 9,22 8,23 7,25 4,26 9,27 13
63	2 10 4 6 7 3 ,0 11,2 6,3 3,4 15,8 8,9 4,13 7,14 2,15 9,17 17,18 20,19 5,20 15,21 16,22 12,25 15,26 14,27 12,28 12
64	5 4 7 2 4 4 ,0 21,5 22,6 8,7 15,9 6,10 13,11 5,14 9,16 12,18 9,19 16,21 15,23 10,25 16,27 17
65	2 5 7 8 11 8 ,0 11,1 9,2 2,4 18,6 18,7 13,8 4,9 4,12 12,13 8,14 17,16 16,17 17,18 9,19 17,20 16,21 11,22 15,23 16,24 7,25 21,27 13
66	10 2 1 2 4 7 ,1 16,2 11,4 18,5 10,6 23,16 20,18 10,21 14,22 16,23 21,24 13,25 15,28 20
67	2 6 7 5 4 8 ,0 11,1 8,5 18,7 8,8 2,9 5,12 9,13 8,15 12,16 17,17 4,18 14,20 12,21 8,22 15,23 5,24 13,25 18,27 15,28 9
68	2 5 9 6 6 1 ,1 21,2 3,3 2,4 15,5 15,7 16,8 4,9 18,10 18,13 17,14 20,16 13,17 11,22 16,23 10,24 7,25 4
69	1 7 9 4 7 3 ,0 12,3 16,4 1,6 11,9 12,10 19,16 14,18 8,19 5,20 2,21 8,22 11,23 13,24 18,25 9,27 15
70	4 7 4 2 3 3 ,0 12,2 8,3 14,4 4,7 8,9 11,10 9,11 11,13 14,15 13,16 11,24 16,26 14,27 19,28 17
71	7 4 6 3 3 4 ,0 15,4 10,5 20,7 7,9 18,10 13,11 11,14 17,15 12,17 18,18 12,20 15,23 19,24 7,27 15
72	4 6 3 6 8 9 ,0 21,2 9,3 14,4 7,6 6,9 4,10 9,12 14,13 15,14 20,16 20,17 12,20 13,21 12,22 14,23 17,24 6,26 13,27 12,28 12
73	6 7 6 8 8 9 ,0 15,1 8,3 16,4 15,5 20,6 12,7 19,8 7,9 6,10 10,11 18,13 13,14 14,15 9,16 13,17 14,18 16,20 12,21 15,22 7,23 12,25 22,26 7,27 16
74	2 6 11 6 6 3 ,0 15,1 10,2 11,4 5,5 8,6 14,7 16,9 5,10 8,12 12,15 11,16 24,19 8,20 2,22 18,24 19,25 11,26 15,27 19
75	1 8 5 4 7 9 ,0 11,1 13,2 10,4 17,5 20,6 19,7 15,8 12,9 4,10 8,14 17,16 12,18 13,19 9,20 7,21 14,22 13,23 9,24 6,25 16,27 1
76	2 6 1 5 7 6 ,1 6,2 2,3 16,4 15,5 17,7 16,8 12,17 14,18 7,20 3,22 10,24 9,25 10,27 18
77	1 8 7 3 8 9 ,1 13,3 14,4 17,5 15,6 8,7 4,8 18,9 16,10 6,13 17,16 9,17 10,18 9,19 4,20 16,23 10,25 1,26 12,27 15,28 21
78	1 9 3 4 2 5 ,0 11,2 2,3 23,5 8,6 13,7 7,8 8,9 11,11 5,13 21,15 1,17 3,18 12,20 17,21 14,22 4,26 15
79	4 8 4 4 2 4 ,0 9,1 13,3 16,4 4,5 4,6 9,7 9,8 24,9 5,10 4,12 12,13 7,15 8,18 10,19 9,25 22,28 16
80	4 7 7 4 10 6 ,1 16,2 6,3 8,4 13,6 8,7 14,8 10,10 9,13 21,17 15,18 11,19 11,20 11,21 13,23 16,26 6,27 17,28 4
81	1 8 5 4 5 6 ,0 16,2 8,6 12,8 5,9 1,10 10,12 6,14 14,16 9,19 12,20 9,21 7,22 2,23 10,24 18,25 16,27 15,28 20
82	3 6 8 7 7 4 ,2 9,4 10,5 8,6 5,7 11,8 16,9 9,12 9,14 14,15 6,17 12,18 11,19 9,21 7,22 6,23 3,25 9,27 12,28 9
83	3 7 4 4 3 4 ,2 8,4 5,6 16,7 15,11 6,12 8,14 5,15 6,16 9,17 3,18 14,20 16,22 9,24 7,27 13
84	3 7 5 6 6 11 ,0 11,1 21,2 17,3 6,6 19,7 6,8 8,9 5,10 3,11 11,12 8,15 3,16 22,17 8,18 3,20 3,21 11,23 5,24 7,25 16,27 11
85	4 2 6 4 1 6 ,0 11,5 20,6 10,7 20,13 7,14 6,20 15,21 7,22 13,23 15,25 4,26 15,27 10
86	1 6 5 10 9 3 ,1 11,3 14,4 15,5 8,6 9,8 3,9 10,11 6,14 3,15 1,16 22,17 15,18 2,20 3,21 10,22 8,24 6,26 13,28 21
87	3 9 1 4 3 4 ,0 15,1 9,5 3,7 13,11 6,12 12,13 4,14 5,18 6,20 11,22 12,24 11,27 13,28 6
88	3 3 6 7 3 8 ,2 5,3 14,4 5,5 3,7 16,8 12,9 12,11 22,14 17,15 6,16 14,18 11,21 11,22 10,23 19,24 11,25 18,27 15
89	4 2 8 7 6 7 ,2 16,3 14,7 6,8 10,11 11,12 12,13 17,14 9,15 11,16 10,18 9,19 17,20 12,22 16,23 4,25 10
90	1 5 6 7 4 7 ,1 13,2 22,3 8,4 11,6 20,7 14,8 8,9 19,10 5,11 11,13 7,14 14,15 13,16 9,17 1,19 14,22 6,25 11,27 13
91	5 10 4 6 4 4 ,1 16,3 11,4 10,6 5,7 9,8 8,10 6,11 7,12 8,13 19,14 19,16 20,18 13,20 15,21 10,26 14,27 18
92	4 8 1 7 7 6 ,0 21,2 10,3 16,4 13,6 8,7 18,8 8,9 8,10 9,12 5,13 21,15 4,16 24,17 11,18 14,19 12,21 7,25 14,27 12
93	4 4 10 7 11 6 ,0 4,2 17,3 13,4 12,5 11,6 11,7 18,8 5,10 5,11 18,13 8,14 20,15 16,16 13,17 13,18 14,19 4,22 9,23 9,24 18,25 5,26 7,28 12
94	6 3 4 4 10 4 ,2 6,4 7,5 15,6 6,8 12,9 11,15 12,16 6,17 12,18 12,19 18,21 7,22 13,23 10,25 11,26 7,28 10
95	1 9 2 6 3 7 ,2 17,4 3,5 4,6 9,7 1,8 11,9 4,11 8,13 17,17 5,18 9,21 9,22 9,23 13,25 15,27 19,28 6
96	1 5 4 5 4 7 ,3 8,5 11,6 18,7 5,11 17,13 7,14 2,15 16,16 20,17 1,18 3,19 11,22 12,23 14,27 18,28 9
97	2 5 5 6 7 7 ,0 5,1 5,2 17,4 10,5 18,6 11,11 7,13 5,15 16,16 14,17 14,18 2,19 14,23 10,25 16,26 19,27 6
98	5 4 3 9 5 6 ,1 5,2 22,4 9,5 15,6 8,7 9,8 22,9 11,11 11,13 21,14 9,15 10,16 24,17 17,19 9,21 9,22 8,25 5,27 13,28 21
99	3 7 5 3 11 1 ,4 4,5 15,6 16,8 21,9 11,10 9,13 7,14 3,15 16,16 13,17 9,18 4,20 16,21 15,22 7,23 17,27 6,28 20
