0	13 0 0 1 1 0 ,2 4,8 3
1	13 0 0 1 0 0 ,12 3
2	13 0 1 0 0 1 ,8 2,26 5
3	4 0 1 0 0 0 ,9 2
4	14 0 0 0 1 1 ,3 4,31 5
7	16 0 0 0 0 1 ,15 5
8	5 0 0 0 1 0 ,7 4
9	9 0 2 1 0 0 ,0 2,21 3,23 2
11	13 0 1 0 0 1 ,4 2,26 5
12	4 0 0 0 1 0 ,28 4
13	13 0 0 0 0 1 ,12 5
15	8 1 1 1 0 0 ,1 3,14 1,27 2
16	7 0 0 0 1 1 ,13 5,19 4
17	16 0 0 0 1 0 ,16 4
19	8 1 0 2 0 0 ,1 3,18 3,27 1
20	10 1 1 0 1 0 ,15 2,18 1,31 4
21	5 1 0 0 1 0 ,8 1,25 4
22	25 0 0 1 0 0 ,26 3
24	8 0 1 0 0 0 ,1 2
26	15 0 1 0 0 0 ,14 2
27	9 0 0 0 1 0 ,11 4
28	16 0 0 0 1 0 ,0 4
29	1 2 1 0 0 1 ,5 1,13 1,15 5,31 2
30	13 1 0 0 0 1 ,12 1,31 5
32	9 0 0 0 1 0 ,11 4
33	16 0 0 0 1 0 ,16 4
34	14 0 1 0 0 0 ,3 2
35	16 0 0 0 1 0 ,0 4
38	3 0 0 1 0 0 ,32 3
39	3 1 0 0 0 1 ,2 5,20 1
40	15 0 2 0 0 0 ,14 2,21 2
41	6 0 1 0 0 0 ,24 2
43	14 0 1 0 0 0 ,3 2
45	5 1 0 0 0 0 ,7 1
46	4 0 1 0 0 0 ,9 2
47	3 0 0 2 0 0 ,10 3,17 3
48	10 0 0 1 0 0 ,10 3
49	4 0 0 0 2 0 ,22 4,24 4
53	14 0 0 1 0 0 ,27 3
55	10 0 0 0 1 1 ,10 4,26 5
56	22 0 0 0 0 1 ,21 5
57	4 0 0 0 1 0 ,33 4
58	14 0 0 0 0 1 ,3 5
59	13 0 0 2 0 0 ,4 3,29 3
61	16 0 0 0 1 1 ,13 4,21 5
62	3 0 1 1 0 0 ,20 2,29 3
63	16 1 0 1 0 0 ,0 1,16 3
64	16 0 0 1 1 0 ,13 3,29 4
66	13 0 0 0 1 0 ,12 4
68	14 1 0 1 2 0 ,2 3,13 1,21 4,27 4
71	22 0 0 1 0 0 ,21 3
73	2 0 1 0 0 1 ,6 2,26 5
74	16 0 1 0 0 0 ,13 2
75	25 0 0 0 1 0 ,2 4
77	7 0 1 1 0 0 ,18 2,30 3
78	10 0 1 0 2 0 ,4 4,18 4,29 2
79	14 1 0 1 0 1 ,3 1,14 3,16 5
80	13 0 0 0 1 0 ,4 4
81	9 1 0 0 1 1 ,0 5,2 4,23 1
82	15 1 0 1 0 0 ,14 3,15 1
83	13 0 1 0 0 0 ,8 2
84	13 0 0 0 0 1 ,8 5
86	14 1 0 0 0 0 ,27 1
87	14 0 0 1 0 0 ,27 3
88	9 1 0 0 0 0 ,11 1
89	16 0 0 1 0 0 ,15 3
90	19 0 0 1 0 0 ,31 3
94	5 1 0 2 1 0 ,19 3,23 3,25 1,30 4
95	25 0 1 0 0 0 ,26 2
96	9 0 0 1 1 0 ,14 4,23 3
98	25 0 0 0 0 1 ,2 5
99	17 0 0 0 0 1 ,29 5
