0	16 0 0 0 0 1 ,30 5
3	15 1 0 0 1 0 ,21 1,26 4
5	10 0 1 0 0 0 ,4 2
9	4 0 0 2 0 0 ,15 3,25 3
10	18 1 0 0 0 0 ,28 1
11	3 0 0 1 0 0 ,1 3
13	4 1 1 0 0 0 ,17 2,22 1
15	11 0 1 0 1 0 ,7 2,28 4
17	5 0 0 0 0 1 ,23 5
18	6 2 0 1 1 0 ,6 4,7 1,28 1,29 3
25	11 1 0 0 0 0 ,7 1
26	15 0 2 0 0 0 ,13 2,14 2
28	11 0 0 2 0 0 ,12 3,18 3
29	6 0 2 0 1 0 ,8 4,19 2,29 2
30	15 1 0 0 1 0 ,10 4,13 1
31	15 0 1 0 1 1 ,9 5,21 4,30 2
34	10 1 0 0 0 0 ,4 1
35	11 0 2 0 0 1 ,7 2,14 2,26 5
36	7 1 0 1 0 0 ,12 3,17 1
37	15 1 0 0 0 0 ,13 1
38	10 0 1 0 0 1 ,4 2,14 5
39	13 0 0 1 0 0 ,18 3
40	17 0 0 0 0 1 ,10 5
41	4 0 2 1 0 0 ,18 2,22 3,26 2
42	8 0 1 0 0 0 ,24 2
43	5 1 0 0 0 1 ,24 1,27 5
44	10 1 0 0 0 0 ,4 1
45	7 0 0 0 1 0 ,17 4
46	3 0 0 1 1 0 ,5 4,20 3
49	8 0 0 0 0 1 ,16 5
50	6 1 1 0 0 0 ,18 1,19 2
51	16 1 0 0 0 0 ,30 1
52	6 0 1 0 0 0 ,6 2
53	18 0 0 0 1 0 ,8 4
54	6 1 1 0 0 0 ,8 1,19 2
55	21 0 0 0 1 0 ,9 4
57	8 1 1 0 0 0 ,2 2,7 1
60	21 1 0 0 0 0 ,9 1
61	17 0 0 1 0 0 ,10 3
62	4 1 0 0 0 0 ,15 1
63	3 0 1 1 0 1 ,9 3,11 2,13 5
64	11 0 1 0 0 0 ,12 2
65	6 0 1 1 0 0 ,10 3,31 2
66	14 0 0 1 0 1 ,8 3,29 5
67	18 0 0 0 0 1 ,26 5
68	18 0 0 0 0 1 ,28 5
69	8 1 0 1 0 1 ,0 3,10 1,24 5
72	18 0 0 0 1 0 ,28 4
73	8 0 0 2 0 0 ,16 3,21 3
75	17 1 0 0 0 0 ,10 1
77	6 0 1 0 0 0 ,31 2
78	15 0 0 0 0 1 ,21 5
79	11 1 0 0 0 0 ,12 1
81	3 1 0 0 2 1 ,7 4,9 4,11 1,30 5
83	8 0 0 0 1 2 ,0 5,2 5,14 4
84	18 0 0 1 1 0 ,8 3,9 4
85	8 1 1 0 0 0 ,2 1,26 2
87	11 0 1 0 0 0 ,12 2
88	15 0 1 0 0 0 ,21 2
89	6 0 1 0 0 0 ,31 2
90	5 0 0 1 1 1 ,3 5,13 4,14 3
91	16 0 0 1 0 0 ,30 3
92	14 0 0 0 1 0 ,29 4
93	6 0 0 2 0 0 ,8 3,25 3
94	10 0 0 0 1 0 ,4 4
95	13 0 0 0 1 0 ,18 4
97	10 0 2 0 0 0 ,0 2,13 2
98	20 0 0 0 1 0 ,14 4
99	18 0 0 1 0 0 ,28 3
