2	6 0 0 1 1 0 ,7 3,19 4
3	16 1 0 0 0 0 ,10 1
4	18 1 0 0 0 0 ,15 1
5	24 0 0 0 0 1 ,4 5
6	19 0 0 0 2 0 ,1 4,4 4
9	10 0 0 1 0 0 ,7 3
10	19 2 0 0 0 1 ,1 1,3 5,22 1
11	9 0 0 0 1 1 ,24 4,29 5
12	10 0 0 2 0 0 ,8 3,25 3
13	24 0 0 1 0 0 ,4 3
15	9 1 0 0 1 2 ,2 1,4 5,11 4,24 5
16	20 1 0 0 0 0 ,29 1
17	10 0 0 0 0 1 ,16 5
18	16 0 0 0 0 1 ,10 5
21	19 0 0 1 0 0 ,14 3
23	5 1 0 0 1 1 ,12 5,14 4,26 1
24	9 0 0 0 1 0 ,5 4
26	23 0 0 0 1 0 ,3 4
28	19 0 0 0 1 0 ,14 4
30	23 0 0 0 0 1 ,3 5
31	9 0 2 0 0 0 ,9 2,11 2
32	2 1 1 0 0 0 ,14 1,27 2
33	20 0 0 0 1 0 ,29 4
36	2 0 1 0 0 1 ,8 5,21 2
39	10 0 0 0 1 0 ,7 4
41	2 0 1 0 0 2 ,6 5,15 5,18 2
45	5 1 0 0 0 3 ,0 5,2 1,6 5,22 5
46	19 0 0 0 2 0 ,1 4,3 4
47	7 0 0 1 1 0 ,2 4,17 3
49	3 0 2 0 0 1 ,5 5,14 2,23 2
50	7 0 0 1 1 1 ,6 3,10 5,17 4
51	19 0 0 0 0 1 ,14 5
54	19 0 0 0 1 0 ,1 4
56	18 0 0 0 1 0 ,15 4
57	1 1 1 0 0 0 ,8 2,13 1
58	19 1 0 0 1 0 ,4 4,22 1
59	19 0 0 1 0 0 ,22 3
61	19 0 0 1 0 0 ,1 3
62	9 0 0 2 0 1 ,9 3,15 3,20 5
63	6 0 0 2 0 1 ,3 5,6 3,28 3
64	16 0 0 0 0 1 ,10 5
65	10 0 0 0 1 0 ,30 4
71	5 0 0 1 1 0 ,20 3,26 4
72	24 0 0 1 0 0 ,4 3
73	20 0 0 0 0 1 ,29 5
79	9 2 1 0 0 0 ,6 2,9 1,29 1
81	19 0 0 0 2 0 ,22 4,29 4
82	19 0 0 0 0 1 ,22 5
83	15 0 0 1 0 0 ,25 3
85	6 2 0 1 0 0 ,11 1,25 3,28 1
86	6 0 1 1 0 1 ,1 3,2 5,28 2
89	18 0 0 0 0 1 ,15 5
90	7 0 1 0 0 0 ,12 2
91	10 0 0 1 0 0 ,30 3
93	3 1 0 1 2 0 ,2 4,23 1,25 4,30 3
95	11 0 0 0 1 0 ,11 4
96	9 0 0 1 0 0 ,9 3
97	10 0 1 0 0 1 ,16 5,25 2
99	6 0 2 0 0 0 ,19 2,20 2
