0	22 0 0 1 0 0 ,1 3
2	16 0 0 0 1 1 ,1 5,8 4
3	3 0 0 1 0 0 ,5 3
7	24 0 0 0 0 1 ,6 5
8	22 0 0 0 0 1 ,1 5
12	12 0 1 0 0 0 ,14 2
15	10 0 0 1 0 0 ,7 3
16	4 0 0 0 1 0 ,10 4
17	14 0 0 0 1 0 ,2 4
19	10 0 0 0 0 1 ,3 5
22	17 0 0 1 0 0 ,9 3
29	22 0 2 0 0 0 ,1 2,6 2
32	17 0 1 0 1 0 ,1 4,11 2
33	22 0 0 1 0 0 ,1 3
34	17 0 0 1 0 0 ,11 3
35	17 0 0 0 0 1 ,9 5
37	24 0 0 0 1 0 ,6 4
39	12 0 1 0 0 1 ,9 2,14 5
42	4 0 0 1 0 0 ,12 3
44	10 1 0 0 0 1 ,11 5,13 1
45	14 0 1 0 0 0 ,2 2
49	19 0 0 0 0 1 ,0 5
50	6 1 0 0 0 0 ,4 1
51	3 0 0 1 0 0 ,15 3
56	17 0 0 0 1 0 ,11 4
57	10 0 1 0 0 0 ,7 2
59	6 1 0 0 0 1 ,4 5,7 1
61	10 0 1 0 0 1 ,9 2,13 5
62	12 0 0 0 0 1 ,14 5
66	19 0 0 0 0 1 ,0 5
67	10 0 0 0 1 1 ,2 4,3 5
68	19 0 0 0 0 1 ,0 5
73	16 1 1 0 0 0 ,0 2,8 1
76	14 0 1 0 0 0 ,2 2
78	16 0 0 0 1 0 ,8 4
81	19 0 1 0 1 0 ,0 2,6 4
86	10 0 0 0 1 0 ,13 4
87	16 0 0 1 0 0 ,8 3
89	4 1 1 0 0 0 ,2 2,12 1
91	17 0 1 1 0 0 ,9 2,11 3
92	17 0 0 1 0 0 ,9 3
94	24 0 0 0 0 1 ,6 5
96	24 0 0 0 1 0 ,6 4
98	10 0 0 0 1 0 ,7 4
99	16 0 0 0 1 0 ,8 4
