0	12 0 1 0 0 0 ,26 2
1	20 0 0 1 0 0 ,12 3
2	14 0 0 0 0 1 ,31 5
4	15 0 0 0 0 1 ,24 5
6	5 1 1 0 0 0 ,8 2,10 1
7	9 1 0 0 0 0 ,19 1
8	3 1 0 0 0 1 ,18 5,27 1
9	13 0 1 0 1 0 ,7 2,9 4
11	12 0 0 0 1 0 ,4 4
16	5 0 0 0 0 1 ,17 5
17	14 0 0 0 0 1 ,31 5
18	20 0 0 0 1 0 ,16 4
19	6 1 0 0 0 0 ,2 1
21	9 0 0 1 1 0 ,3 3,25 4
22	15 1 0 0 0 0 ,7 1
24	18 1 0 0 0 0 ,29 1
25	12 0 0 0 1 0 ,3 4
26	3 1 0 0 0 1 ,16 5,22 1
29	8 0 0 3 0 0 ,12 3,29 3,33 3
32	23 0 1 0 0 0 ,14 2
34	9 0 0 0 2 2 ,9 5,18 4,32 4,35 5
35	4 0 0 0 1 0 ,23 4
36	15 0 0 0 0 1 ,32 5
38	3 0 1 0 0 0 ,22 2
39	15 0 0 3 0 0 ,10 3,15 3,20 3
40	2 0 1 0 0 0 ,34 2
41	7 0 1 1 0 1 ,0 2,3 5,4 3
42	12 0 0 1 0 0 ,26 3
43	15 0 0 0 0 1 ,7 5
44	15 0 0 0 1 0 ,15 4
45	13 0 0 1 0 0 ,9 3
46	12 0 0 0 1 1 ,26 5,28 4
47	18 0 1 0 0 0 ,29 2
48	4 1 0 0 0 0 ,6 1
49	1 1 0 0 1 0 ,1 1,35 4
50	18 0 0 1 0 0 ,29 3
51	14 1 0 0 0 0 ,31 1
52	23 0 0 0 1 0 ,14 4
53	8 0 1 0 0 1 ,32 2,33 5
55	9 0 0 0 0 2 ,7 5,25 5
56	7 1 1 1 0 0 ,10 3,28 2,30 1
57	4 0 0 0 2 1 ,14 4,21 4,24 5
58	15 0 1 0 0 0 ,7 2
59	3 0 1 0 0 0 ,27 2
61	5 0 0 2 0 0 ,8 3,19 3
63	4 0 1 1 1 0 ,6 3,15 4,26 2
64	20 0 0 0 0 1 ,16 5
67	13 1 0 1 0 0 ,20 1,28 3
68	7 0 0 1 0 2 ,0 5,12 5,30 3
69	13 1 0 0 0 0 ,9 1
70	7 0 1 0 1 0 ,29 4,30 2
71	12 0 0 0 0 2 ,4 5,29 5
72	15 0 0 1 0 0 ,20 3
73	6 0 0 0 0 2 ,2 5,12 5
74	15 1 0 0 0 0 ,10 1
76	15 0 0 0 1 0 ,15 4
77	15 0 0 0 0 1 ,10 5
78	9 0 1 0 0 0 ,19 2
79	7 1 0 0 0 2 ,14 5,24 5,30 1
80	13 0 0 0 1 0 ,18 4
81	1 1 1 0 0 0 ,11 1,12 2
82	13 1 0 0 2 0 ,16 1,28 4,32 4
83	23 0 0 1 0 0 ,14 3
84	9 0 1 1 0 1 ,14 5,19 3,31 2
86	15 0 1 0 0 1 ,12 2,20 5
89	20 0 0 0 0 1 ,16 5
91	15 1 0 0 0 0 ,20 1
92	14 1 0 0 0 0 ,31 1
94	15 0 1 0 0 0 ,10 2
97	4 0 0 0 1 0 ,13 4
98	15 0 1 0 0 0 ,20 2
99	5 0 0 0 0 1 ,5 5
