3	4 0 0 0 1 1 ,10 4,12 5
4	14 0 0 0 0 1 ,13 5
5	9 0 1 0 0 0 ,21 2
8	15 0 1 0 0 0 ,15 2
9	4 0 1 0 0 0 ,16 2
10	9 0 0 1 0 0 ,8 3
11	9 0 0 0 1 0 ,6 4
12	9 1 0 0 0 0 ,21 1
13	9 0 0 0 0 1 ,19 5
14	15 0 0 0 0 1 ,15 5
16	9 0 1 0 0 0 ,17 2
17	16 1 0 0 0 0 ,18 1
18	12 0 1 0 0 0 ,3 2
20	5 0 1 0 0 0 ,7 2
22	12 0 0 1 0 0 ,3 3
23	2 1 1 0 0 0 ,23 1,24 2
24	9 1 1 0 0 0 ,8 2,15 1
25	15 0 0 1 0 0 ,15 3
27	11 0 0 0 0 1 ,4 5
28	6 0 0 1 0 1 ,0 5,17 3
29	17 0 1 0 0 0 ,22 2
32	9 1 1 1 0 0 ,1 3,4 2,21 1
35	9 0 0 0 0 2 ,1 5,6 5
36	9 1 0 0 0 0 ,8 1
37	12 0 1 0 0 0 ,3 2
38	14 0 0 0 1 0 ,13 4
39	14 1 0 0 0 0 ,13 1
40	5 0 0 1 0 0 ,7 3
42	16 0 0 0 0 1 ,18 5
44	14 1 0 0 0 0 ,13 1
45	9 0 1 0 0 0 ,17 2
50	16 1 0 0 0 0 ,1 1
52	8 0 0 1 0 0 ,20 3
53	9 0 1 0 0 1 ,8 2,22 5
54	14 0 0 1 0 0 ,13 3
55	6 1 1 1 0 0 ,5 2,9 3,22 1
56	9 1 0 0 0 0 ,9 1
60	9 1 0 1 0 0 ,17 1,21 3
62	11 1 0 0 0 0 ,4 1
67	9 0 0 1 0 1 ,12 3,18 5
69	12 0 0 1 0 0 ,23 3
71	12 1 0 0 0 1 ,1 1,23 5
72	12 0 0 1 0 0 ,23 3
73	6 1 1 0 0 0 ,5 2,12 1
77	9 0 0 0 0 1 ,9 5
78	6 0 1 0 0 0 ,5 2
79	9 1 0 1 0 0 ,4 3,17 1
81	9 1 0 0 0 0 ,21 1
82	16 0 0 0 1 0 ,1 4
83	9 0 0 0 2 0 ,19 4,22 4
84	2 0 1 0 0 1 ,2 2,14 5
85	9 1 0 0 0 1 ,18 5,21 1
86	4 0 1 0 0 0 ,16 2
89	16 0 0 0 0 1 ,14 5
90	12 0 0 0 0 1 ,3 5
91	16 1 0 0 0 0 ,14 1
92	17 0 0 0 0 1 ,22 5
94	16 0 1 0 0 0 ,1 2
95	9 1 0 0 0 0 ,8 1
96	15 1 0 0 0 0 ,15 1
98	6 1 0 1 0 1 ,0 1,15 3,20 5
99	4 0 0 0 1 1 ,11 4,14 5
