1	11 0 1 0 0 0 ,9 2
3	5 0 0 0 1 1 ,2 4,16 5
4	4 0 1 0 0 0 ,3 2
5	4 0 0 0 1 1 ,8 5,10 4
6	6 0 1 1 0 0 ,0 2,18 3
8	5 0 0 0 2 0 ,0 4,13 4
9	4 2 0 0 1 0 ,1 1,3 1,14 4
10	11 1 0 0 0 0 ,9 1
11	16 1 0 0 0 0 ,17 1
12	15 0 0 1 0 0 ,0 3
13	11 0 1 0 0 0 ,7 2
14	11 0 0 1 0 0 ,7 3
18	19 0 0 0 1 0 ,1 4
19	16 0 0 0 0 1 ,14 5
23	16 0 0 1 0 0 ,17 3
27	5 0 0 0 1 1 ,4 4,11 5
29	14 0 0 0 0 1 ,6 5
30	19 0 0 0 0 1 ,1 5
31	10 0 0 0 1 0 ,5 4
33	15 1 1 0 1 0 ,2 4,4 2,8 1
35	10 0 0 0 0 1 ,5 5
36	19 0 1 0 0 0 ,1 2
40	10 1 0 0 0 0 ,5 1
41	15 0 0 1 1 0 ,8 3,15 4
42	16 1 0 0 0 0 ,14 1
43	15 0 1 0 1 1 ,1 4,2 2,8 5
44	15 0 0 1 0 0 ,0 3
45	11 1 0 0 0 0 ,7 1
46	6 1 0 0 1 0 ,17 4,18 1
48	14 1 0 0 1 0 ,6 1,17 4
53	14 0 0 0 0 2 ,4 5,6 5
55	8 0 0 0 1 0 ,12 4
56	15 0 0 1 0 0 ,0 3
60	17 1 0 0 0 0 ,4 1
61	16 0 0 0 1 0 ,14 4
67	6 0 1 0 0 0 ,18 2
68	11 0 0 0 0 1 ,9 5
71	15 0 0 1 0 0 ,15 3
72	8 0 0 0 1 0 ,12 4
73	21 0 1 0 0 0 ,8 2
75	11 1 0 0 0 0 ,9 1
77	4 2 0 0 0 0 ,3 1,14 1
79	17 0 0 1 0 0 ,4 3
81	15 0 0 0 1 0 ,15 4
85	14 1 1 1 0 0 ,4 2,6 3,14 1
86	11 1 0 0 0 0 ,9 1
89	11 1 0 0 0 0 ,9 1
90	21 0 0 0 0 1 ,8 5
92	5 1 0 0 0 0 ,13 1
94	11 0 0 2 0 0 ,1 3,7 3
96	11 0 1 0 1 0 ,7 2,15 4
97	15 0 0 0 1 1 ,2 5,17 4
