0	5 1 0 0 0 0 ,18 1
1	13 0 1 0 0 1 ,1 5,21 2
2	8 0 1 0 0 0 ,6 2
3	11 0 0 0 0 1 ,16 5
5	9 0 0 1 0 0 ,13 3
6	5 1 0 0 0 1 ,12 1,25 5
7	16 0 0 1 0 0 ,21 3
10	13 0 0 1 0 0 ,31 3
11	13 0 2 0 0 0 ,4 2,31 2
13	15 0 0 1 0 0 ,12 3
14	10 1 0 0 0 1 ,0 5,28 1
17	10 0 0 1 0 0 ,0 3
18	13 0 0 0 1 0 ,31 4
19	11 1 0 0 1 0 ,14 1,21 4
20	14 0 1 1 0 0 ,15 3,29 2
21	8 0 1 2 0 0 ,4 3,19 2,30 3
22	12 1 0 1 0 0 ,4 1,20 3
25	5 0 0 1 0 0 ,18 3
28	9 0 2 0 1 0 ,13 2,28 4,29 2
29	14 0 1 0 0 0 ,29 2
31	5 1 0 0 2 0 ,3 4,17 4,27 1
33	8 0 1 0 0 0 ,6 2
34	11 0 2 0 0 0 ,14 2,31 2
35	13 0 1 1 0 2 ,1 3,2 5,4 2,12 5
36	7 0 0 1 0 0 ,32 3
37	18 0 0 0 1 0 ,30 4
38	16 0 0 0 1 0 ,23 4
40	11 0 1 1 1 1 ,11 5,15 2,16 3,27 4
41	3 0 0 1 0 0 ,24 3
42	8 0 1 0 0 1 ,19 2,30 5
44	11 0 0 0 1 0 ,22 4
47	5 1 0 0 0 0 ,17 1
48	11 0 1 0 0 1 ,1 5,14 2
49	6 0 0 0 1 0 ,5 4
50	5 0 1 0 1 0 ,2 2,9 4
51	10 0 0 0 1 0 ,3 4
52	14 0 0 0 0 1 ,29 5
53	13 0 1 0 0 0 ,28 2
55	16 0 0 0 0 1 ,23 5
56	7 1 0 0 0 1 ,20 1,33 5
57	7 0 3 0 1 0 ,0 2,7 4,20 2,32 2
58	9 1 1 0 0 3 ,10 5,14 1,15 5,27 5,31 2
59	9 0 1 0 1 0 ,10 2,30 4
60	16 0 0 0 0 1 ,21 5
62	15 0 0 1 1 0 ,7 4,12 3
63	5 3 0 0 0 0 ,18 1,22 1,27 1
64	15 0 1 0 0 0 ,7 2
65	11 1 0 1 0 0 ,16 3,21 1
67	13 0 0 0 0 1 ,11 5
69	13 1 0 0 0 0 ,28 1
70	22 0 0 0 0 1 ,15 5
71	11 1 2 0 0 0 ,14 2,15 2,29 1
72	9 1 0 0 0 0 ,13 1
74	15 1 0 0 0 0 ,7 1
75	12 1 0 0 0 0 ,27 1
76	5 0 0 1 1 0 ,4 3,26 4
77	6 0 0 0 3 0 ,8 4,20 4,22 4
78	5 1 0 1 0 0 ,13 3,26 1
79	12 1 1 0 0 0 ,20 2,21 1
81	6 0 1 0 0 0 ,8 2
82	7 0 2 0 1 0 ,19 4,29 2,33 2
83	5 2 0 0 0 0 ,3 1,9 1
84	10 1 1 0 0 0 ,3 1,30 2
85	9 0 1 0 0 0 ,10 2
86	7 0 1 1 0 0 ,4 3,32 2
89	16 0 1 0 0 0 ,23 2
90	15 0 0 0 1 0 ,7 4
91	16 1 0 0 0 0 ,23 1
92	6 0 1 0 0 1 ,5 2,15 5
93	11 0 1 0 0 1 ,2 5,22 2
95	13 0 0 1 0 1 ,11 3,28 5
98	8 0 0 1 1 0 ,6 4,14 3
99	14 0 1 1 1 0 ,2 2,12 3,23 4
