1	14 0 1 0 0 0 ,3 2
6	20 1 0 0 0 0 ,4 1
7	7 0 0 1 2 0 ,1 4,12 4,25 3
8	14 0 0 1 0 1 ,5 3,12 5
9	22 0 0 0 1 0 ,25 4
10	9 0 1 0 0 0 ,20 2
13	11 1 0 0 0 0 ,8 1
14	17 0 0 0 1 0 ,2 4
16	9 0 1 0 0 1 ,7 5,20 2
17	7 1 0 1 0 0 ,3 3,24 1
18	11 0 1 0 0 1 ,8 5,25 2
24	6 0 1 0 0 0 ,17 2
25	16 1 0 0 0 0 ,18 1
27	5 1 1 1 0 0 ,15 3,17 2,26 1
28	5 2 0 0 1 1 ,5 1,11 5,12 1,25 4
30	14 0 0 0 1 0 ,16 4
31	20 0 0 1 0 0 ,4 3
32	7 0 0 1 0 0 ,24 3
34	7 1 0 0 1 0 ,2 4,24 1
35	16 0 0 1 0 0 ,18 3
36	14 0 0 0 0 1 ,5 5
40	4 1 0 0 0 0 ,14 1
42	16 1 0 0 0 0 ,12 1
43	26 0 0 0 0 1 ,15 5
44	4 1 0 0 0 0 ,9 1
47	6 0 2 0 0 0 ,8 2,17 2
49	14 0 0 0 0 1 ,3 5
50	5 0 0 3 0 0 ,1 3,18 3,26 3
52	12 0 0 0 0 1 ,7 5
53	9 0 0 0 0 3 ,4 5,10 5,21 5
55	4 1 0 0 0 0 ,14 1
56	16 0 0 0 0 1 ,12 5
59	2 1 1 0 0 0 ,16 1,27 2
62	11 0 1 0 0 1 ,8 2,18 5
64	11 1 0 0 0 1 ,4 5,8 1
65	9 0 0 1 0 1 ,5 5,20 3
66	6 0 1 1 1 0 ,6 2,21 3,22 4
67	4 0 1 1 0 0 ,6 3,14 2
69	6 0 1 0 0 0 ,22 2
71	5 0 0 0 0 2 ,6 5,19 5
72	10 0 1 1 0 0 ,7 2,10 3
73	14 0 0 1 0 0 ,16 3
74	10 0 1 0 0 0 ,10 2
75	2 1 1 0 0 0 ,21 1,23 2
78	8 0 0 0 1 0 ,13 4
80	17 0 0 0 0 1 ,2 5
81	26 0 0 0 1 0 ,15 4
83	26 0 0 0 0 1 ,15 5
85	20 0 0 1 0 0 ,4 3
87	16 0 0 0 1 0 ,18 4
89	14 0 1 0 0 1 ,16 2,25 5
90	7 0 1 0 0 0 ,24 2
91	17 0 0 0 1 0 ,2 4
92	22 0 0 0 1 1 ,15 5,25 4
93	8 0 1 0 2 0 ,3 4,13 4,20 2
94	4 0 0 1 0 0 ,9 3
95	15 1 0 0 0 0 ,6 1
96	20 0 0 1 0 0 ,4 3
97	3 1 0 1 2 0 ,0 3,15 4,16 4,26 1
99	15 0 0 0 1 0 ,6 4
