1	6 0 1 1 2 0 ,0 2,1 3,3 4,24 4
2	7 0 1 0 0 0 ,33 2
3	8 0 0 0 0 2 ,2 5,25 5
4	13 0 1 0 0 0 ,10 2
5	10 1 1 0 0 0 ,11 2,15 1
6	8 0 1 0 0 0 ,30 2
7	21 0 0 0 0 1 ,12 5
8	12 0 0 0 1 0 ,4 4
10	7 0 0 1 4 1 ,3 4,7 3,11 4,13 4,18 5,25 4
11	17 0 1 0 0 1 ,5 5,32 2
12	12 1 0 0 1 1 ,4 1,5 4,19 5
13	21 0 1 0 0 0 ,11 2
14	10 1 0 1 0 0 ,15 3,19 1
17	12 1 0 0 0 0 ,4 1
18	12 0 1 1 0 0 ,4 2,24 3
19	7 1 0 0 0 0 ,33 1
20	9 0 2 0 0 1 ,6 2,10 5,27 2
21	13 1 0 0 0 1 ,3 1,12 5
22	21 0 0 1 0 0 ,11 3
23	7 0 0 1 0 1 ,2 3,23 5
25	6 1 1 0 0 0 ,7 2,17 1
26	1 1 0 0 0 0 ,9 1
28	7 0 0 1 1 1 ,13 3,20 5,22 4
29	1 1 0 1 0 1 ,25 3,31 1,36 5
30	8 1 0 0 1 0 ,29 4,30 1
31	15 1 0 0 0 0 ,36 1
32	8 0 0 0 0 1 ,21 5
33	6 0 0 0 1 0 ,0 4
34	2 1 0 1 1 1 ,8 3,12 5,14 1,22 4
35	21 0 0 0 1 0 ,12 4
39	9 1 0 1 0 0 ,27 1,29 3
41	6 1 1 0 0 0 ,17 1,19 2
42	2 2 0 0 1 0 ,3 1,4 4,14 1
43	4 1 1 0 1 0 ,6 2,16 4,18 1
45	9 0 0 0 1 0 ,27 4
46	8 1 0 1 0 0 ,7 3,28 1
47	12 0 0 0 1 0 ,6 4
48	14 1 0 0 0 0 ,22 1
49	9 1 2 0 0 1 ,11 5,18 2,20 2,27 1
51	9 1 0 0 0 0 ,27 1
52	13 0 0 1 1 1 ,8 3,11 5,28 4
55	13 0 1 0 0 0 ,8 2
57	6 0 0 0 1 0 ,17 4
58	3 1 0 0 0 0 ,34 1
59	18 0 1 0 1 0 ,24 4,32 2
60	8 0 0 1 1 1 ,10 5,20 4,21 3
61	12 0 0 0 1 0 ,6 4
63	10 1 0 0 0 1 ,15 1,29 5
65	13 0 0 2 1 0 ,18 4,28 3,32 3
66	9 0 0 0 2 1 ,32 5,35 4,36 4
67	17 0 0 0 1 0 ,20 4
69	21 0 0 0 0 1 ,19 5
70	15 0 0 0 0 1 ,36 5
71	7 0 1 0 2 0 ,8 2,19 4,33 4
75	13 0 0 0 0 1 ,28 5
77	12 1 0 0 1 1 ,1 1,5 5,19 4
78	9 0 0 0 0 2 ,24 5,35 5
79	17 0 1 0 0 0 ,20 2
81	21 0 0 0 0 1 ,24 5
82	13 0 1 1 0 0 ,3 2,32 3
83	7 0 1 1 0 1 ,15 5,23 2,25 3
84	21 0 1 0 0 0 ,12 2
87	3 0 2 0 1 0 ,1 4,5 2,34 2
89	13 2 0 0 0 0 ,3 1,10 1
90	17 1 0 0 0 0 ,5 1
92	1 1 0 0 0 1 ,26 1,30 5
94	12 0 0 1 2 0 ,1 4,25 3,29 4
95	14 0 0 0 0 1 ,22 5
96	16 0 0 0 1 0 ,18 4
98	18 0 0 1 0 0 ,32 3
99	13 0 0 1 0 0 ,8 3
