0	7 1 0 0 1 0 ,17 4,29 1
1	8 0 0 0 1 0 ,32 4
2	7 0 0 1 0 1 ,19 5,21 3
4	2 2 1 0 0 0 ,10 1,20 2,23 1
6	14 0 0 0 0 1 ,0 5
8	10 1 0 1 0 0 ,9 1,21 3
10	17 1 0 0 0 0 ,13 1
11	14 0 2 0 0 0 ,16 2,18 2
12	9 0 1 0 0 0 ,27 2
13	5 0 0 1 0 0 ,25 3
14	6 0 0 1 1 0 ,7 4,9 3
15	17 0 0 0 1 0 ,16 4
16	6 0 3 2 0 0 ,8 2,9 2,14 3,26 3,28 2
17	14 0 0 0 1 1 ,10 5,16 4
18	10 0 1 0 0 0 ,17 2
19	8 0 0 1 0 1 ,5 5,31 3
20	10 0 0 1 0 2 ,14 5,22 5,30 3
21	10 0 2 0 0 0 ,10 2,14 2
23	2 0 1 0 1 0 ,12 2,28 4
24	17 0 0 0 1 0 ,13 4
26	10 1 0 0 0 0 ,17 1
28	14 1 0 0 0 0 ,20 1
29	8 0 1 1 0 1 ,20 3,22 5,28 2
32	14 0 1 0 0 1 ,13 5,26 2
33	11 0 1 1 0 0 ,11 2,20 3
35	14 0 0 0 1 0 ,10 4
37	14 0 1 0 0 0 ,20 2
38	6 0 0 0 1 1 ,8 4,27 5
39	8 0 0 0 1 1 ,9 4,31 5
40	12 0 1 1 0 0 ,6 3,18 2
41	3 0 1 0 0 0 ,2 2
42	3 2 0 0 0 0 ,2 1,32 1
43	14 0 0 1 1 0 ,4 4,30 3
44	19 0 0 0 0 1 ,3 5
45	14 0 0 2 0 0 ,16 3,20 3
48	9 0 1 0 0 0 ,27 2
49	10 0 0 1 0 1 ,6 5,17 3
50	10 2 0 0 0 0 ,5 1,6 1
52	2 1 0 0 1 0 ,3 4,23 1
53	7 0 0 1 0 0 ,24 3
54	14 1 1 0 0 0 ,3 1,10 2
56	14 1 0 0 0 1 ,18 1,22 5
57	10 1 0 1 0 0 ,0 1,21 3
58	11 0 1 0 1 1 ,11 4,13 2,30 5
60	7 0 0 0 0 1 ,29 5
62	14 0 1 0 0 0 ,26 2
63	5 1 0 0 0 0 ,33 1
64	14 0 0 1 0 0 ,26 3
65	10 0 0 0 1 0 ,5 4
66	7 1 0 0 0 0 ,19 1
67	9 0 0 2 0 0 ,0 3,1 3
68	14 0 0 1 1 0 ,16 4,18 3
71	11 0 0 0 0 1 ,11 5
72	14 0 0 0 1 1 ,4 4,18 5
74	14 0 0 1 0 0 ,4 3
75	5 3 0 0 0 1 ,1 1,15 5,26 1,33 1
76	10 1 0 0 0 0 ,21 1
77	7 1 0 0 0 0 ,19 1
78	5 1 1 0 0 0 ,6 1,25 2
79	14 0 0 1 0 0 ,26 3
80	13 2 0 0 0 0 ,9 1,18 1
81	13 0 1 0 1 0 ,9 2,30 4
83	9 0 0 0 0 2 ,1 5,3 5
84	5 0 2 1 0 0 ,7 2,22 2,33 3
89	14 0 0 1 0 1 ,4 3,13 5
92	12 1 0 0 0 0 ,6 1
93	7 0 0 0 1 0 ,24 4
95	12 1 0 0 0 1 ,0 5,6 1
97	7 1 0 0 0 0 ,29 1
98	8 0 0 1 0 0 ,32 3
99	19 0 0 0 1 0 ,3 4
