0	7 0 2 0 1 0 ,9 2,10 2,20 4
3	6 0 0 1 0 0 ,1 3
5	11 2 1 0 0 0 ,7 1,20 2,22 1
6	12 0 0 1 0 0 ,11 3
10	13 0 0 0 1 0 ,4 4
11	13 0 1 0 0 0 ,22 2
12	22 0 0 0 0 1 ,19 5
15	8 0 0 1 0 0 ,16 3
16	2 0 1 0 0 0 ,8 2
18	12 0 0 1 0 0 ,17 3
20	11 0 0 1 0 0 ,20 3
21	13 0 0 0 0 1 ,7 5
22	12 0 0 0 1 0 ,5 4
24	5 1 0 0 0 0 ,3 1
25	4 0 0 0 1 0 ,12 4
34	7 0 0 1 0 0 ,18 3
35	10 0 0 1 0 0 ,15 3
36	12 0 0 0 0 1 ,5 5
39	8 0 1 0 0 0 ,13 2
40	12 1 0 0 0 0 ,10 1
41	12 0 0 1 0 0 ,11 3
43	22 0 0 1 0 0 ,19 3
45	7 0 0 0 0 1 ,9 5
46	13 1 0 0 1 0 ,4 1,19 4
47	8 0 0 0 1 0 ,16 4
49	7 0 1 0 2 1 ,0 2,17 4,19 5,21 4
52	7 0 2 0 0 2 ,6 5,10 2,14 5,21 2
57	6 0 0 1 0 0 ,1 3
58	12 1 0 0 0 0 ,21 1
59	10 0 0 0 1 1 ,7 5,15 4
60	13 0 0 0 1 0 ,22 4
61	12 0 0 1 0 1 ,10 5,21 3
66	7 1 0 1 0 0 ,0 1,15 3
67	13 0 0 0 1 0 ,4 4
68	7 0 0 0 1 0 ,18 4
70	12 0 0 0 0 2 ,6 5,17 5
71	12 0 0 0 1 0 ,11 4
72	5 0 0 0 1 0 ,3 4
77	1 1 1 0 0 0 ,2 1,10 2
78	17 0 0 0 0 1 ,6 5
82	7 0 1 0 0 0 ,14 2
84	7 0 2 0 0 0 ,0 2,5 2
85	8 1 0 0 1 0 ,5 1,13 4
88	7 0 2 0 0 0 ,0 2,21 2
89	8 1 1 0 0 0 ,7 1,13 2
90	8 1 0 0 0 0 ,16 1
92	13 1 0 0 0 0 ,7 1
94	22 0 0 0 0 1 ,19 5
95	11 0 2 0 0 0 ,20 2,22 2
96	13 0 1 0 1 0 ,6 2,22 4
97	13 0 0 0 1 0 ,4 4
98	12 0 1 0 0 0 ,11 2
