0	13 0 1 0 0 0 ,16 2
1	12 0 1 0 0 0 ,3 2
2	6 0 0 0 1 0 ,28 4
3	18 1 0 0 0 0 ,36 1
4	12 0 0 1 0 1 ,24 5,37 3
7	17 0 0 0 0 1 ,7 5
8	12 1 0 0 1 0 ,3 4,27 1
9	11 1 0 0 0 0 ,26 1
10	13 0 1 0 0 0 ,37 2
12	15 0 0 0 0 1 ,10 5
13	3 1 0 0 0 2 ,11 1,18 5,19 5
14	13 1 0 0 0 1 ,1 1,4 5
16	10 0 0 0 0 2 ,13 5,21 5
17	6 0 1 0 0 1 ,22 2,32 5
18	13 0 1 0 1 0 ,2 4,7 2
21	5 0 0 0 1 0 ,30 4
23	3 0 0 1 2 0 ,18 4,31 3,33 4
24	13 0 2 0 0 0 ,16 2,36 2
25	2 0 1 0 0 0 ,5 2
26	8 0 0 2 1 0 ,0 3,15 4,17 3
27	13 1 0 0 0 0 ,2 1
28	13 1 0 0 0 0 ,4 1
29	11 1 0 0 0 0 ,26 1
30	7 0 1 0 0 1 ,8 2,14 5
32	16 0 1 1 0 0 ,7 2,18 3
34	3 0 1 0 0 0 ,11 2
35	13 0 0 1 0 0 ,21 3
36	7 1 0 0 2 0 ,8 1,15 4,36 4
37	12 0 1 0 0 0 ,32 2
38	13 1 0 0 0 0 ,21 1
39	13 0 0 0 1 1 ,14 4,37 5
40	24 0 1 0 0 0 ,14 2
42	13 1 0 0 1 0 ,4 4,21 1
44	7 1 3 1 1 0 ,1 2,4 2,8 1,15 4,16 2,19 3
45	12 2 0 0 0 0 ,3 1,35 1
46	5 2 1 0 1 0 ,0 1,27 2,30 1,32 4
47	12 0 0 1 0 0 ,3 3
48	8 1 1 0 0 1 ,23 2,26 5,32 1
49	8 0 1 0 3 0 ,3 2,7 4,20 4,23 4
50	10 0 0 1 0 1 ,24 5,29 3
51	4 0 0 0 1 0 ,6 4
52	10 0 0 1 0 0 ,29 3
53	8 2 1 1 0 0 ,13 1,21 1,23 2,35 3
54	15 0 1 0 0 0 ,1 2
55	8 0 0 0 0 1 ,17 5
56	13 0 2 0 0 0 ,16 2,37 2
57	24 0 0 0 0 1 ,14 5
58	13 1 0 0 0 1 ,7 1,35 5
59	13 1 2 1 0 0 ,2 2,12 3,21 2,37 1
62	7 0 0 1 0 0 ,8 3
65	15 0 1 0 1 1 ,10 2,12 5,36 4
67	16 0 0 0 1 0 ,12 4
68	6 0 0 0 1 0 ,22 4
70	9 0 0 0 1 0 ,20 4
71	6 0 1 0 0 0 ,28 2
72	17 0 0 1 0 0 ,7 3
74	5 0 0 0 0 1 ,9 5
75	9 0 0 0 1 1 ,1 5,25 4
76	16 0 0 0 1 0 ,18 4
77	8 0 0 0 1 0 ,0 4
78	13 0 2 1 0 0 ,15 2,35 3,36 2
79	15 1 0 0 0 0 ,10 1
80	16 0 0 0 1 0 ,27 4
82	11 0 0 1 0 0 ,26 3
83	1 1 0 0 0 0 ,34 1
84	13 1 0 0 0 0 ,16 1
86	13 1 0 0 0 0 ,4 1
87	15 0 0 0 0 2 ,1 5,27 5
88	9 0 0 0 0 1 ,25 5
89	12 0 1 0 0 1 ,14 5,24 2
90	15 0 0 1 1 0 ,10 4,14 3
92	15 0 0 1 0 0 ,10 3
93	11 1 0 0 1 0 ,12 4,26 1
94	13 0 1 0 0 1 ,2 2,36 5
95	10 1 0 0 0 0 ,29 1
96	10 0 0 0 2 0 ,13 4,27 4
97	9 2 0 0 0 0 ,20 1,35 1
98	13 0 0 0 1 0 ,2 4
99	10 0 0 1 1 0 ,16 4,29 3
