3	7 0 0 0 1 1 ,0 5,9 4
5	7 0 0 2 0 0 ,6 3,17 3
6	11 1 0 0 0 0 ,16 1
10	2 0 1 0 0 0 ,10 2
13	15 0 0 0 1 0 ,3 4
19	19 0 0 0 0 1 ,17 5
22	19 0 1 0 0 1 ,0 2,17 5
25	7 0 0 0 0 1 ,13 5
26	15 0 0 0 0 1 ,3 5
27	21 0 0 1 0 0 ,4 3
29	21 0 0 0 0 1 ,4 5
32	19 0 0 1 0 0 ,17 3
34	4 1 1 0 0 0 ,4 1,8 2
36	9 0 0 0 0 1 ,14 5
37	21 0 0 0 0 1 ,4 5
38	7 1 0 1 0 0 ,6 3,17 1
39	9 1 0 0 0 0 ,14 1
40	21 0 0 1 1 0 ,0 3,4 4
42	2 0 1 0 0 0 ,15 2
43	5 0 0 0 0 1 ,5 5
46	4 0 1 0 0 0 ,8 2
47	12 0 1 0 0 1 ,12 5,17 2
48	15 0 1 0 0 0 ,3 2
50	21 0 0 1 0 0 ,4 3
51	11 0 0 0 1 0 ,16 4
52	2 0 1 0 0 0 ,11 2
54	15 0 0 0 1 0 ,3 4
56	7 0 0 2 0 0 ,7 3,9 3
58	11 0 0 1 1 0 ,12 3,16 4
59	9 0 1 0 0 0 ,7 2
61	9 1 0 0 0 0 ,7 1
68	7 1 0 0 0 0 ,6 1
75	9 0 0 1 0 0 ,7 3
79	21 0 0 0 1 0 ,0 4
83	9 0 0 1 0 1 ,0 3,2 5
84	9 1 0 0 0 0 ,2 1
86	7 0 1 0 0 0 ,13 2
88	12 0 0 0 1 0 ,12 4
91	9 0 0 1 0 0 ,2 3
92	11 0 1 0 0 0 ,16 2
94	9 0 1 0 0 0 ,14 2
96	9 1 0 0 0 0 ,14 1
97	21 0 0 0 1 0 ,0 4
98	3 0 0 1 0 0 ,1 3
