0	18 0 0 1 0 0 ,12 3
1	8 0 0 2 0 0 ,21 3,23 3
2	12 1 0 0 0 0 ,8 1
3	9 1 0 0 0 1 ,6 1,12 5
4	7 1 1 0 0 0 ,23 1,27 2
5	10 0 0 0 1 0 ,30 4
6	2 0 1 0 0 0 ,5 2
7	12 0 0 0 1 0 ,2 4
8	7 1 0 1 0 0 ,4 3,16 1
9	25 0 0 1 0 0 ,7 3
10	16 0 0 0 0 1 ,11 5
11	19 0 0 0 1 0 ,4 4
13	7 1 0 0 0 0 ,14 1
14	6 0 1 0 0 0 ,3 2
16	18 1 0 0 0 0 ,18 1
17	18 0 0 0 0 1 ,18 5
18	7 1 0 0 1 0 ,10 4,29 1
19	7 0 0 0 0 1 ,27 5
21	10 0 0 0 1 1 ,18 5,30 4
22	25 0 0 0 1 0 ,7 4
24	10 2 0 0 0 0 ,12 1,30 1
25	8 0 1 0 0 0 ,23 2
26	13 1 0 0 1 0 ,4 4,21 1
27	8 1 0 0 0 0 ,23 1
28	19 1 0 0 0 0 ,4 1
29	1 1 0 0 0 0 ,15 1
30	12 0 0 1 0 0 ,2 3
31	9 0 1 0 0 0 ,22 2
32	6 0 1 0 0 1 ,26 2,29 5
33	10 0 1 1 0 1 ,7 5,24 3,31 2
34	12 0 0 0 1 0 ,8 4
36	3 0 1 1 0 0 ,4 2,20 3
37	7 0 0 0 0 1 ,17 5
40	16 0 0 0 0 1 ,25 5
42	9 0 1 0 0 0 ,22 2
43	6 1 1 1 0 1 ,3 1,6 3,18 2,25 5
45	6 0 1 0 0 0 ,26 2
46	16 1 0 0 0 1 ,7 5,25 1
48	3 0 0 1 0 1 ,0 3,16 5
52	16 0 0 0 0 1 ,11 5
53	7 0 0 1 1 1 ,4 5,14 3,24 4
54	14 0 0 1 0 0 ,10 3
58	6 0 2 0 0 0 ,6 2,26 2
59	18 0 0 0 1 0 ,12 4
60	2 0 1 0 0 0 ,9 2
62	10 0 0 1 0 0 ,31 3
64	18 0 0 0 0 1 ,12 5
65	9 1 0 0 0 1 ,18 5,22 1
67	14 0 1 0 0 0 ,10 2
68	10 1 0 0 0 0 ,31 1
70	4 1 0 0 0 0 ,28 1
71	16 0 0 0 1 0 ,25 4
73	7 1 0 0 0 0 ,29 1
75	7 0 0 1 0 0 ,13 3
77	14 0 0 0 0 1 ,10 5
78	7 1 1 0 0 0 ,13 2,30 1
80	4 0 0 1 0 0 ,28 3
81	13 0 0 0 1 0 ,21 4
82	8 0 0 0 0 1 ,19 5
83	9 0 0 1 0 0 ,6 3
85	8 0 0 1 0 1 ,2 5,19 3
86	11 0 0 0 1 0 ,24 4
88	7 2 1 0 0 0 ,13 2,16 1,23 1
89	7 0 1 0 1 1 ,8 5,17 2,21 4
90	12 0 1 0 0 0 ,8 2
91	16 0 1 0 0 0 ,11 2
94	7 1 0 1 1 0 ,14 3,21 1,22 4
95	16 1 0 0 0 0 ,25 1
97	1 1 0 1 1 0 ,1 1,3 3,7 4
99	10 0 0 0 3 0 ,7 4,11 4,31 4
