0	23 0 0 0 0 1 ,19 5
1	10 0 0 1 0 0 ,4 3
3	9 0 1 0 1 0 ,0 4,22 2
6	10 1 1 0 0 0 ,4 2,24 1
8	16 0 0 0 0 1 ,8 5
9	11 1 1 0 1 0 ,7 2,24 4,25 1
10	11 0 0 1 0 0 ,24 3
11	11 1 0 1 0 0 ,24 1,31 3
12	9 1 0 0 0 0 ,22 1
13	8 0 1 0 0 0 ,21 2
14	7 0 1 2 0 0 ,10 3,20 3,29 2
15	20 0 0 0 1 0 ,0 4
16	17 0 0 1 0 0 ,5 3
18	5 1 0 0 2 1 ,12 1,14 4,16 4,19 5
19	13 0 0 1 0 0 ,1 3
20	9 1 0 0 0 1 ,22 1,31 5
21	13 0 0 0 1 1 ,1 5,27 4
23	8 0 1 0 0 1 ,19 2,21 5
24	9 0 2 0 1 0 ,0 2,9 4,13 2
26	19 0 0 0 1 0 ,16 4
27	18 0 1 0 0 1 ,3 2,31 5
29	11 0 0 0 1 1 ,13 5,19 4
30	7 1 0 1 0 0 ,4 1,10 3
31	17 0 1 0 0 1 ,3 5,5 2
32	9 0 0 0 1 0 ,29 4
33	6 0 2 0 0 0 ,2 2,8 2
35	4 2 0 1 0 0 ,7 1,8 3,18 1
38	3 0 0 1 0 0 ,17 3
39	17 0 0 0 1 0 ,5 4
40	8 2 0 2 0 0 ,7 3,16 1,21 1,27 3
41	4 2 0 0 1 0 ,6 4,10 1,27 1
42	22 0 0 0 1 0 ,3 4
43	1 2 0 0 0 0 ,9 1,28 1
49	12 0 0 0 1 0 ,14 4
50	11 0 0 1 0 1 ,20 5,25 3
52	5 0 0 0 2 0 ,3 4,12 4
55	17 0 0 1 0 0 ,5 3
56	16 0 0 1 0 0 ,8 3
57	12 0 0 0 1 0 ,25 4
60	1 2 0 0 0 0 ,4 1,32 1
61	15 0 1 0 0 0 ,27 2
63	18 0 0 0 1 0 ,31 4
65	11 0 1 1 0 1 ,1 2,20 3,27 5
66	19 0 0 0 0 1 ,16 5
67	3 0 1 1 0 0 ,3 2,26 3
70	10 0 1 0 0 0 ,4 2
71	12 0 0 0 1 1 ,3 5,14 4
72	15 0 0 0 0 1 ,7 5
74	13 1 0 1 0 0 ,1 3,31 1
75	6 0 0 0 1 1 ,2 4,19 5
78	15 0 1 1 0 0 ,0 3,7 2
79	11 0 0 0 1 0 ,13 4
80	10 1 0 0 1 0 ,0 4,4 1
81	6 1 0 1 0 0 ,23 3,25 1
83	6 0 0 1 0 0 ,23 3
84	9 0 0 1 0 0 ,29 3
85	15 0 2 0 0 0 ,5 2,7 2
87	4 1 0 0 0 0 ,18 1
88	9 0 0 1 0 0 ,9 3
89	4 0 0 1 1 0 ,8 3,11 4
91	4 0 1 0 0 0 ,18 2
92	9 0 0 0 0 1 ,22 5
93	12 1 0 1 0 0 ,5 3,25 1
94	11 0 2 0 0 1 ,16 5,19 2,24 2
96	20 0 0 1 0 0 ,0 3
98	4 1 1 0 1 0 ,9 1,25 2,30 4
99	5 0 0 0 0 1 ,15 5
