1	17 1 0 0 0 0 ,6 1
2	7 1 0 0 0 1 ,5 1,25 5
3	10 0 0 1 0 0 ,11 3
5	8 1 0 1 0 0 ,3 1,20 3
7	14 0 0 0 0 1 ,27 5
8	14 0 0 0 1 0 ,13 4
9	6 1 1 0 0 1 ,23 5,24 2,31 1
10	13 0 0 1 0 0 ,36 3
12	12 0 1 0 0 0 ,8 2
13	12 0 2 0 0 1 ,0 2,9 5,38 2
14	17 1 0 0 0 0 ,6 1
15	6 0 0 1 0 1 ,15 5,17 3
16	18 0 0 0 0 1 ,10 5
17	13 1 0 2 0 0 ,21 3,24 1,36 3
18	11 3 1 0 1 1 ,2 1,4 1,19 4,20 1,27 5,36 2
19	12 0 0 0 1 0 ,8 4
21	14 0 0 1 0 0 ,4 3
22	15 0 0 1 2 0 ,21 4,23 4,24 3
23	12 0 0 1 1 1 ,6 4,37 5,38 3
24	18 0 0 0 1 0 ,10 4
26	28 0 0 0 0 1 ,23 5
27	15 0 0 1 1 1 ,9 3,23 4,24 5
28	12 1 0 0 0 0 ,8 1
29	9 1 0 0 0 3 ,0 5,14 5,16 1,35 5
30	12 0 0 0 1 0 ,8 4
33	14 2 0 0 0 1 ,10 1,15 5,26 1
35	7 0 0 0 1 0 ,33 4
36	14 0 1 0 0 0 ,0 2
37	14 0 1 0 0 0 ,27 2
38	13 0 0 0 0 2 ,2 5,36 5
39	14 0 0 0 0 1 ,13 5
41	4 0 1 0 0 2 ,1 5,23 5,28 2
43	6 1 1 3 1 0 ,12 3,16 2,19 4,29 3,38 1,39 3
44	13 0 0 1 0 0 ,5 3
45	20 0 0 0 1 0 ,9 4
48	10 0 0 0 2 0 ,13 4,32 4
49	13 0 0 0 1 0 ,5 4
52	14 1 0 0 0 1 ,0 1,4 5
53	7 0 0 1 0 0 ,33 3
54	12 0 1 1 1 0 ,4 3,7 4,38 2
55	14 0 0 0 1 0 ,0 4
56	11 3 0 0 1 1 ,12 1,13 1,19 4,20 1,30 5
57	16 0 1 0 0 0 ,12 2
58	10 0 0 1 0 0 ,11 3
59	8 0 0 0 1 0 ,3 4
60	2 0 1 0 2 0 ,7 4,14 4,18 2
63	16 0 0 0 0 1 ,12 5
64	4 0 1 0 0 1 ,28 2,32 5
65	18 0 0 1 0 0 ,10 3
66	4 1 0 0 1 0 ,22 4,32 1
67	7 1 1 0 0 1 ,2 5,6 2,25 1
68	14 0 1 0 1 0 ,4 2,24 4
69	13 0 0 1 0 0 ,37 3
70	9 1 1 0 1 1 ,6 5,9 2,16 1,19 4
71	13 1 0 0 0 0 ,14 1
72	7 2 0 0 0 0 ,25 1,37 1
73	15 0 0 0 2 0 ,2 4,6 4
74	16 0 1 0 0 0 ,12 2
75	10 1 0 0 1 0 ,11 4,21 1
76	6 1 1 0 0 1 ,1 1,14 2,31 5
77	13 1 1 0 0 1 ,14 1,19 2,21 5
78	9 0 0 0 1 2 ,5 5,15 4,16 5
79	6 0 1 1 1 1 ,7 4,9 2,17 3,26 5
80	12 1 0 0 1 0 ,8 1,26 4
82	14 0 1 0 0 0 ,27 2
84	16 0 0 1 0 1 ,21 3,23 5
86	4 0 0 0 1 0 ,34 4
88	8 0 0 2 0 0 ,3 3,30 3
89	6 0 0 1 1 0 ,38 4,39 3
90	11 0 2 1 0 0 ,12 3,19 2,20 2
92	8 0 0 0 1 2 ,7 5,29 5,35 4
94	20 0 0 0 1 0 ,9 4
95	11 1 0 0 0 0 ,20 1
96	11 0 0 1 0 0 ,30 3
98	15 0 0 0 0 1 ,26 5
99	11 0 0 1 1 1 ,10 5,20 3,37 4
