0	18 0 0 0 1 1 ,9 5,29 4
2	13 0 0 1 0 1 ,14 5,24 3
3	14 0 1 0 0 0 ,21 2
4	8 0 1 0 0 1 ,11 2,13 5
8	7 0 0 1 0 0 ,1 3
9	13 0 1 0 0 1 ,4 5,19 2
10	22 0 0 0 0 1 ,9 5
11	22 1 0 0 0 0 ,9 1
12	9 0 0 1 0 0 ,16 3
13	6 1 1 0 0 0 ,6 1,11 2
14	7 1 0 3 0 0 ,1 1,11 3,14 3,28 3
15	14 0 0 1 0 0 ,21 3
16	7 1 0 0 0 0 ,1 1
20	15 0 0 1 0 0 ,15 3
21	1 2 0 1 0 2 ,7 5,16 5,28 3,29 1,31 1
23	7 1 0 0 0 0 ,1 1
24	17 0 0 1 0 0 ,4 3
26	6 0 0 0 0 1 ,6 5
27	5 0 0 3 0 0 ,4 3,17 3,22 3
28	11 0 0 0 1 0 ,11 4
29	5 0 0 1 0 0 ,3 3
30	9 0 0 0 0 1 ,8 5
31	19 0 1 0 0 0 ,17 2
32	15 0 0 1 0 2 ,0 5,24 5,26 3
33	9 0 1 0 1 1 ,8 4,26 5,27 2
34	17 0 0 0 0 1 ,18 5
37	13 0 0 0 2 0 ,5 4,30 4
38	17 0 0 0 1 0 ,4 4
39	15 1 0 1 1 0 ,2 3,26 1,28 4
41	13 0 2 1 1 1 ,0 2,5 5,9 3,24 4,30 2
42	18 0 0 0 0 1 ,29 5
44	11 0 0 0 1 0 ,27 4
45	18 0 0 0 1 0 ,5 4
46	15 0 0 0 0 1 ,26 5
47	19 0 0 0 1 0 ,17 4
49	13 0 0 0 0 1 ,14 5
50	13 0 0 1 1 1 ,9 4,19 5,21 3
51	15 0 0 0 0 1 ,15 5
52	17 0 0 0 1 0 ,18 4
53	18 1 0 0 0 0 ,28 1
54	18 1 0 0 1 0 ,5 1,9 4
55	17 0 0 1 0 0 ,18 3
59	13 0 0 0 1 0 ,30 4
62	13 1 0 0 0 0 ,19 1
63	8 1 0 1 0 2 ,13 3,17 5,24 5,27 1
66	9 1 0 0 0 0 ,16 1
69	2 0 2 0 0 0 ,4 2,10 2
70	3 0 0 1 0 0 ,20 3
72	16 0 0 0 1 0 ,2 4
73	15 0 0 1 0 1 ,15 3,24 5
75	18 1 0 0 0 0 ,5 1
76	1 1 0 0 1 0 ,25 1,27 4
77	5 0 1 0 1 1 ,12 4,17 5,22 2
79	16 0 0 0 0 2 ,0 5,28 5
81	14 1 1 0 0 0 ,21 1,28 2
83	15 0 0 0 1 0 ,15 4
85	4 0 0 1 1 2 ,0 3,2 5,18 5,23 4
87	18 0 0 0 0 1 ,29 5
88	16 0 0 1 0 0 ,2 3
91	15 1 0 0 0 0 ,26 1
92	18 0 0 2 0 0 ,5 3,29 3
95	5 0 1 0 0 1 ,3 2,21 5
97	13 0 0 1 0 0 ,30 3
98	7 1 0 0 0 0 ,1 1
99	8 2 0 0 1 1 ,0 1,2 1,12 4,19 5
