1	15 0 0 0 0 1 ,1 5
2	10 0 0 1 1 0 ,12 4,17 3
4	9 0 0 1 1 0 ,10 4,22 3
7	10 0 1 0 0 0 ,12 2
13	13 0 0 0 0 1 ,27 5
15	4 0 0 1 2 0 ,2 3,10 4,23 4
16	13 0 0 0 1 0 ,27 4
19	6 0 1 0 0 0 ,5 2
20	4 0 0 0 1 0 ,21 4
21	16 1 0 0 0 0 ,2 1
23	21 0 0 1 0 0 ,26 3
26	1 1 0 1 0 0 ,3 3,15 1
27	14 0 0 0 0 1 ,20 5
29	14 0 0 0 1 0 ,20 4
30	5 1 0 0 1 0 ,18 4,20 1
32	14 0 0 0 2 0 ,11 4,20 4
36	11 0 0 0 1 0 ,17 4
38	9 0 0 0 0 1 ,14 5
40	11 0 1 0 0 0 ,17 2
46	3 0 1 0 0 1 ,6 2,26 5
49	10 0 0 1 0 0 ,0 3
50	11 1 0 0 0 0 ,17 1
51	4 0 0 0 1 0 ,16 4
52	1 1 0 0 0 0 ,19 1
53	15 1 0 0 0 0 ,1 1
54	17 0 0 1 0 1 ,10 3,11 5
56	21 0 0 1 0 0 ,26 3
58	9 1 0 1 0 0 ,17 1,25 3
61	18 0 0 0 1 0 ,11 4
62	4 1 0 0 0 0 ,13 1
63	4 1 1 0 0 1 ,1 5,9 2,22 1
64	9 0 1 1 0 1 ,0 5,10 2,25 3
65	6 1 0 0 1 0 ,5 4,25 1
66	3 1 0 0 1 0 ,3 4,6 1
67	10 0 0 1 0 1 ,11 5,12 3
69	8 1 0 0 0 0 ,8 1
74	8 0 0 0 1 0 ,8 4
75	5 1 0 1 0 0 ,2 3,18 1
76	9 1 0 0 2 0 ,1 1,22 4,26 4
77	4 0 0 0 1 0 ,7 4
79	4 0 0 1 0 0 ,13 3
80	10 1 0 0 0 0 ,12 1
81	6 1 0 0 0 0 ,4 1
82	9 0 2 1 0 0 ,3 2,10 2,26 3
83	9 2 0 0 0 0 ,22 1,27 1
84	8 0 0 1 0 0 ,8 3
85	15 0 1 2 0 0 ,1 3,10 2,26 3
87	16 0 0 0 0 1 ,2 5
90	13 0 0 1 0 0 ,27 3
92	16 0 0 0 1 0 ,2 4
95	5 0 0 0 1 1 ,14 4,24 5
97	6 0 1 0 1 0 ,4 4,25 2
98	6 1 1 0 0 0 ,0 2,4 1
99	4 0 1 0 0 0 ,9 2
