0	10 0 1 0 1 0 ,0 4,4 2
1	18 0 0 0 0 1 ,15 5
2	15 0 1 1 0 0 ,3 2,26 3
3	7 0 0 0 1 0 ,25 4
5	16 1 0 0 1 1 ,7 5,18 4,29 1
6	10 0 0 2 0 0 ,7 3,22 3
8	5 1 0 1 0 0 ,15 1,20 3
11	21 0 0 0 0 1 ,34 5
12	10 1 0 1 0 0 ,15 3,31 1
13	8 0 0 1 1 0 ,7 4,17 3
14	8 0 0 2 1 0 ,5 3,9 4,39 3
15	14 0 0 1 0 0 ,28 3
16	9 0 1 0 1 0 ,6 2,27 4
17	19 0 0 0 1 0 ,37 4
18	8 0 0 0 1 1 ,8 5,12 4
19	16 1 0 0 0 0 ,29 1
20	16 0 0 1 0 1 ,27 3,39 5
22	21 0 1 0 0 0 ,34 2
23	16 0 1 0 0 0 ,29 2
25	4 1 1 2 2 0 ,0 1,3 4,14 2,18 3,29 4,35 3
26	19 0 0 0 0 1 ,37 5
27	5 2 1 0 1 0 ,7 4,12 1,20 2,34 1
28	16 1 0 0 0 0 ,39 1
30	6 0 1 3 0 0 ,5 2,23 3,25 3,38 3
32	19 0 0 1 0 0 ,37 3
34	8 0 0 1 1 0 ,1 4,5 3
35	22 0 0 0 1 0 ,12 4
36	16 0 0 2 1 1 ,0 5,15 3,32 3,34 4
37	10 0 0 1 2 0 ,12 4,23 4,26 3
38	10 2 0 0 2 0 ,11 4,12 4,21 1,31 1
39	18 0 0 0 0 1 ,15 5
40	16 0 1 0 0 0 ,39 2
41	21 0 0 0 0 1 ,34 5
42	13 1 0 1 1 0 ,11 4,15 1,21 3
43	7 1 0 0 0 0 ,30 1
44	7 0 1 1 0 0 ,23 3,30 2
45	11 1 0 0 1 1 ,3 4,10 1,13 5
46	18 1 0 0 0 0 ,24 1
47	19 0 0 0 0 1 ,37 5
48	6 0 1 1 0 1 ,9 5,27 2,38 3
49	10 0 1 0 0 0 ,22 2
50	18 0 1 1 0 0 ,11 2,27 3
51	14 0 0 2 0 0 ,28 3,32 3
52	8 0 0 2 0 1 ,4 3,8 3,26 5
53	10 0 0 2 0 1 ,18 5,31 3,32 3
54	13 1 0 0 0 0 ,33 1
56	6 0 1 0 3 0 ,2 4,3 4,10 4,28 2
57	14 0 2 0 1 0 ,11 2,13 4,28 2
58	10 0 0 0 0 3 ,0 5,4 5,10 5
61	10 0 1 1 0 0 ,1 2,7 3
63	10 0 0 0 1 1 ,21 4,22 5
64	13 0 0 1 0 3 ,12 5,24 3,33 5,39 5
65	16 0 0 1 1 0 ,32 3,34 4
66	13 0 1 0 1 0 ,24 2,33 4
68	8 0 0 0 2 1 ,17 4,24 5,27 4
69	9 0 2 0 1 0 ,6 2,9 4,27 2
70	4 3 0 0 2 0 ,3 1,21 1,30 4,32 4,35 1
71	14 0 0 0 1 0 ,28 4
72	10 1 0 0 0 1 ,1 1,11 5
73	7 0 0 0 1 0 ,14 4
74	6 0 1 0 1 0 ,2 2,26 4
76	9 0 0 0 0 2 ,6 5,13 5
77	13 0 1 0 0 0 ,21 2
78	4 0 0 0 1 0 ,19 4
80	10 0 0 2 0 0 ,1 3,33 3
82	1 1 1 0 0 0 ,21 2,36 1
83	16 0 1 1 0 0 ,29 3,37 2
86	18 0 1 1 0 0 ,11 3,18 2
87	8 1 0 0 0 0 ,17 1
88	5 0 0 0 0 1 ,16 5
89	18 0 0 1 0 0 ,26 3
90	17 0 1 0 0 1 ,0 2,24 5
93	18 0 0 0 1 0 ,18 4
94	18 0 1 0 0 0 ,24 2
95	18 0 0 0 0 1 ,9 5
96	7 1 0 0 0 2 ,14 1,29 5,31 5
97	11 1 0 0 0 0 ,10 1
