0	12 0 0 1 0 2 ,2 5,4 5,14 3
3	14 0 0 1 0 0 ,11 3
4	6 1 1 0 1 1 ,9 2,14 1,30 4,34 5
5	12 0 0 1 0 0 ,32 3
6	3 0 1 1 0 0 ,5 3,34 2
10	5 0 1 0 0 0 ,33 2
12	6 0 0 0 0 3 ,17 5,23 5,29 5
13	17 0 0 1 0 0 ,16 3
14	4 1 0 0 0 2 ,15 5,28 1,34 5
17	12 0 0 0 2 0 ,4 4,11 4
18	14 0 1 0 0 0 ,2 2
19	22 0 0 0 1 0 ,18 4
21	14 0 0 1 0 0 ,13 3
22	18 0 0 1 0 1 ,6 3,12 5
23	12 0 0 1 2 0 ,2 3,7 4,27 4
24	5 2 0 0 2 1 ,3 4,6 4,9 5,17 1,20 1
25	23 0 0 0 1 1 ,12 4,34 5
26	4 0 0 1 0 0 ,28 3
27	13 0 2 0 0 0 ,12 2,19 2
29	5 1 0 0 0 0 ,20 1
30	1 1 0 0 1 0 ,18 4,21 1
31	12 1 0 0 0 0 ,32 1
33	13 0 0 1 1 0 ,6 4,19 3
34	8 0 0 0 0 1 ,24 5
35	4 0 0 0 2 0 ,16 4,31 4
37	12 1 0 0 1 0 ,10 4,32 1
38	14 0 0 1 0 0 ,29 3
39	3 0 2 1 1 0 ,6 4,8 3,11 2,30 2
41	12 1 0 0 2 0 ,10 1,16 4,27 4
43	11 0 0 0 0 1 ,22 5
44	10 0 0 1 0 0 ,17 3
45	12 0 0 1 1 0 ,7 3,9 4
46	12 0 0 0 0 1 ,32 5
47	14 1 0 0 0 0 ,2 1
48	11 2 1 0 0 1 ,4 1,22 1,25 5,29 2
50	8 1 1 0 0 0 ,9 1,24 2
51	14 0 1 0 0 0 ,11 2
53	11 0 0 0 1 1 ,18 5,22 4
54	22 0 0 1 0 1 ,12 5,18 3
55	5 0 0 1 0 3 ,10 5,26 5,33 3,34 5
56	6 1 1 0 0 0 ,7 2,23 1
58	8 1 0 0 0 0 ,24 1
59	11 1 1 0 0 1 ,3 5,7 2,22 1
61	12 0 1 0 0 0 ,4 2
62	18 1 0 0 0 0 ,6 1
64	5 0 0 2 0 0 ,20 3,34 3
65	23 0 1 0 0 0 ,12 2
66	18 1 0 0 0 0 ,14 1
67	12 2 0 0 0 0 ,7 1,32 1
68	19 0 0 1 0 0 ,10 3
69	12 1 0 0 1 2 ,10 5,16 5,19 1,27 4
70	13 0 0 0 1 0 ,25 4
71	4 1 0 0 1 1 ,1 4,12 5,15 1
73	14 0 0 1 0 0 ,2 3
74	13 1 0 0 0 0 ,19 1
75	14 0 1 0 0 0 ,13 2
76	14 1 0 1 0 0 ,10 1,29 3
77	14 0 1 1 0 0 ,13 2,14 3
78	13 0 0 0 1 0 ,25 4
79	2 0 2 0 0 1 ,0 2,6 2,26 5
80	14 0 1 0 1 0 ,3 4,13 2
83	13 0 1 0 1 0 ,18 4,26 2
84	13 1 0 0 0 0 ,26 1
86	14 2 0 0 0 0 ,16 1,29 1
87	18 0 0 0 0 1 ,14 5
90	14 0 1 0 0 0 ,13 2
94	10 2 0 0 0 0 ,17 1,32 1
96	13 1 0 0 1 0 ,3 4,19 1
97	18 0 0 0 0 1 ,14 5
98	13 0 0 2 0 1 ,11 3,13 3,19 5
99	22 0 1 0 0 0 ,18 2
