0	5 0 0 1 0 0 ,11 3
2	15 0 1 1 0 0 ,1 2,28 3
4	4 1 0 0 1 0 ,25 4,27 1
6	4 0 0 0 2 0 ,3 4,26 4
7	9 1 0 0 0 0 ,23 1
9	16 0 1 0 0 0 ,26 2
10	6 0 0 0 1 1 ,4 4,30 5
11	8 1 0 0 1 0 ,8 1,9 4
12	7 1 0 1 0 0 ,20 3,24 1
13	11 0 0 0 1 0 ,13 4
14	10 0 0 1 0 0 ,5 3
17	15 0 2 0 0 0 ,4 2,26 2
18	16 0 0 0 0 1 ,26 5
20	9 0 0 2 0 0 ,4 3,23 3
21	17 0 0 1 0 0 ,9 3
22	10 0 0 1 0 0 ,25 3
24	4 1 2 0 0 0 ,16 2,22 2,28 1
25	15 0 0 0 1 0 ,1 4
26	10 1 0 1 0 0 ,5 3,25 1
28	8 1 0 0 0 1 ,0 5,8 1
29	1 1 1 0 1 0 ,6 2,19 4,29 1
30	9 1 0 0 0 0 ,23 1
32	8 0 0 1 0 0 ,19 3
33	11 0 1 0 0 0 ,21 2
34	13 0 0 1 1 0 ,10 3,24 4
35	8 1 0 0 0 0 ,8 1
36	14 0 0 0 0 1 ,17 5
40	13 0 0 1 0 0 ,24 3
41	15 0 0 0 1 0 ,1 4
44	5 0 1 1 0 0 ,10 3,11 2
45	7 2 0 0 0 0 ,1 1,20 1
46	10 0 1 0 0 0 ,25 2
47	8 1 0 0 0 0 ,8 1
48	15 1 0 0 0 0 ,1 1
50	7 1 0 0 0 0 ,14 1
51	10 2 0 0 0 0 ,5 1,24 1
53	11 0 1 1 0 0 ,7 3,21 2
56	6 1 0 0 0 1 ,9 5,30 1
57	2 1 0 0 0 0 ,12 1
58	8 0 1 0 0 0 ,15 2
59	11 0 1 0 1 0 ,7 2,28 4
60	15 1 0 0 0 0 ,4 1
61	11 0 0 0 1 0 ,13 4
62	4 1 2 0 0 1 ,10 5,16 2,19 1,26 2
64	11 1 1 0 1 1 ,7 4,21 2,26 1,28 5
65	5 0 0 0 1 1 ,21 4,31 5
67	8 0 0 1 0 0 ,15 3
69	8 1 1 0 1 0 ,8 4,9 1,22 2
70	2 1 0 0 0 0 ,18 1
71	17 0 0 0 1 0 ,28 4
73	11 0 1 2 0 0 ,1 3,7 2,22 3
74	10 0 0 0 0 1 ,0 5
75	3 0 0 1 0 0 ,2 3
76	7 0 1 0 1 1 ,4 5,20 2,23 4
78	8 1 0 3 0 0 ,5 3,13 3,15 3,21 1
79	7 1 0 0 0 0 ,20 1
82	17 0 0 0 1 0 ,9 4
83	14 0 0 0 1 0 ,17 4
84	7 0 0 1 2 1 ,14 3,17 5,22 4,24 4
85	2 1 0 0 0 0 ,18 1
88	7 0 0 0 0 1 ,6 5
89	14 1 0 0 0 0 ,10 1
90	2 1 0 0 0 0 ,12 1
91	7 0 0 1 0 0 ,14 3
97	14 0 1 0 0 0 ,10 2
99	4 0 0 1 0 0 ,27 3
