1	20 0 0 0 1 0 ,16 4
2	9 0 0 1 1 1 ,4 4,17 3,27 5
3	16 0 0 1 0 0 ,14 3
5	7 1 1 0 1 0 ,3 2,12 1,16 4
6	19 0 0 0 0 1 ,31 5
9	15 0 1 0 0 1 ,18 5,19 2
10	18 1 0 0 1 0 ,26 1,31 4
11	8 1 0 0 0 0 ,20 1
12	11 0 0 0 0 2 ,13 5,27 5
14	9 0 1 0 0 0 ,15 2
15	19 0 1 0 0 1 ,12 5,31 2
17	4 0 0 1 1 1 ,11 5,24 3,29 4
18	12 0 0 1 0 1 ,0 5,8 3
19	21 0 0 1 0 0 ,30 3
20	10 1 0 0 0 0 ,21 1
21	18 0 0 0 0 2 ,17 5,27 5
22	5 0 0 1 0 1 ,2 5,31 3
24	15 0 0 0 1 1 ,19 5,26 4
25	13 1 0 1 0 0 ,8 1,18 3
26	10 1 0 0 0 2 ,1 1,18 5,21 5
27	18 0 2 0 0 0 ,16 2,17 2
28	8 1 0 0 0 0 ,20 1
29	10 1 0 0 0 0 ,21 1
30	10 0 1 0 0 1 ,1 2,16 5
32	7 2 0 1 0 0 ,3 1,17 1,28 3
33	7 1 0 0 0 1 ,5 1,15 5
34	11 0 1 0 1 0 ,0 2,13 4
35	4 1 0 0 0 1 ,4 5,24 1
36	8 0 1 0 0 1 ,25 5,31 2
40	7 1 1 1 0 0 ,3 2,19 1,30 3
41	21 0 1 0 0 0 ,12 2
42	8 1 0 0 0 0 ,20 1
44	23 0 0 0 1 0 ,27 4
45	9 0 0 0 0 1 ,7 5
46	21 0 0 0 0 1 ,12 5
47	5 0 0 0 0 1 ,6 5
49	7 1 0 0 0 0 ,5 1
50	8 0 1 0 0 0 ,20 2
51	18 0 0 1 0 0 ,26 3
53	10 0 0 0 1 1 ,1 5,14 4
54	10 1 0 0 0 0 ,21 1
56	15 0 1 1 0 0 ,14 3,19 2
57	8 0 0 1 0 0 ,25 3
58	18 0 0 1 0 0 ,26 3
59	8 2 0 0 1 0 ,7 4,20 1,28 1
61	9 0 1 1 0 1 ,12 3,14 5,15 2
63	15 1 0 1 0 0 ,11 3,14 1
64	20 0 0 0 1 0 ,16 4
65	10 1 0 0 0 1 ,19 5,21 1
67	18 0 0 0 0 1 ,26 5
70	15 0 0 0 1 0 ,11 4
72	21 0 0 0 1 0 ,30 4
75	10 1 0 0 1 1 ,8 4,21 1,28 5
76	2 0 1 1 0 2 ,0 3,8 5,10 2,30 5
77	11 0 1 0 0 0 ,13 2
79	9 0 0 0 1 1 ,17 4,29 5
80	4 0 0 0 1 0 ,23 4
83	18 1 1 1 0 0 ,16 1,26 2,27 3
84	5 0 0 1 0 1 ,9 5,31 3
85	3 0 0 1 0 0 ,22 3
86	21 2 0 0 0 0 ,27 1,30 1
89	15 0 0 1 0 1 ,11 3,12 5
90	12 0 1 0 0 0 ,0 2
91	7 0 0 0 0 2 ,5 5,30 5
92	20 0 0 0 1 0 ,18 4
94	8 0 1 1 0 0 ,17 3,20 2
95	20 0 0 1 0 0 ,18 3
96	7 0 2 0 0 0 ,1 2,3 2
99	11 0 1 0 0 0 ,28 2
