0	8 0 0 0 0 1 ,15 5
1	13 1 0 0 1 0 ,12 1,13 4
3	23 1 0 0 0 0 ,1 1
6	13 0 1 0 0 0 ,12 2
7	18 0 0 0 0 1 ,4 5
8	13 0 0 1 0 1 ,12 3,16 5
9	13 0 2 0 0 0 ,10 2,12 2
10	12 0 0 0 1 0 ,9 4
11	7 0 0 0 1 0 ,6 4
14	13 0 0 0 2 1 ,1 5,3 4,8 4
15	7 0 1 0 0 0 ,5 2
20	10 0 0 0 0 1 ,2 5
21	23 0 0 0 1 0 ,1 4
24	8 1 0 0 0 0 ,7 1
25	21 1 0 0 0 0 ,16 1
27	13 0 0 0 0 1 ,3 5
28	18 0 0 0 1 0 ,4 4
30	17 1 0 0 0 0 ,8 1
31	21 0 0 0 1 0 ,14 4
32	17 0 0 1 0 0 ,8 3
34	10 0 0 1 1 0 ,2 3,14 4
38	10 1 0 0 0 0 ,0 1
40	17 0 0 0 1 0 ,10 4
42	21 0 0 0 0 1 ,14 5
44	12 0 0 1 0 0 ,9 3
47	10 1 0 0 1 0 ,0 1,1 4
48	12 1 0 0 1 0 ,4 4,9 1
51	23 0 0 0 1 0 ,1 4
52	21 0 1 0 0 0 ,14 2
53	21 1 0 0 0 0 ,16 1
54	21 0 0 0 0 1 ,16 5
56	10 0 1 0 0 1 ,2 2,8 5
57	13 0 0 0 0 2 ,10 5,12 5
58	14 0 0 0 0 1 ,13 5
60	17 0 1 0 0 0 ,10 2
62	8 0 0 0 1 0 ,7 4
63	13 0 1 0 0 0 ,3 2
66	8 0 0 1 0 0 ,7 3
68	12 0 0 0 1 0 ,9 4
69	1 1 0 1 0 0 ,10 3,11 1
71	17 1 0 0 1 0 ,8 4,10 1
72	21 0 1 0 0 0 ,14 2
74	14 0 1 0 0 0 ,13 2
78	23 0 0 0 0 1 ,1 5
79	7 1 0 0 0 1 ,5 5,13 1
83	7 0 0 1 0 0 ,6 3
85	13 0 1 0 0 0 ,3 2
89	10 0 0 1 0 0 ,0 3
90	14 0 1 0 0 0 ,13 2
92	10 0 0 0 1 1 ,0 5,16 4
93	8 0 0 1 0 0 ,15 3
95	18 0 0 0 0 1 ,4 5
96	21 0 0 0 1 1 ,14 4,16 5
