0	7 1 0 0 0 1 ,18 5,29 1
1	14 0 0 1 0 0 ,14 3
2	5 0 0 0 0 1 ,7 5
3	11 1 0 0 0 0 ,12 1
6	15 0 0 1 0 0 ,18 3
8	11 1 0 0 0 0 ,12 1
9	15 0 1 0 0 0 ,18 2
11	15 0 1 1 0 0 ,11 3,16 2
12	6 0 0 2 1 0 ,10 3,12 3,13 4
13	4 0 1 0 0 1 ,22 2,23 5
15	5 1 0 0 0 1 ,20 1,32 5
16	4 0 0 0 1 1 ,15 5,21 4
17	10 0 0 0 0 1 ,2 5
18	1 1 0 0 0 0 ,5 1
19	6 0 0 0 2 0 ,1 4,28 4
21	10 0 0 1 0 0 ,25 3
22	11 0 2 0 0 0 ,17 2,32 2
23	5 1 0 0 0 0 ,4 1
24	5 0 0 1 0 0 ,4 3
25	15 0 0 0 0 1 ,16 5
27	6 0 1 0 0 0 ,28 2
30	6 0 1 0 0 0 ,10 2
32	4 0 1 1 1 0 ,14 2,27 4,31 3
34	11 0 0 1 0 0 ,12 3
36	3 0 1 1 1 0 ,8 3,20 4,23 2
37	16 1 0 0 0 0 ,24 1
38	11 1 0 0 1 0 ,16 1,17 4
39	4 1 0 2 0 0 ,9 3,24 3,31 1
40	16 0 1 0 0 0 ,13 2
43	7 0 0 1 0 0 ,29 3
44	3 1 0 0 1 0 ,24 4,26 1
45	16 1 0 0 0 0 ,13 1
46	15 0 1 0 0 0 ,16 2
47	10 1 0 0 0 0 ,1 1
48	3 1 0 1 0 1 ,0 1,3 3,13 5
49	23 0 1 0 0 0 ,32 2
50	17 0 1 0 0 0 ,11 2
52	8 0 0 0 0 1 ,9 5
53	23 0 0 0 0 1 ,32 5
54	15 1 0 0 0 0 ,16 1
56	15 0 1 0 1 0 ,11 4,18 2
57	10 0 1 1 0 0 ,2 2,17 3
58	12 0 1 0 0 0 ,6 2
61	16 0 0 0 1 0 ,24 4
64	12 0 0 0 1 1 ,6 5,14 4
65	6 1 0 0 0 0 ,10 1
66	11 0 1 0 0 0 ,17 2
67	14 1 0 0 0 0 ,14 1
68	7 0 0 1 0 0 ,29 3
69	15 1 0 0 1 0 ,18 1,32 4
71	4 1 1 1 1 0 ,14 1,22 2,25 4,30 3
73	14 0 0 1 0 0 ,14 3
74	5 1 0 0 0 0 ,27 1
76	5 1 0 1 0 1 ,0 3,11 5,23 1
78	10 0 1 0 0 0 ,25 2
80	3 0 1 0 0 0 ,26 2
81	1 2 0 0 1 0 ,1 1,16 4,19 1
82	11 0 0 1 0 0 ,12 3
84	16 0 0 1 0 0 ,24 3
85	5 2 0 0 0 0 ,0 1,6 1
88	10 0 1 0 0 0 ,23 2
89	15 0 1 0 0 0 ,18 2
91	5 1 0 0 1 0 ,4 1,13 4
92	6 0 1 1 0 0 ,11 2,30 3
93	10 1 0 1 0 1 ,2 3,25 1,32 5
94	16 1 0 0 0 0 ,24 1
95	10 0 0 0 1 0 ,1 4
97	12 1 0 0 1 0 ,6 4,11 1
