1	23 1 0 0 0 0 ,37 1
2	8 0 1 1 0 0 ,9 3,30 2
3	5 0 1 0 0 0 ,8 2
4	17 0 1 0 0 0 ,25 2
5	9 0 0 0 1 0 ,2 4
6	9 0 0 0 0 1 ,36 5
7	5 1 1 1 0 0 ,11 2,19 1,29 3
8	18 0 0 0 1 0 ,16 4
9	12 0 1 0 0 1 ,27 5,33 2
10	23 0 0 0 1 0 ,37 4
12	13 1 0 0 0 1 ,21 1,38 5
13	21 0 0 1 0 0 ,38 3
16	5 0 1 1 1 0 ,3 3,19 4,27 2
17	10 0 1 0 0 0 ,26 2
18	7 1 1 0 0 0 ,12 1,29 2
19	6 1 0 0 1 1 ,7 1,17 4,25 5
20	18 0 0 1 0 0 ,3 3
21	17 1 0 0 0 0 ,25 1
22	18 1 0 0 0 0 ,17 1
24	10 0 0 0 2 1 ,21 4,26 4,30 5
25	23 0 0 0 1 0 ,28 4
26	1 1 0 1 0 0 ,5 3,15 1
27	5 1 0 2 0 1 ,8 3,11 5,24 1,38 3
30	6 0 0 2 0 1 ,31 3,35 3,38 5
31	7 1 0 0 0 0 ,22 1
32	12 0 0 0 1 0 ,5 4
35	14 0 0 0 2 0 ,25 4,30 4
36	13 0 0 0 0 3 ,20 5,25 5,27 5
37	18 0 0 0 1 0 ,17 4
38	23 0 0 0 1 0 ,28 4
39	23 0 0 0 1 0 ,31 4
40	6 2 0 0 0 0 ,7 1,9 1
41	23 0 0 0 1 0 ,31 4
42	13 0 0 0 1 0 ,4 4
43	7 0 0 1 1 1 ,23 3,33 5,36 4
44	23 0 0 0 1 0 ,37 4
45	8 0 1 0 0 0 ,9 2
47	13 0 0 0 1 1 ,3 5,4 4
48	23 0 0 0 1 0 ,37 4
49	6 0 0 0 0 2 ,4 5,32 5
51	23 0 0 1 0 0 ,28 3
52	12 0 1 1 0 1 ,10 2,21 5,33 3
53	9 0 1 0 0 1 ,12 2,16 5
55	12 0 0 2 0 0 ,11 3,18 3
56	23 0 0 0 1 0 ,28 4
57	6 1 0 0 0 0 ,32 1
58	5 1 0 1 0 1 ,5 3,13 5,38 1
59	14 0 0 1 0 1 ,10 3,28 5
60	9 0 1 0 1 0 ,12 4,18 2
61	13 0 0 1 0 0 ,20 3
63	19 1 0 0 1 0 ,11 1,27 4
65	10 0 0 0 1 0 ,26 4
66	14 0 0 2 0 0 ,16 3,30 3
67	7 0 1 0 0 0 ,22 2
69	6 0 1 0 1 0 ,7 4,18 2
70	19 0 0 2 0 0 ,11 3,31 3
71	18 1 0 0 0 0 ,3 1
72	3 0 1 1 1 0 ,1 3,3 4,24 2
74	8 0 1 0 0 0 ,9 2
75	7 0 1 0 3 1 ,10 4,17 4,21 2,23 4,31 5
77	1 1 0 0 1 0 ,0 1,18 4
78	2 0 1 1 0 0 ,14 2,28 3
79	9 0 0 0 0 1 ,2 5
80	18 0 0 1 0 0 ,16 3
81	1 1 0 1 1 1 ,6 1,11 5,22 3,34 4
85	18 0 0 1 0 0 ,16 3
86	12 0 1 0 0 0 ,5 2
87	13 0 0 0 0 2 ,10 5,20 5
88	6 0 0 1 0 0 ,35 3
89	9 0 1 0 0 0 ,12 2
90	7 0 1 0 0 0 ,29 2
91	7 2 0 0 0 0 ,22 1,27 1
92	7 0 1 0 2 1 ,24 4,27 5,31 4,33 2
93	18 0 1 0 0 0 ,3 2
95	12 1 0 0 0 1 ,17 5,18 1
97	13 1 0 0 0 0 ,21 1
98	23 0 0 0 0 1 ,37 5
99	21 0 0 0 1 1 ,37 5,38 4
