0	6 0 0 0 0 1 ,18 5
1	20 0 0 1 0 0 ,10 3
2	4 0 0 0 2 0 ,4 4,6 4
4	12 0 1 1 0 0 ,11 2,12 3
6	12 0 0 1 0 2 ,3 3,10 5,14 5
8	20 0 0 0 0 1 ,14 5
13	12 0 1 0 0 0 ,3 2
17	14 0 1 0 0 0 ,19 2
18	20 1 0 0 0 0 ,11 1
19	11 0 1 0 0 0 ,7 2
20	12 0 0 0 1 0 ,15 4
23	12 0 1 0 0 1 ,0 2,12 5
25	14 1 0 0 0 0 ,13 1
27	20 0 0 0 1 1 ,11 5,14 4
29	14 0 0 0 1 0 ,13 4
33	14 0 0 0 1 0 ,19 4
35	1 1 0 0 1 1 ,0 5,2 1,10 4
38	6 0 1 0 0 0 ,5 2
39	8 0 0 0 1 0 ,1 4
41	12 1 0 0 0 0 ,15 1
43	12 0 0 1 0 0 ,15 3
45	9 0 0 0 0 1 ,4 5
47	12 0 1 0 0 0 ,3 2
48	8 0 0 0 0 1 ,8 5
50	14 0 0 0 0 2 ,11 5,13 5
53	12 0 0 0 1 0 ,15 4
54	6 1 0 0 1 0 ,18 1,19 4
55	12 0 0 1 0 0 ,0 3
56	20 0 0 0 0 1 ,10 5
59	20 1 0 0 0 0 ,14 1
61	12 0 0 0 1 0 ,12 4
62	12 1 0 0 0 1 ,3 5,9 1
63	15 0 0 0 0 1 ,9 5
67	8 1 1 0 0 0 ,8 1,9 2
69	14 1 0 0 0 0 ,19 1
70	11 1 0 1 0 0 ,7 1,9 3
74	11 1 0 0 0 0 ,7 1
78	8 0 1 0 0 0 ,8 2
79	5 1 0 0 0 1 ,0 1,17 5
80	4 0 0 0 1 1 ,14 5,16 4
82	12 1 0 0 0 0 ,0 1
85	8 0 0 1 1 0 ,1 4,19 3
87	20 0 0 1 0 0 ,10 3
88	6 0 0 0 1 0 ,5 4
90	14 0 0 0 1 0 ,13 4
91	11 0 0 0 1 1 ,7 4,11 5
93	11 0 0 1 0 0 ,7 3
95	15 0 0 0 1 0 ,9 4
96	20 0 1 0 0 0 ,11 2
