0	5 0 0 1 0 0 ,12 3
1	14 0 1 0 0 1 ,5 2,17 5
2	13 0 0 1 0 0 ,15 3
6	3 0 0 1 1 0 ,0 4,3 3
7	14 0 0 0 0 1 ,17 5
8	14 0 0 0 1 0 ,17 4
9	10 1 0 1 0 0 ,7 1,20 3
10	18 1 0 0 0 0 ,7 1
11	11 0 1 0 0 0 ,4 2
12	5 0 1 0 0 1 ,11 2,13 5
14	4 1 0 1 0 0 ,5 3,14 1
17	11 1 0 1 0 0 ,5 3,9 1
18	10 1 0 0 0 0 ,20 1
22	17 1 0 0 0 0 ,1 1
23	6 0 1 1 1 0 ,1 2,8 3,10 4
25	11 0 0 0 1 0 ,4 4
29	16 0 0 0 0 1 ,6 5
31	18 1 0 0 0 0 ,8 1
32	16 1 0 0 0 0 ,6 1
36	16 0 0 1 1 0 ,6 3,18 4
37	9 0 1 0 0 0 ,11 2
39	18 0 1 0 0 0 ,8 2
40	9 0 0 1 0 0 ,11 3
41	16 0 1 0 0 1 ,5 5,6 2
42	6 0 1 0 0 0 ,10 2
45	5 1 0 0 0 0 ,12 1
47	5 0 1 0 0 0 ,16 2
49	17 0 0 0 0 1 ,1 5
50	10 1 0 0 0 0 ,0 1
51	18 0 0 1 0 0 ,7 3
52	5 0 1 0 1 0 ,1 4,16 2
53	10 1 0 0 0 0 ,20 1
55	13 0 0 0 0 1 ,15 5
57	18 0 0 0 1 0 ,7 4
59	7 1 0 0 0 0 ,19 1
62	11 2 0 0 0 0 ,4 1,6 1
63	5 1 2 0 0 0 ,1 2,5 2,12 1
64	4 0 2 1 0 0 ,9 2,14 3,15 2
66	10 0 0 0 0 1 ,0 5
70	7 1 0 0 0 0 ,19 1
75	16 0 0 0 1 1 ,8 5,18 4
76	7 0 0 0 0 1 ,19 5
78	9 0 1 0 0 0 ,11 2
79	16 0 1 0 0 0 ,18 2
80	10 0 0 0 1 0 ,20 4
81	18 0 0 0 1 0 ,7 4
84	11 0 0 0 1 0 ,4 4
88	11 0 0 0 1 0 ,9 4
89	16 1 0 0 0 1 ,5 1,8 5
91	10 1 0 0 0 0 ,20 1
92	16 0 0 0 0 2 ,7 5,18 5
93	3 0 0 2 0 0 ,1 3,2 3
95	18 0 1 0 0 0 ,8 2
97	11 1 0 0 2 0 ,6 4,9 4,18 1
98	13 0 0 1 0 0 ,15 3
99	5 1 0 0 0 0 ,16 1
