0	8 0 0 0 2 0 ,15 4,17 4
1	17 0 1 0 0 0 ,2 2
3	11 0 0 0 1 0 ,14 4
5	19 0 0 0 1 0 ,18 4
6	6 0 1 0 0 0 ,22 2
7	10 1 0 1 0 0 ,13 3,15 1
8	15 0 1 0 0 0 ,11 2
10	14 0 0 0 0 1 ,1 5
12	7 0 0 0 1 1 ,6 4,8 5
17	16 1 0 0 0 0 ,6 1
18	13 0 0 2 1 0 ,10 4,11 3,12 3
20	16 0 0 0 0 1 ,6 5
21	11 0 0 1 0 0 ,16 3
22	6 0 0 0 0 1 ,21 5
23	5 1 0 0 0 0 ,3 1
24	16 1 0 0 1 0 ,6 1,15 4
26	15 0 1 0 0 0 ,11 2
27	17 0 0 1 0 0 ,2 3
34	19 0 1 0 0 0 ,18 2
37	11 0 0 1 0 0 ,16 3
40	5 0 1 0 1 0 ,3 4,8 2
41	11 0 0 0 0 1 ,4 5
43	11 0 0 0 0 1 ,0 5
44	11 1 0 0 1 0 ,10 4,14 1
45	11 0 0 0 0 1 ,16 5
46	19 0 1 0 0 0 ,18 2
47	17 0 0 0 1 0 ,2 4
48	6 0 0 0 1 0 ,22 4
49	8 0 0 0 2 1 ,4 4,6 5,17 4
50	1 1 0 0 0 0 ,19 1
51	14 1 0 0 0 0 ,1 1
53	22 0 0 0 1 0 ,15 4
56	19 1 0 0 0 0 ,18 1
57	10 0 0 1 0 0 ,13 3
65	10 0 0 1 1 0 ,2 4,13 3
70	22 0 0 0 0 1 ,15 5
71	7 0 0 0 1 0 ,5 4
74	14 1 1 0 0 0 ,1 2,12 1
75	6 1 0 0 0 1 ,10 5,21 1
77	17 0 0 1 0 0 ,2 3
79	16 0 0 0 1 1 ,9 5,12 4
80	14 0 0 0 1 0 ,1 4
81	10 1 0 1 0 1 ,0 3,12 5,13 1
82	11 0 0 1 0 0 ,0 3
83	19 0 1 0 0 0 ,9 2
84	19 0 0 0 0 1 ,18 5
85	19 0 0 0 1 0 ,9 4
87	11 0 0 1 1 0 ,14 3,15 4
88	7 1 0 1 0 0 ,2 1,5 3
90	16 0 0 1 0 1 ,12 3,18 5
93	11 0 1 1 1 0 ,4 2,11 4,14 3
94	3 0 0 1 1 0 ,7 3,9 4
95	14 0 1 0 2 0 ,1 2,9 4,11 4
97	1 1 0 0 0 0 ,20 1
