1	18 0 0 0 0 1 ,19 5
2	13 0 1 0 0 1 ,6 5,19 2
4	9 0 0 3 0 0 ,30 3,32 3,34 3
6	6 0 0 0 1 1 ,0 5,23 4
7	10 1 0 0 0 0 ,11 1
8	5 0 1 0 0 0 ,1 2
9	3 0 0 1 0 0 ,25 3
11	11 0 1 1 0 0 ,6 2,34 3
12	17 0 0 0 0 1 ,28 5
13	4 1 1 0 0 0 ,3 2,12 1
14	6 1 0 0 0 0 ,0 1
15	10 1 0 0 0 0 ,7 1
16	19 0 0 0 1 0 ,2 4
17	13 2 0 0 0 0 ,6 1,8 1
19	10 0 0 0 0 1 ,13 5
20	14 1 1 0 0 0 ,27 2,36 1
21	5 0 0 0 0 1 ,33 5
23	17 0 1 0 0 1 ,2 2,28 5
25	4 0 0 1 0 0 ,12 3
26	16 0 0 1 0 0 ,8 3
28	10 0 1 0 0 0 ,7 2
30	10 0 2 0 1 0 ,21 2,27 2,34 4
31	14 0 1 0 0 0 ,27 2
32	18 1 0 0 0 0 ,26 1
33	9 0 0 1 0 1 ,23 5,31 3
34	9 1 0 1 0 0 ,24 1,37 3
35	2 1 0 1 0 0 ,29 1,30 3
37	11 0 0 0 1 0 ,24 4
38	9 0 0 2 0 0 ,2 3,18 3
40	9 0 1 0 1 1 ,20 4,21 2,31 5
42	15 0 0 1 0 0 ,16 3
43	4 1 0 0 1 0 ,11 1,17 4
44	10 0 1 0 1 0 ,8 2,11 4
45	10 0 2 1 1 0 ,2 4,7 2,11 2,19 3
47	18 0 0 0 0 1 ,26 5
48	6 1 0 0 1 0 ,8 4,35 1
49	9 0 0 1 0 0 ,20 3
50	6 0 0 0 2 0 ,3 4,21 4
51	7 0 0 3 1 0 ,10 4,13 3,16 3,28 3
52	13 0 1 0 0 0 ,6 2
53	9 0 1 0 1 0 ,20 2,26 4
55	9 0 1 0 0 0 ,18 2
56	9 0 1 0 0 1 ,31 5,32 2
57	14 0 0 1 0 0 ,36 3
58	18 0 0 2 0 0 ,2 3,26 3
59	15 0 0 1 0 0 ,16 3
60	11 1 0 0 0 0 ,34 1
62	15 1 0 0 0 0 ,30 1
64	15 1 0 0 0 0 ,30 1
65	1 1 0 0 1 0 ,5 1,18 4
66	9 1 0 0 1 0 ,8 4,37 1
68	18 0 0 1 0 0 ,19 3
69	9 0 0 0 0 2 ,24 5,37 5
71	14 0 0 0 0 1 ,36 5
72	10 0 1 0 0 1 ,11 2,27 5
73	10 0 1 1 0 0 ,13 2,27 3
74	10 1 0 0 0 0 ,7 1
78	2 1 0 0 2 0 ,16 4,29 1,32 4
79	4 0 0 0 1 0 ,15 4
80	5 1 0 0 1 0 ,1 1,14 4
81	10 0 1 1 0 0 ,7 3,21 2
82	5 0 0 0 1 1 ,19 5,22 4
83	16 0 1 0 0 0 ,8 2
84	13 1 0 0 0 0 ,6 1
86	5 0 1 0 0 1 ,1 2,26 5
87	10 1 0 0 0 0 ,7 1
88	3 0 0 1 0 0 ,4 3
89	15 0 0 1 0 0 ,30 3
91	6 0 1 0 0 1 ,16 2,35 5
92	19 0 0 1 0 0 ,2 3
94	3 1 0 2 0 1 ,9 3,14 3,24 1,36 5
95	17 0 0 0 1 0 ,28 4
96	5 1 1 0 0 0 ,6 2,22 1
97	7 0 0 1 1 0 ,10 3,30 4
