0	11 0 0 0 0 1 ,30 5
1	11 0 1 0 2 1 ,4 4,22 4,23 5,29 2
3	5 1 0 0 0 0 ,6 1
4	11 0 1 0 0 0 ,9 2
5	21 0 1 0 0 0 ,19 2
7	16 0 1 0 0 1 ,24 2,29 5
11	8 1 0 0 0 0 ,20 1
12	15 1 0 0 0 0 ,2 1
13	4 1 0 0 1 0 ,7 1,19 4
15	11 0 1 0 0 0 ,9 2
17	8 1 0 0 0 0 ,26 1
18	5 0 1 0 0 0 ,15 2
22	20 0 0 1 0 0 ,17 3
23	21 0 0 0 0 1 ,11 5
24	5 1 1 0 1 1 ,0 5,2 2,12 1,17 4
25	13 0 1 0 0 0 ,3 2
26	5 1 0 0 0 0 ,12 1
28	11 1 0 0 0 1 ,5 5,30 1
29	11 0 0 1 1 0 ,4 4,19 3
31	10 0 0 0 1 0 ,16 4
32	14 1 0 1 0 1 ,10 1,14 3,29 5
35	11 0 0 3 0 0 ,1 3,14 3,17 3
36	5 0 0 1 1 0 ,6 4,12 3
40	1 1 0 0 1 0 ,13 1,29 4
41	8 0 0 1 0 0 ,18 3
42	4 1 0 0 0 0 ,7 1
43	13 1 0 0 1 0 ,3 1,10 4
44	10 0 0 0 1 0 ,16 4
45	15 0 0 0 1 0 ,2 4
46	11 0 0 1 0 0 ,9 3
47	8 0 0 1 0 0 ,26 3
48	15 0 0 1 0 1 ,5 5,24 3
49	4 0 1 0 0 1 ,11 5,28 2
50	10 0 1 0 0 1 ,14 5,16 2
51	1 1 0 0 0 1 ,22 5,27 1
52	18 1 0 0 0 1 ,17 1,22 5
53	8 0 1 1 0 0 ,11 3,18 2
54	11 0 1 0 0 0 ,25 2
55	8 0 0 0 1 0 ,20 4
57	21 1 0 0 0 0 ,29 1
58	4 0 1 0 0 0 ,28 2
59	15 0 0 0 2 0 ,2 4,24 4
60	13 0 0 0 1 1 ,3 5,17 4
62	8 0 0 0 1 0 ,26 4
63	14 0 0 1 0 2 ,19 5,23 5,24 3
64	15 0 0 0 1 0 ,2 4
65	16 0 0 0 0 1 ,14 5
66	14 1 1 0 0 0 ,10 1,24 2
67	1 1 0 0 0 1 ,17 5,21 1
68	5 1 0 0 1 0 ,15 1,29 4
69	10 0 0 0 0 2 ,0 5,5 5
70	11 0 0 1 0 0 ,30 3
71	14 0 0 1 0 0 ,10 3
72	8 0 0 1 0 0 ,18 3
73	11 0 0 0 0 1 ,25 5
74	8 0 0 1 0 0 ,20 3
76	11 0 0 0 2 0 ,11 4,25 4
77	11 0 0 1 0 0 ,1 3
79	14 1 0 0 0 0 ,23 1
80	18 0 1 0 0 0 ,22 2
81	11 1 1 0 0 0 ,9 1,30 2
82	11 0 0 1 1 0 ,1 4,19 3
84	3 0 0 1 0 0 ,8 3
87	11 0 0 1 0 0 ,9 3
88	14 0 0 1 0 1 ,10 5,23 3
89	18 0 1 0 0 0 ,22 2
94	21 0 0 0 1 0 ,19 4
95	11 0 1 1 0 0 ,4 3,24 2
96	13 0 0 0 0 1 ,3 5
97	4 0 1 0 0 0 ,7 2
98	5 0 1 0 0 0 ,15 2
99	11 1 0 0 1 0 ,1 1,11 4
