1	12 1 0 0 0 0 ,21 1
3	8 0 1 1 0 0 ,0 3,14 2
4	6 0 0 0 2 1 ,6 5,30 4,34 4
5	8 0 0 1 0 0 ,3 3
6	12 0 1 0 0 0 ,0 2
7	6 0 0 2 1 0 ,14 4,19 3,26 3
8	4 1 0 0 1 0 ,23 4,34 1
10	9 0 0 1 0 1 ,12 3,32 5
11	11 2 0 0 0 1 ,0 1,9 5,10 1
12	15 0 0 1 0 0 ,1 3
13	9 0 0 1 0 0 ,12 3
14	5 0 1 0 1 1 ,24 4,36 5,37 2
15	8 1 1 0 0 0 ,2 2,22 1
16	5 1 1 0 0 1 ,4 2,8 5,35 1
17	8 1 0 0 0 0 ,26 1
18	14 0 1 0 0 0 ,36 2
19	17 1 0 0 0 0 ,11 1
20	12 0 0 1 1 1 ,2 5,5 4,28 3
22	4 0 2 0 1 1 ,7 2,25 5,33 4,38 2
23	18 0 1 1 0 0 ,17 2,32 3
24	18 0 0 0 2 0 ,20 4,32 4
25	13 0 0 0 1 0 ,28 4
28	8 1 1 0 0 3 ,1 5,7 5,18 2,20 5,39 1
30	8 1 0 0 0 1 ,35 5,39 1
31	14 0 0 0 1 0 ,36 4
32	21 0 0 1 0 0 ,20 3
33	6 2 0 0 0 1 ,7 1,11 5,30 1
34	6 2 0 0 0 0 ,26 1,29 1
35	15 0 2 0 0 1 ,9 2,17 2,20 5
36	11 0 1 0 1 0 ,9 2,27 4
37	11 0 2 0 0 0 ,9 2,10 2
38	15 0 0 0 1 0 ,9 4
39	6 1 1 0 1 0 ,27 1,29 2,34 4
41	11 0 1 1 0 0 ,10 3,17 2
42	18 0 0 0 1 0 ,32 4
43	18 1 0 1 0 0 ,5 3,38 1
44	6 1 0 0 0 0 ,30 1
45	11 0 1 0 0 0 ,10 2
46	18 0 1 0 0 0 ,32 2
47	8 2 0 1 0 0 ,11 1,26 1,39 3
48	4 0 0 2 0 1 ,15 3,17 5,38 3
51	11 0 2 0 1 0 ,2 2,18 2,27 4
52	4 1 0 0 1 1 ,6 5,16 4,26 1
53	4 1 0 0 0 0 ,15 1
54	9 0 0 1 1 0 ,1 4,12 3
55	8 1 0 0 0 0 ,26 1
57	11 0 1 0 0 0 ,27 2
58	19 0 0 0 2 0 ,34 4,38 4
59	12 1 0 1 0 0 ,0 1,18 3
61	12 0 0 0 0 2 ,21 5,34 5
63	14 0 0 0 1 0 ,4 4
64	8 0 0 2 0 0 ,3 3,10 3
65	18 0 0 0 2 0 ,5 4,38 4
66	13 1 0 0 0 1 ,5 5,35 1
67	12 0 1 1 0 0 ,1 3,18 2
68	10 0 0 0 1 0 ,25 4
69	12 0 1 0 0 0 ,18 2
70	5 0 1 1 1 1 ,6 4,11 2,21 5,37 3
71	7 0 1 0 0 1 ,13 5,24 2
72	17 0 0 1 0 0 ,11 3
73	8 0 2 0 0 0 ,3 2,35 2
74	6 1 0 0 0 1 ,6 5,19 1
75	12 1 0 0 0 0 ,21 1
76	14 0 0 0 1 1 ,4 5,6 4
77	14 1 0 0 0 0 ,4 1
78	6 1 1 1 0 0 ,7 3,19 2,25 1
79	13 0 0 0 0 1 ,24 5
80	4 0 0 0 2 0 ,31 4,35 4
81	6 0 1 1 0 1 ,24 2,29 3,38 5
83	17 0 0 0 1 1 ,11 5,20 4
84	8 0 0 3 0 0 ,22 3,34 3,39 3
85	12 1 0 0 0 0 ,2 1
86	12 1 1 0 0 0 ,4 2,7 1
89	7 0 2 0 0 2 ,0 5,13 2,14 2,17 5
90	13 1 0 0 0 0 ,28 1
91	8 0 0 0 1 0 ,22 4
93	13 0 0 0 0 1 ,28 5
94	12 1 0 0 0 0 ,18 1
95	14 0 0 1 0 0 ,36 3
97	12 0 1 0 0 0 ,2 2
98	18 0 2 0 0 0 ,5 2,17 2
