0	4 0 0 1 0 0 ,11 3
2	16 0 0 1 0 0 ,16 3
4	4 0 1 0 1 0 ,15 4,25 2
5	17 0 0 1 0 0 ,12 3
6	5 0 0 0 2 0 ,8 4,24 4
7	16 0 0 0 1 0 ,4 4
9	16 0 0 0 0 1 ,18 5
10	12 0 0 1 1 1 ,8 3,12 5,14 4
11	10 0 0 0 1 1 ,3 5,26 4
12	4 1 0 1 1 0 ,6 3,11 1,25 4
13	6 0 0 1 0 0 ,20 3
22	16 1 0 0 0 0 ,5 1
23	16 0 0 0 1 0 ,18 4
24	6 0 0 2 0 0 ,20 3,23 3
26	22 0 0 0 0 1 ,23 5
27	12 0 0 0 0 1 ,10 5
28	22 0 1 0 0 0 ,23 2
31	1 2 1 1 0 1 ,1 2,16 1,22 5,26 3,27 1
32	13 0 0 1 0 0 ,13 3
33	6 1 1 0 0 0 ,13 2,17 1
34	9 0 2 0 0 0 ,2 2,4 2
35	16 0 0 0 0 1 ,5 5
36	13 1 0 0 1 0 ,0 4,13 1
37	11 0 1 0 0 0 ,25 2
41	12 0 0 1 0 1 ,4 3,8 5
42	16 0 0 1 2 0 ,7 4,18 4,23 3
47	11 0 1 1 0 0 ,13 2,25 3
48	23 0 0 0 1 0 ,3 4
49	1 1 0 0 0 0 ,21 1
50	16 0 0 1 0 0 ,16 3
52	16 1 0 0 1 0 ,4 4,18 1
53	9 0 1 0 1 0 ,2 2,14 4
56	16 0 1 0 0 0 ,18 2
57	21 0 0 0 0 1 ,14 5
58	6 0 1 0 0 1 ,17 2,23 5
59	8 1 0 0 0 0 ,9 1
61	16 1 0 0 0 0 ,4 1
62	19 0 0 0 0 1 ,7 5
65	12 0 0 1 0 0 ,6 3
66	19 1 0 0 0 0 ,7 1
68	8 0 0 1 0 0 ,9 3
69	22 0 0 0 1 0 ,23 4
70	6 1 0 0 0 0 ,22 1
71	8 1 0 0 0 2 ,3 5,9 1,12 5
72	16 0 1 0 0 0 ,4 2
73	21 0 1 0 0 0 ,14 2
74	23 0 0 1 0 0 ,3 3
75	16 1 0 0 0 0 ,5 1
77	15 0 0 1 1 1 ,0 3,12 4,16 5
79	2 1 1 1 0 0 ,7 3,14 1,19 2
81	15 0 0 0 1 0 ,0 4
83	15 0 0 0 2 0 ,0 4,3 4
84	12 0 0 1 1 0 ,6 3,16 4
85	9 1 0 0 0 1 ,2 1,14 5
86	6 0 0 1 1 0 ,5 4,17 3
89	5 1 0 1 1 0 ,7 4,24 1,26 3
90	9 0 1 0 2 0 ,2 4,7 2,10 4
94	13 0 0 0 0 1 ,13 5
95	8 0 0 1 0 0 ,9 3
96	12 0 0 1 0 0 ,6 3
97	12 0 0 1 0 0 ,10 3
99	16 0 1 0 0 1 ,3 2,5 5
