0	10 1 0 0 0 2 ,1 5,7 1,38 5
1	3 1 0 0 0 0 ,27 1
2	10 0 1 0 0 0 ,13 2
4	10 0 0 0 1 0 ,23 4
5	10 1 0 0 1 0 ,7 1,31 4
7	3 2 1 0 0 0 ,25 1,27 2,28 1
8	8 1 0 2 0 1 ,5 3,7 1,8 3,9 5
10	8 1 0 0 0 0 ,5 1
11	18 0 0 0 1 0 ,25 4
12	8 0 0 1 1 0 ,0 3,17 4
14	10 0 1 0 0 1 ,13 2,23 5
15	1 1 3 0 0 0 ,4 2,33 1,37 2,39 2
16	17 0 0 1 0 0 ,19 3
17	5 0 0 1 0 1 ,15 5,18 3
18	13 0 1 0 0 0 ,37 2
19	10 0 0 1 0 0 ,29 3
20	14 0 0 1 0 0 ,18 3
22	8 0 0 0 2 0 ,0 4,11 4
23	26 0 0 0 1 0 ,9 4
25	4 0 1 0 0 1 ,4 2,17 5
26	17 0 1 0 0 0 ,19 2
27	10 0 0 0 0 2 ,31 5,38 5
28	11 0 1 0 0 0 ,6 2
29	15 0 0 1 0 0 ,11 3
30	10 0 0 1 1 0 ,9 3,29 4
31	14 0 0 1 0 0 ,2 3
32	7 0 1 0 1 0 ,3 4,32 2
33	9 1 1 0 1 0 ,16 4,23 1,34 2
34	13 0 0 0 0 1 ,26 5
35	14 0 0 0 1 0 ,2 4
36	13 0 1 0 0 1 ,1 5,26 2
37	9 0 1 0 0 2 ,9 5,16 2,34 5
39	10 0 0 1 0 1 ,13 3,38 5
40	17 1 0 0 0 1 ,19 1,28 5
42	13 0 0 1 1 0 ,1 4,37 3
44	4 1 0 1 0 0 ,36 3,37 1
46	10 0 0 0 0 1 ,21 5
47	11 0 0 1 0 2 ,6 3,19 5,20 5
49	18 0 0 0 0 1 ,25 5
50	20 0 0 1 0 0 ,17 3
51	15 0 0 1 2 0 ,9 4,20 4,25 3
53	14 0 1 0 1 1 ,2 4,16 5,19 2
54	6 2 0 1 1 0 ,8 1,12 1,14 4,18 3
56	10 0 0 2 0 1 ,20 3,21 5,26 3
57	11 0 1 0 0 3 ,2 2,6 5,28 5,38 5
58	2 1 2 0 0 0 ,22 2,24 2,25 1
59	8 0 0 1 0 1 ,8 3,16 5
60	8 0 1 1 0 0 ,7 2,12 3
63	21 0 0 0 0 1 ,28 5
64	14 1 1 0 0 0 ,2 1,16 2
65	13 0 0 1 0 0 ,37 3
68	10 1 0 1 0 0 ,6 1,29 3
69	20 0 1 0 0 0 ,17 2
70	6 0 0 1 2 0 ,3 3,24 4,38 4
72	15 0 0 0 0 2 ,9 5,11 5
73	7 1 1 0 0 1 ,18 2,31 1,32 5
74	3 2 0 1 0 1 ,8 1,10 3,11 1,30 5
75	18 0 0 0 1 0 ,25 4
76	6 0 1 0 1 0 ,14 2,16 4
77	14 0 0 1 0 0 ,18 3
79	20 0 0 0 0 1 ,17 5
81	13 0 1 0 0 0 ,26 2
82	17 0 0 0 1 0 ,19 4
83	29 0 0 0 0 1 ,38 5
86	8 1 2 0 0 0 ,0 1,11 2,28 2
88	4 1 1 0 1 0 ,7 4,36 1,37 2
89	9 0 1 0 0 0 ,34 2
91	8 0 0 0 2 0 ,5 4,12 4
93	10 1 0 3 0 0 ,7 1,13 3,20 3,28 3
96	20 1 0 0 0 0 ,17 1
98	13 1 0 0 0 0 ,26 1
99	2 0 1 0 0 0 ,35 2
