1	11 1 0 0 0 2 ,12 1,30 5,33 5
2	9 0 0 1 1 0 ,30 3,32 4
4	15 0 0 0 0 1 ,31 5
5	6 0 0 0 1 0 ,37 4
6	15 1 0 0 0 0 ,31 1
8	10 0 0 0 1 1 ,12 4,19 5
9	11 1 0 0 0 2 ,12 1,15 5,33 5
10	4 0 1 0 1 0 ,8 2,20 4
11	4 0 0 1 0 0 ,16 3
12	10 1 0 0 0 0 ,36 1
13	10 1 0 0 0 0 ,34 1
15	3 1 0 0 0 0 ,0 1
18	13 0 0 1 0 0 ,3 3
19	12 0 0 0 0 1 ,25 5
20	11 1 0 0 0 1 ,1 1,35 5
21	8 0 2 0 0 1 ,11 2,26 5,28 2
22	14 1 0 0 0 0 ,26 1
23	13 0 1 0 0 0 ,9 2
24	4 2 0 0 0 0 ,5 1,8 1
25	10 0 1 0 0 0 ,34 2
26	9 0 1 1 0 0 ,5 2,31 3
27	2 0 1 0 0 0 ,14 2
29	20 1 0 0 0 0 ,4 1
30	3 1 0 0 1 0 ,0 1,20 4
32	10 0 0 0 1 1 ,3 4,36 5
33	9 0 0 0 1 1 ,5 5,6 4
34	10 1 1 0 0 0 ,19 1,25 2
35	13 1 0 0 1 0 ,3 1,28 4
36	4 1 0 0 0 1 ,8 1,25 5
37	13 0 0 1 0 0 ,35 3
38	10 0 1 0 1 0 ,9 4,36 2
39	11 1 0 0 0 0 ,33 1
40	20 0 0 0 1 0 ,30 4
41	6 0 1 0 0 1 ,20 5,37 2
42	10 0 0 0 1 0 ,19 4
43	9 2 0 0 0 0 ,29 1,34 1
44	2 1 1 0 0 1 ,4 2,21 1,29 5
46	2 1 0 0 0 0 ,21 1
47	5 0 1 0 0 2 ,10 5,24 5,36 2
49	6 1 0 0 0 0 ,23 1
50	2 1 0 0 0 1 ,26 5,38 1
52	6 0 1 0 0 0 ,23 2
53	8 0 0 1 0 0 ,11 3
56	14 0 1 0 0 0 ,6 2
57	14 0 1 0 0 0 ,28 2
58	14 0 1 0 0 0 ,6 2
59	7 0 0 2 0 0 ,4 3,17 3
61	2 0 2 0 0 0 ,2 2,7 2
62	11 0 1 0 0 0 ,1 2
63	20 0 0 0 0 1 ,4 5
64	9 0 1 0 2 0 ,3 4,4 4,32 2
65	9 2 0 1 0 0 ,3 1,5 1,18 3
66	10 0 0 0 1 2 ,1 5,10 5,34 4
67	14 0 0 1 0 0 ,26 3
69	8 0 1 0 0 0 ,11 2
71	12 0 1 0 0 0 ,12 2
73	16 0 0 1 0 0 ,20 3
75	13 0 0 0 1 0 ,35 4
76	7 0 0 0 1 0 ,17 4
77	9 1 1 0 0 0 ,29 1,31 2
78	12 0 0 0 0 1 ,18 5
79	10 0 1 0 0 0 ,34 2
80	11 2 0 0 0 0 ,15 1,30 1
82	11 0 0 0 0 2 ,4 5,15 5
83	14 0 0 1 0 0 ,28 3
84	3 1 0 1 1 0 ,7 1,18 4,30 3
86	2 1 0 0 1 0 ,13 4,38 1
87	6 1 0 0 0 0 ,23 1
88	11 0 0 1 0 0 ,1 3
89	9 0 1 0 0 0 ,29 2
91	13 1 0 1 0 0 ,6 1,9 3
92	14 0 0 1 1 0 ,28 3,30 4
93	14 0 0 0 0 1 ,6 5
94	12 0 0 0 2 0 ,9 4,12 4
95	9 0 0 1 0 0 ,32 3
96	3 1 0 0 1 1 ,0 1,27 5,31 4
97	2 2 2 0 0 0 ,11 1,22 2,23 2,35 1
99	4 1 0 0 0 0 ,16 1
