0	0,1,2,3,4,5,6,7,8,9,10,11,12,13,14,15,16,17,18,19,20,21,22,23,24,25,26,
1	0,1,2,3,4,5,6,7,8,9,10,11,12,13,14,15,16,17,18,19,20,21,22,23,24,25,26,
2	0,1,2,3,4,5,6,7,8,9,10,11,12,13,14,15,16,17,18,19,20,21,22,23,24,25,26,
3	0,1,2,3,4,5,6,7,8,9,10,11,12,13,14,15,16,17,18,19,20,21,22,23,24,25,26,
4	0,1,2,3,4,5,6,7,8,9,10,11,12,13,14,15,16,17,18,19,20,21,22,23,24,25,26,
5	0,1,2,3,4,5,6,7,8,9,10,11,12,13,14,15,16,17,18,19,20,21,22,23,24,25,26,
6	2,3,4,6,7,11,12,13,14,15,18,20,21,23,24,26,
7	0,2,3,4,6,7,13,14,15,18,20,23,25,26,
8	0,4,5,6,10,12,16,18,22,23,25,26,
9	0,1,2,4,6,8,13,14,15,16,18,22,23,24,25,26,
10	5,6,8,12,18,
11	1,5,6,8,10,14,16,17,18,20,25,26,
12	4,7,8,16,18,25,
13	0,12,15,18,23,25,
14	26,
15	12,26,
16	12,25,
17	8,11,13,14,15,17,18,19,21,22,23,25,26,
18	3,4,11,
19	0,3,16,19,
21	2,3,4,5,
22	14,
23	6,
27	5,
30	6,
31	1,
36	16,
45	4,
46	4,
55	12,
60	2,
64	4,
67	12,
68	6,
69	6,
78	15,
79	1,
80	3,
82	4,
86	5,
99	2,3,
106	5,
112	4,5,
116	6,
119	16,
125	12,
166	7,
167	1,
170	3,
191	1,
192	4,
208	5,
209	0,
212	10,
215	10,
224	19,
242	1,
263	6,
268	7,
272	4,
277	2,
288	8,
308	0,
309	1,
321	5,
351	3,
362	2,
374	6,
382	1,
404	5,
405	6,
433	2,
435	2,
437	15,
439	2,
458	8,
462	19,
491	16,
497	1,
508	6,
514	5,
517	1,
520	7,
522	1,
528	1,
533	14,
534	3,
542	4,
575	6,
584	25,
593	15,
