0	17 0 0 0 1 0 ,30 4
1	21 0 0 1 0 0 ,2 3
2	16 0 1 0 1 0 ,13 4,19 2
3	14 0 0 1 0 0 ,23 3
4	13 0 0 0 1 0 ,12 4
5	26 0 0 0 1 0 ,22 4
6	17 2 1 0 0 0 ,8 1,19 2,26 1
7	17 1 0 0 0 0 ,26 1
8	19 0 0 1 0 0 ,9 3
10	6 1 0 0 0 0 ,27 1
11	14 0 0 1 2 0 ,28 4,29 3,31 4
15	5 0 0 2 1 0 ,6 4,22 3,24 3
17	14 1 0 0 1 1 ,7 5,13 4,23 1
22	16 0 0 1 0 1 ,13 5,19 3
24	19 0 1 0 0 0 ,19 2
25	14 1 0 0 0 1 ,23 1,28 5
26	16 0 1 0 0 0 ,1 2
27	5 1 0 2 0 0 ,8 3,11 3,24 1
28	17 1 0 0 0 0 ,10 1
29	16 0 2 0 0 0 ,1 2,7 2
30	3 0 0 1 0 1 ,2 5,4 3
31	1 2 0 0 0 0 ,14 1,21 1
32	14 0 1 0 1 0 ,26 2,31 4
33	17 1 0 0 0 0 ,30 1
35	2 0 2 0 1 1 ,5 5,15 2,17 4,28 2
36	14 0 0 1 0 0 ,31 3
39	13 1 0 1 1 2 ,1 5,7 3,17 1,22 5,26 4
40	13 0 0 0 0 1 ,12 5
41	2 0 1 2 1 0 ,3 3,12 4,16 2,25 3
42	16 0 0 1 0 1 ,1 5,29 3
43	19 1 0 1 0 0 ,9 3,28 1
44	17 0 0 0 0 1 ,7 5
45	16 0 0 1 0 0 ,0 3
47	16 0 1 0 0 1 ,0 5,28 2
48	16 0 0 0 1 1 ,11 4,32 5
49	16 0 0 0 0 2 ,11 5,30 5
50	19 0 0 1 0 0 ,9 3
51	13 0 0 1 0 0 ,17 3
52	16 1 0 0 0 0 ,13 1
54	17 0 1 0 0 0 ,10 2
56	10 1 0 1 1 0 ,5 1,11 3,26 4
57	16 0 2 0 1 0 ,7 2,13 2,29 4
58	11 1 1 0 0 0 ,6 2,10 1
59	9 0 1 0 0 3 ,2 5,17 2,19 5,21 5
60	5 2 0 0 0 0 ,11 1,24 1
61	9 1 1 0 0 0 ,17 2,21 1
62	1 1 1 0 1 0 ,1 2,10 4,18 1
63	14 0 1 0 1 0 ,22 4,31 2
66	16 0 1 0 0 1 ,0 5,32 2
67	16 0 1 0 0 1 ,2 2,32 5
68	21 0 0 0 1 0 ,2 4
69	13 1 1 0 0 0 ,8 2,17 1
70	16 0 1 0 0 1 ,0 2,22 5
72	18 0 0 2 0 0 ,8 3,9 3
73	14 0 0 0 1 2 ,23 5,28 5,30 4
74	19 0 0 0 0 1 ,19 5
76	17 0 0 0 1 0 ,10 4
78	18 0 1 0 1 0 ,2 2,8 4
80	9 0 1 0 0 0 ,21 2
81	18 0 0 0 1 0 ,29 4
82	14 1 0 0 0 0 ,31 1
83	10 0 0 1 1 1 ,5 4,9 5,32 3
84	16 1 0 0 0 0 ,0 1
86	14 0 1 0 0 1 ,23 2,26 5
87	17 0 0 0 0 1 ,10 5
91	11 0 0 0 1 0 ,6 4
92	11 1 0 0 0 0 ,6 1
93	5 0 0 0 1 1 ,20 5,29 4
94	14 0 1 0 0 1 ,22 5,23 2
95	16 1 0 0 0 0 ,32 1
96	17 0 0 1 0 0 ,30 3
97	6 0 0 0 0 2 ,8 5,27 5
98	19 0 1 0 0 0 ,9 2
