1	5 0 0 0 2 2 ,5 4,8 5,13 4,14 5
2	10 1 0 0 0 1 ,11 1,15 5
3	6 1 0 0 0 1 ,16 1,18 5
8	8 0 0 1 0 0 ,7 3
11	8 1 0 0 0 0 ,19 1
15	8 0 0 0 1 0 ,19 4
17	13 0 0 1 0 0 ,8 3
18	6 0 0 0 1 0 ,2 4
19	10 0 0 1 0 0 ,5 3
21	7 0 1 0 1 0 ,13 4,16 2
22	9 0 0 0 1 0 ,4 4
25	8 0 0 1 1 0 ,11 4,19 3
29	8 0 0 1 0 0 ,7 3
31	5 0 0 0 0 1 ,20 5
33	13 0 0 0 1 0 ,8 4
34	10 0 0 0 2 0 ,3 4,11 4
35	10 0 1 0 1 0 ,3 4,5 2
37	10 1 0 0 0 0 ,5 1
39	18 0 1 0 0 0 ,9 2
45	18 0 0 1 0 0 ,9 3
48	8 0 1 0 0 0 ,7 2
49	6 0 0 0 0 1 ,12 5
50	6 1 0 0 0 0 ,12 1
55	3 0 0 1 0 0 ,10 3
61	2 1 0 0 0 0 ,1 1
65	6 2 1 0 0 0 ,8 1,13 2,18 1
66	6 0 1 0 0 0 ,2 2
69	2 1 0 0 0 1 ,0 5,1 1
74	10 1 0 0 0 0 ,3 1
76	15 0 0 1 1 0 ,9 4,13 3
79	12 0 0 1 0 0 ,11 3
81	18 0 0 0 0 1 ,9 5
82	18 0 0 0 1 0 ,9 4
84	14 0 0 0 1 0 ,0 4
85	15 0 1 0 0 0 ,13 2
86	10 0 0 0 0 1 ,15 5
95	1 2 0 0 0 0 ,3 1,17 1
96	7 0 0 0 1 0 ,16 4
97	14 0 0 0 0 1 ,0 5
98	9 0 0 0 0 1 ,4 5
99	5 0 0 0 0 1 ,6 5
