4	3 1 0 0 0 0 ,23 1
10	17 1 0 0 0 0 ,12 1
11	5 0 0 1 0 0 ,21 3
14	7 0 0 1 0 0 ,11 3
15	5 0 0 1 0 1 ,5 5,18 3
16	3 0 0 1 0 0 ,25 3
18	3 1 0 0 0 0 ,23 1
19	4 1 0 1 0 0 ,14 1,18 3
21	15 1 0 1 0 0 ,0 1,15 3
23	17 0 1 0 0 0 ,15 2
24	21 0 0 1 0 0 ,20 3
25	15 0 1 0 0 0 ,19 2
26	5 0 2 0 0 1 ,8 2,18 5,21 2
27	10 0 1 0 0 0 ,2 2
31	17 0 1 0 1 0 ,12 4,20 2
32	15 0 0 0 1 1 ,0 4,20 5
34	17 0 0 1 0 0 ,12 3
36	8 0 0 0 0 1 ,16 5
37	11 0 0 1 1 0 ,3 3,6 4
38	13 1 0 1 0 0 ,6 1,24 3
39	17 0 0 1 0 0 ,15 3
41	17 0 0 0 1 0 ,12 4
42	2 0 1 0 0 0 ,13 2
43	13 0 0 0 1 0 ,6 4
46	8 0 1 0 0 0 ,16 2
47	10 0 0 1 1 0 ,2 3,7 4
49	3 0 0 1 0 0 ,17 3
50	3 1 1 0 0 1 ,10 5,18 2,23 1
52	4 2 0 0 0 0 ,14 1,19 1
54	10 1 0 0 0 0 ,10 1
56	14 0 1 0 0 0 ,9 2
58	8 1 0 0 0 0 ,16 1
59	7 1 0 0 0 0 ,11 1
60	17 0 0 0 1 0 ,12 4
61	17 0 0 0 0 1 ,15 5
62	7 0 0 1 0 0 ,11 3
66	1 1 1 0 0 0 ,1 1,14 2
67	17 1 0 0 0 0 ,12 1
68	15 0 1 0 0 0 ,19 2
69	6 0 0 0 1 1 ,7 5,8 4
70	10 1 1 0 0 0 ,3 1,10 2
71	2 0 1 0 0 0 ,22 2
72	15 0 0 0 1 0 ,0 4
75	15 0 0 2 0 0 ,18 3,19 3
77	17 0 0 0 1 0 ,15 4
80	11 0 0 0 2 0 ,3 4,4 4
81	11 0 1 1 1 0 ,3 2,6 4,24 3
82	11 0 0 0 1 2 ,4 4,9 5,24 5
83	21 0 0 1 0 0 ,20 3
84	21 0 0 0 0 1 ,20 5
85	11 0 0 1 0 0 ,4 3
87	15 1 0 0 0 0 ,0 1
89	10 0 1 1 0 1 ,2 5,9 3,10 2
90	15 1 0 0 0 1 ,0 5,18 1
91	15 0 0 1 1 0 ,20 3,24 4
93	14 0 0 0 1 0 ,9 4
94	11 1 0 0 0 0 ,3 1
95	15 0 0 0 0 1 ,19 5
98	15 0 1 0 0 0 ,19 2
99	11 0 1 0 0 0 ,7 2
