2	15 0 1 0 0 0 ,26 2
3	12 0 1 0 1 1 ,14 4,17 5,22 2
4	6 0 0 0 0 1 ,19 5
5	9 0 1 1 1 0 ,2 3,3 2,20 4
6	3 1 2 0 0 1 ,5 5,13 2,15 1,26 2
7	5 1 1 0 0 0 ,6 2,26 1
9	13 0 2 0 0 0 ,0 2,18 2
12	15 0 1 0 0 1 ,14 5,26 2
14	15 0 0 0 1 0 ,7 4
16	16 0 0 0 1 0 ,2 4
19	4 1 0 0 1 0 ,14 1,21 4
20	8 0 0 0 1 1 ,1 5,26 4
21	9 0 1 0 0 1 ,2 2,20 5
22	12 0 1 0 1 1 ,4 5,10 2,26 4
24	6 2 0 2 0 0 ,9 1,11 3,19 1,27 3
25	12 0 0 1 0 0 ,10 3
26	13 1 0 0 0 0 ,24 1
27	15 0 0 1 0 1 ,7 5,17 3
28	12 1 0 0 0 0 ,5 1
31	12 0 0 0 1 0 ,22 4
32	15 1 0 0 0 0 ,7 1
33	14 1 1 0 0 0 ,7 2,18 1
38	2 0 1 0 1 0 ,8 2,12 4
40	16 1 0 0 0 0 ,2 1
41	10 0 0 0 0 1 ,16 5
42	6 0 0 1 0 0 ,27 3
43	12 0 1 1 0 0 ,22 2,24 3
48	13 0 0 0 1 1 ,3 5,24 4
49	20 0 0 0 0 1 ,17 5
51	24 0 0 0 1 0 ,4 4
52	6 0 0 1 0 1 ,2 3,9 5
54	16 0 1 0 1 0 ,4 4,11 2
55	16 1 0 0 0 0 ,11 1
56	16 0 0 1 0 0 ,2 3
59	5 1 0 0 1 0 ,5 4,25 1
60	13 0 0 0 0 1 ,12 5
61	5 0 0 1 0 0 ,13 3
62	5 0 0 1 0 0 ,6 3
63	5 1 0 0 0 0 ,25 1
64	10 0 0 1 0 0 ,16 3
65	1 1 0 0 1 0 ,0 4,23 1
66	14 1 0 0 0 0 ,18 1
67	14 0 0 0 1 0 ,18 4
69	16 0 0 0 0 1 ,11 5
71	12 1 0 0 0 0 ,5 1
73	3 1 2 0 1 1 ,0 4,11 1,14 5,15 2,16 2
76	20 0 0 1 0 0 ,17 3
77	8 1 0 1 0 0 ,1 3,4 1
78	15 0 0 1 0 0 ,7 3
79	14 1 0 0 0 0 ,18 1
81	12 0 0 1 0 0 ,10 3
82	12 0 0 0 1 0 ,22 4
83	24 0 0 0 0 1 ,4 5
86	13 1 0 0 0 1 ,3 1,14 5
90	13 0 0 1 0 0 ,0 3
91	20 1 0 0 0 0 ,17 1
92	12 1 0 0 0 1 ,5 1,18 5
93	5 0 0 1 1 1 ,12 4,24 5,25 3
94	12 0 0 1 1 0 ,10 4,17 3
95	24 0 0 0 0 1 ,4 5
96	16 0 0 0 1 0 ,11 4
99	13 0 0 0 0 1 ,3 5
