0	6 0 0 1 0 0 ,22 3
1	3 1 0 1 0 0 ,1 3,27 1
2	8 0 0 0 0 1 ,11 5
3	6 0 0 0 2 0 ,13 4,24 4
4	15 0 0 0 0 1 ,4 5
7	14 0 0 1 1 0 ,16 4,25 3
9	12 1 0 0 0 0 ,6 1
10	10 0 2 1 0 1 ,4 3,9 2,14 2,23 5
11	12 0 0 0 0 1 ,6 5
12	9 0 0 0 1 0 ,26 4
14	6 1 1 0 0 1 ,2 5,7 2,13 1
15	18 0 0 0 1 1 ,14 4,24 5
16	20 0 0 0 1 0 ,8 4
18	15 0 1 0 0 0 ,4 2
19	5 0 0 1 0 0 ,29 3
20	6 0 1 0 0 1 ,6 5,22 2
25	3 0 1 1 0 0 ,8 3,27 2
26	4 1 1 1 0 1 ,3 1,5 2,8 5,12 3
27	7 1 0 1 0 1 ,0 5,14 1,20 3
28	9 0 1 1 0 0 ,1 2,26 3
29	9 0 1 0 1 2 ,7 2,12 5,16 4,18 5
30	5 1 0 1 0 0 ,25 3,29 1
36	12 0 0 1 0 1 ,9 5,12 3
38	9 1 0 0 0 0 ,18 1
40	7 3 0 1 0 0 ,2 1,17 1,26 1,30 3
41	15 0 0 1 0 0 ,19 3
42	20 0 0 0 0 1 ,8 5
43	8 0 0 1 1 0 ,11 3,12 4
45	9 0 0 0 1 0 ,10 4
46	9 1 0 0 0 0 ,26 1
51	1 1 0 0 0 0 ,21 1
52	9 0 1 0 1 0 ,9 4,18 2
56	14 0 1 0 1 0 ,16 2,24 4
58	5 0 0 1 0 0 ,28 3
60	1 1 1 0 0 1 ,10 5,15 1,19 2
62	11 1 0 1 1 0 ,2 3,3 1,16 4
63	11 0 1 0 0 0 ,3 2
65	9 2 0 0 0 0 ,6 1,18 1
66	20 0 0 1 0 0 ,8 3
67	11 1 0 0 1 0 ,1 1,2 4
69	11 0 0 0 0 1 ,7 5
70	9 1 0 0 1 0 ,20 4,30 1
71	11 0 0 0 0 1 ,1 5
73	11 0 0 1 0 0 ,30 3
74	6 1 0 0 1 2 ,3 4,19 5,22 1,24 5
75	5 2 0 0 0 0 ,13 1,29 1
76	18 0 1 0 0 0 ,14 2
79	18 0 0 0 1 0 ,14 4
80	7 0 1 1 0 0 ,0 2,30 3
84	11 1 0 1 0 0 ,3 3,12 1
85	10 1 0 0 0 1 ,4 1,23 5
86	16 0 0 0 1 1 ,14 5,25 4
88	11 0 1 0 0 0 ,7 2
89	7 0 3 0 0 1 ,2 2,17 2,19 5,25 2
90	11 1 0 0 0 0 ,30 1
91	7 0 0 0 1 0 ,17 4
92	9 0 1 0 0 0 ,20 2
95	5 0 1 0 0 0 ,28 2
96	15 0 0 0 2 0 ,4 4,25 4
98	4 0 1 0 0 0 ,5 2
99	12 1 0 0 0 0 ,9 1
