0	4 1 0 0 0 0 ,11 1
1	6 1 0 0 0 0 ,24 1
2	14 0 0 0 0 1 ,8 5
3	17 1 0 0 0 0 ,5 1
4	17 0 0 0 1 0 ,5 4
5	14 0 0 0 1 0 ,17 4
7	6 0 1 1 1 0 ,10 3,24 2,25 4
8	11 1 1 0 0 0 ,20 1,25 2
9	2 0 1 0 0 0 ,2 2
11	13 0 0 0 0 3 ,9 5,10 5,14 5
12	12 1 0 1 1 0 ,7 1,8 4,21 3
15	19 0 0 0 1 0 ,21 4
16	11 1 0 0 0 0 ,20 1
17	12 1 0 0 1 0 ,7 1,17 4
18	10 1 0 0 0 0 ,0 1
19	19 1 0 0 0 0 ,19 1
21	10 0 0 0 1 0 ,6 4
23	12 0 0 1 0 1 ,7 3,22 5
24	14 0 0 1 0 0 ,8 3
25	14 0 0 1 0 0 ,4 3
27	2 1 0 0 0 0 ,23 1
28	10 0 0 1 0 0 ,6 3
29	8 0 0 0 1 0 ,16 4
30	14 1 0 0 0 0 ,17 1
31	19 0 0 0 1 1 ,19 5,25 4
32	17 0 0 0 2 0 ,9 4,10 4
33	5 1 0 0 1 0 ,1 4,21 1
34	21 0 0 0 0 1 ,9 5
35	2 1 0 0 0 0 ,18 1
37	8 0 0 0 1 0 ,16 4
38	7 0 1 0 1 1 ,3 5,5 2,19 4
39	11 0 0 0 1 1 ,7 4,20 5
40	10 0 0 0 1 0 ,0 4
42	19 1 0 0 0 0 ,19 1
45	6 0 0 2 0 0 ,15 3,19 3
47	14 0 0 1 0 0 ,4 3
49	23 0 0 0 0 1 ,25 5
51	14 1 0 0 0 0 ,8 1
52	5 1 1 0 1 0 ,13 1,14 4,22 2
53	10 0 0 0 0 1 ,0 5
54	12 0 0 1 0 0 ,7 3
55	5 0 0 0 1 0 ,13 4
57	14 0 0 0 1 0 ,4 4
58	13 0 0 0 1 0 ,14 4
62	17 0 0 0 0 1 ,5 5
63	10 0 0 2 0 0 ,6 3,9 3
65	11 0 0 1 0 0 ,20 3
66	19 0 0 0 1 0 ,21 4
68	15 0 0 0 1 1 ,12 4,25 5
69	7 0 1 0 0 0 ,3 2
70	13 0 1 0 0 0 ,22 2
73	13 1 0 1 0 0 ,12 3,22 1
74	13 0 0 1 0 0 ,22 3
75	21 0 1 1 0 0 ,9 2,25 3
77	2 1 0 0 0 1 ,12 5,18 1
78	4 0 0 1 0 0 ,11 3
79	2 0 1 0 0 0 ,26 2
83	17 0 1 1 0 0 ,9 2,10 3
85	11 1 0 0 0 1 ,19 5,20 1
86	14 0 0 1 1 0 ,4 4,12 3
89	14 1 1 0 0 1 ,8 1,10 2,17 5
90	6 0 0 2 0 0 ,5 3,24 3
93	19 0 0 0 1 0 ,21 4
94	2 1 0 0 0 0 ,23 1
96	6 0 0 1 0 0 ,15 3
98	19 0 0 1 0 0 ,21 3
99	5 1 1 0 0 0 ,1 1,5 2
