0	17 0 1 0 0 0 ,0 2
2	7 0 0 1 0 0 ,15 3
4	18 0 0 0 0 1 ,9 5
6	8 1 0 0 0 0 ,21 1
8	7 0 1 1 0 0 ,1 3,3 2
9	8 0 0 0 0 1 ,21 5
12	10 0 1 0 0 1 ,0 5,10 2
13	16 0 0 0 1 0 ,7 4
14	20 0 0 0 1 0 ,5 4
18	11 0 0 0 0 1 ,20 5
19	17 0 0 0 1 0 ,0 4
20	18 0 1 0 0 0 ,9 2
21	9 0 0 0 0 1 ,14 5
22	7 1 1 0 0 0 ,3 1,7 2
23	18 0 0 0 0 1 ,13 5
27	6 0 0 1 0 2 ,2 3,13 5,27 5
30	6 0 1 1 1 0 ,1 4,4 2,13 3
31	4 0 0 0 1 0 ,22 4
36	11 0 1 0 0 0 ,20 2
42	20 0 0 0 1 0 ,5 4
43	15 0 0 0 1 0 ,2 4
44	2 0 1 1 0 0 ,20 3,25 2
46	15 0 0 0 0 1 ,2 5
48	20 0 0 0 0 1 ,5 5
50	4 0 0 1 0 0 ,11 3
51	5 1 0 0 0 0 ,8 1
52	4 2 0 0 0 0 ,11 1,21 1
53	3 0 0 1 0 1 ,10 5,17 3
55	10 2 1 1 0 0 ,2 2,5 1,7 1,10 3
57	1 1 0 0 3 0 ,4 4,9 4,14 4,23 1
59	2 0 1 0 0 0 ,6 2
60	15 0 0 0 1 0 ,1 4
62	2 1 1 0 0 1 ,3 1,12 5,19 2
63	6 0 1 0 1 0 ,9 4,26 2
66	6 1 0 1 0 0 ,0 3,27 1
68	6 0 0 0 1 1 ,7 5,26 4
69	7 1 0 0 0 0 ,15 1
70	5 1 0 0 0 1 ,20 1,24 5
71	18 0 0 0 0 1 ,13 5
74	5 0 0 0 0 1 ,16 5
75	7 0 0 1 0 0 ,3 3
78	8 1 0 0 1 0 ,18 4,21 1
81	7 0 0 1 0 0 ,15 3
83	5 0 1 0 1 0 ,0 2,8 4
90	16 1 0 0 1 0 ,0 1,7 4
92	18 0 0 1 0 0 ,9 3
95	1 2 0 0 0 0 ,5 1,28 1
96	11 0 0 0 1 0 ,18 4
97	10 1 0 0 0 1 ,2 1,12 5
98	11 0 0 1 1 0 ,1 4,18 3
99	20 0 0 0 0 1 ,5 5
