0	4 0 0 1 1 0 ,14 3,20 4
1	11 0 0 0 0 1 ,0 5
3	11 0 0 1 0 0 ,3 3
4	12 0 0 0 1 1 ,4 4,13 5
5	11 1 0 0 0 0 ,16 1
8	2 0 1 0 0 0 ,12 2
11	10 1 0 0 1 0 ,8 1,10 4
13	12 1 0 0 0 0 ,8 1
14	6 0 1 0 0 0 ,7 2
15	2 0 2 0 0 0 ,3 2,5 2
16	12 0 1 0 0 0 ,1 2
20	21 0 0 0 0 1 ,20 5
22	12 1 0 0 0 0 ,13 1
23	10 0 0 0 2 1 ,2 4,4 4,10 5
24	20 0 0 0 1 0 ,4 4
26	9 0 0 1 0 0 ,9 3
27	12 1 0 0 0 0 ,8 1
28	21 0 0 0 0 1 ,15 5
29	9 1 0 0 0 0 ,9 1
30	11 1 1 0 0 0 ,6 1,15 2
31	12 0 1 0 0 0 ,8 2
32	11 0 0 1 0 0 ,6 3
33	17 0 0 0 1 0 ,2 4
35	12 0 1 0 0 1 ,13 2,18 5
36	20 0 0 0 1 0 ,4 4
38	13 0 0 1 0 0 ,11 3
40	21 0 0 0 1 0 ,15 4
41	11 0 1 0 1 0 ,11 4,16 2
42	17 0 1 1 0 0 ,2 2,4 3
45	9 1 0 0 0 0 ,9 1
46	5 0 0 0 1 0 ,17 4
48	10 1 0 0 0 0 ,10 1
51	11 0 1 1 0 0 ,16 3,20 2
53	11 0 0 1 0 1 ,15 5,16 3
54	17 0 1 0 0 0 ,2 2
55	11 1 0 0 1 0 ,6 4,11 1
57	17 0 0 0 0 1 ,2 5
58	12 0 0 0 1 0 ,13 4
59	16 0 0 0 1 0 ,18 4
60	12 0 0 0 0 1 ,1 5
63	11 0 1 0 1 0 ,3 2,18 4
64	21 0 0 0 0 1 ,20 5
65	11 1 0 0 0 0 ,16 1
67	11 1 0 1 0 0 ,0 3,19 1
69	12 0 0 1 0 0 ,8 3
70	12 0 0 0 1 0 ,8 4
71	15 0 0 0 0 1 ,19 5
72	21 0 0 0 0 1 ,15 5
73	15 0 0 0 1 0 ,19 4
74	15 0 1 0 0 0 ,19 2
75	11 0 0 1 0 0 ,0 3
78	11 0 1 1 0 0 ,3 2,6 3
79	9 1 0 0 1 0 ,9 4,20 1
81	16 0 0 1 0 0 ,18 3
84	11 1 0 0 0 0 ,16 1
85	11 1 1 0 0 0 ,3 2,4 1
87	15 0 0 1 0 0 ,19 3
92	21 0 0 0 1 0 ,20 4
93	4 1 0 0 1 2 ,1 5,7 4,11 5,14 1
97	5 1 0 0 0 0 ,17 1
