0	11 1 1 0 0 1 ,1 5,4 2,26 1
1	11 1 0 0 1 0 ,3 4,7 1
2	11 0 0 1 1 0 ,24 4,27 3
3	12 0 2 2 0 0 ,0 2,8 3,17 3,33 2
4	19 0 0 0 1 0 ,23 4
5	4 0 0 1 0 0 ,16 3
7	11 2 0 0 0 0 ,6 1,24 1
8	14 1 0 1 0 0 ,36 1,37 3
9	7 0 0 0 0 3 ,3 5,28 5,34 5
10	5 0 0 0 1 0 ,25 4
12	16 0 0 0 1 1 ,1 4,20 5
13	12 0 1 0 1 0 ,6 4,27 2
14	3 0 1 1 0 0 ,9 2,11 3
15	3 3 0 0 0 0 ,14 1,31 1,32 1
17	10 0 0 2 0 0 ,20 3,35 3
18	14 0 1 1 0 0 ,9 2,37 3
19	4 0 0 1 1 0 ,18 4,23 3
20	11 1 0 0 0 1 ,9 5,15 1
21	16 0 0 1 0 0 ,20 3
23	6 0 0 0 2 0 ,1 4,22 4
24	5 1 1 0 0 0 ,3 2,29 1
25	7 0 1 0 0 0 ,34 2
26	17 1 0 0 0 1 ,17 5,32 1
27	18 0 0 1 0 0 ,2 3
28	12 1 1 1 0 0 ,8 3,10 2,27 1
29	17 0 0 1 1 1 ,21 4,23 3,32 5
30	17 0 0 0 1 1 ,2 4,32 5
31	11 0 0 0 0 1 ,7 5
32	6 0 0 1 2 1 ,0 3,21 5,28 4,30 4
33	19 1 0 0 0 0 ,23 1
34	11 0 0 1 0 0 ,26 3
35	16 0 1 0 1 1 ,6 4,9 5,33 2
37	11 0 1 0 0 0 ,15 2
38	12 0 0 1 0 0 ,27 3
39	16 0 1 0 0 0 ,33 2
40	5 0 1 0 0 0 ,29 2
41	15 0 0 1 0 0 ,36 3
42	17 0 0 0 1 1 ,21 5,32 4
43	15 0 0 0 0 3 ,4 5,20 5,23 5
44	11 0 1 0 0 0 ,15 2
45	16 0 1 0 0 0 ,0 2
46	6 1 0 0 0 0 ,22 1
47	11 0 1 1 0 0 ,0 3,26 2
49	5 1 0 0 0 0 ,25 1
52	11 1 0 0 1 0 ,26 1,33 4
53	15 0 0 0 0 1 ,4 5
54	11 1 0 0 0 0 ,24 1
55	5 1 1 2 0 1 ,0 5,5 3,22 1,27 2,28 3
57	3 0 1 1 1 0 ,10 2,12 3,35 4
58	2 0 1 1 0 0 ,17 3,19 2
59	4 1 0 0 1 0 ,16 1,36 4
61	11 1 0 0 0 0 ,24 1
63	16 1 1 0 0 0 ,0 1,33 2
64	10 1 2 0 0 0 ,1 2,4 1,35 2
66	6 1 0 0 1 0 ,32 1,39 4
67	12 1 0 0 0 0 ,27 1
68	11 0 0 0 1 1 ,2 5,24 4
69	1 2 1 2 0 0 ,9 3,13 1,15 1,17 3,36 2
71	16 0 0 0 1 0 ,33 4
73	11 0 1 0 0 0 ,15 2
74	20 0 0 1 0 0 ,9 3
75	14 0 0 0 1 1 ,17 4,37 5
77	6 0 1 0 0 1 ,36 5,39 2
78	11 0 0 2 0 0 ,2 3,15 3
79	18 0 1 0 0 0 ,6 2
81	5 0 1 0 0 0 ,5 2
82	6 0 1 0 0 0 ,30 2
83	3 1 1 1 0 0 ,1 1,21 3,31 2
84	11 0 0 1 0 0 ,26 3
85	12 0 0 0 0 1 ,8 5
87	11 1 0 1 0 1 ,7 5,8 1,37 3
88	10 2 0 0 1 0 ,10 4,26 1,35 1
89	2 0 1 0 0 0 ,38 2
90	9 0 0 1 1 0 ,14 4,23 3
93	17 1 0 0 0 0 ,1 1
94	21 0 0 1 0 0 ,17 3
95	18 0 0 1 0 0 ,2 3
96	5 0 1 0 0 1 ,10 5,29 2
97	18 0 1 0 0 0 ,6 2
98	9 0 0 0 1 1 ,6 5,14 4
99	15 0 1 0 0 0 ,4 2
