0	19 0 0 0 0 1 ,17 5
3	18 0 0 0 0 1 ,14 5
4	10 1 0 0 1 0 ,2 4,16 1
5	5 1 0 0 0 0 ,5 1
6	2 0 1 0 0 0 ,10 2
8	22 0 0 0 1 0 ,3 4
9	7 0 1 0 0 1 ,3 2,15 5
10	11 1 0 0 0 0 ,11 1
11	9 1 0 0 0 1 ,14 1,21 5
12	4 0 0 1 0 0 ,12 3
13	15 0 0 0 1 0 ,23 4
15	12 0 1 0 0 0 ,8 2
16	11 1 0 0 0 0 ,4 1
18	10 0 0 1 0 0 ,16 3
19	11 0 2 0 0 1 ,2 2,3 5,11 2
23	11 0 2 0 0 0 ,4 2,7 2
25	22 0 1 0 0 0 ,22 2
26	12 1 0 0 2 0 ,8 4,9 1,19 4
28	12 0 1 0 1 0 ,3 2,7 4
30	4 1 0 0 0 0 ,12 1
32	10 0 1 0 1 0 ,8 2,20 4
36	4 0 0 1 2 0 ,0 4,2 4,24 3
37	3 0 0 1 0 0 ,6 3
38	10 0 1 1 0 2 ,14 5,16 5,17 2,18 3
42	3 1 1 0 0 0 ,2 2,25 1
43	3 0 1 0 1 0 ,5 4,25 2
44	9 0 0 1 0 0 ,24 3
45	2 0 1 0 0 1 ,1 2,13 5
47	11 0 1 0 0 1 ,11 2,18 5
48	15 0 0 0 0 2 ,19 5,22 5
50	17 0 0 0 1 0 ,9 4
52	15 0 0 1 0 0 ,23 3
54	19 0 0 0 0 1 ,17 5
55	11 1 0 1 0 0 ,8 1,11 3
57	11 1 0 0 0 1 ,3 5,4 1
60	19 0 0 0 1 0 ,2 4
61	12 0 0 1 0 0 ,7 3
63	11 0 0 2 0 0 ,4 3,11 3
64	10 0 1 0 0 0 ,20 2
66	17 0 0 0 0 1 ,9 5
67	12 0 1 0 0 0 ,8 2
69	12 2 0 0 0 0 ,8 1,18 1
70	13 0 0 0 1 0 ,18 4
71	15 0 0 1 0 1 ,22 5,23 3
73	22 0 0 1 0 0 ,22 3
74	18 0 0 0 1 0 ,14 4
75	9 0 1 1 0 0 ,17 2,24 3
76	22 0 0 0 1 0 ,22 4
77	15 1 0 1 0 0 ,14 3,23 1
78	9 0 0 0 1 0 ,13 4
79	11 0 1 1 1 0 ,2 3,4 4,7 2
80	17 0 0 1 1 0 ,9 4,22 3
82	22 0 0 0 1 0 ,3 4
83	5 1 0 0 1 0 ,16 1,26 4
86	15 0 1 0 0 0 ,19 2
88	9 0 0 0 1 0 ,21 4
89	10 0 0 0 1 0 ,20 4
90	12 1 0 0 0 0 ,7 1
94	15 0 1 1 0 0 ,17 3,19 2
95	7 0 2 0 0 0 ,15 2,17 2
97	5 1 0 1 0 0 ,9 3,26 1
98	15 0 1 1 0 0 ,19 2,23 3
99	15 1 0 0 0 0 ,23 1
