0	7 0 0 0 1 0 ,14 4
1	2 1 0 0 1 0 ,6 1,22 4
6	9 0 0 0 1 0 ,20 4
7	11 1 0 0 2 0 ,15 4,22 1,25 4
9	13 1 0 0 0 0 ,10 1
10	13 0 1 0 0 2 ,5 5,19 5,24 2
11	10 0 0 1 0 0 ,17 3
14	3 0 0 3 0 0 ,0 3,8 3,10 3
16	16 0 0 1 0 0 ,24 3
20	20 0 0 1 0 0 ,25 3
21	21 0 0 0 1 0 ,19 4
22	10 0 0 0 0 1 ,13 5
23	4 1 0 0 1 0 ,1 4,23 1
26	11 1 0 0 0 0 ,3 1
33	20 0 1 0 0 0 ,25 2
34	12 0 0 0 1 0 ,26 4
35	6 0 1 0 0 0 ,21 2
36	5 1 0 0 0 2 ,4 1,10 5,18 5
39	11 0 0 0 1 0 ,12 4
41	9 0 0 0 1 1 ,8 5,11 4
44	11 0 0 0 1 0 ,22 4
45	20 0 0 1 0 0 ,25 3
47	7 0 1 0 0 0 ,16 2
48	20 0 0 0 0 1 ,25 5
51	7 0 0 1 0 0 ,14 3
54	13 0 0 0 0 1 ,15 5
57	10 2 0 1 0 1 ,3 3,5 1,17 1,19 5
58	7 0 1 1 0 0 ,3 3,16 2
59	16 0 1 0 0 0 ,24 2
60	13 0 0 1 0 0 ,15 3
61	8 0 2 0 0 0 ,2 2,13 2
63	10 0 0 2 0 0 ,17 3,25 3
65	12 0 0 1 1 0 ,7 4,26 3
66	16 0 0 0 1 1 ,7 5,24 4
67	8 0 0 0 2 1 ,9 4,24 5,26 4
68	11 0 0 0 1 0 ,3 4
70	11 0 1 0 0 0 ,22 2
71	5 0 1 0 0 0 ,4 2
72	2 1 0 0 0 0 ,6 1
73	12 1 0 0 0 0 ,26 1
74	6 0 1 0 1 0 ,12 2,21 4
77	21 0 0 0 1 0 ,19 4
81	10 0 0 1 0 1 ,8 5,17 3
84	5 0 1 0 0 1 ,4 2,11 5
86	8 0 0 1 1 0 ,5 3,9 4
90	17 0 0 0 1 0 ,7 4
92	7 1 0 1 0 0 ,2 1,16 3
93	9 0 0 0 1 1 ,10 4,20 5
94	21 1 0 0 0 0 ,19 1
95	5 1 1 1 2 0 ,7 4,13 3,15 1,19 2,23 4
97	8 0 0 1 1 0 ,2 3,5 4
98	8 0 1 0 0 0 ,2 2
99	11 0 0 0 0 1 ,12 5
