0	18 1 0 0 1 0 ,19 1,30 4
1	8 1 0 1 0 1 ,6 3,20 5,25 1
2	14 2 0 0 1 0 ,12 1,15 4,20 1
3	21 0 0 0 1 0 ,1 4
4	11 0 0 0 2 0 ,10 4,27 4
5	14 1 0 0 1 0 ,3 1,8 4
6	4 1 0 1 1 0 ,16 3,17 1,27 4
7	14 0 0 0 1 0 ,28 4
8	19 0 0 1 0 0 ,9 3
9	19 0 1 0 0 1 ,14 2,32 5
12	14 0 0 0 0 1 ,28 5
13	13 0 0 1 0 1 ,0 3,1 5
14	9 1 1 0 2 0 ,4 4,9 1,18 4,31 2
15	11 0 0 1 0 1 ,10 3,14 5
16	19 1 0 0 0 0 ,9 1
17	14 0 0 0 1 1 ,3 4,19 5
18	11 1 1 0 0 1 ,1 5,31 1,34 2
19	3 1 0 1 0 1 ,5 3,32 1,34 5
20	14 0 1 1 2 0 ,1 4,15 2,29 4,32 3
23	13 0 1 0 0 1 ,12 5,27 2
24	19 0 0 0 1 0 ,20 4
25	19 0 0 0 1 1 ,20 5,34 4
26	7 0 0 0 1 0 ,16 4
28	12 0 0 0 0 1 ,33 5
29	6 0 1 0 0 0 ,24 2
30	10 1 1 0 0 0 ,7 1,28 2
33	7 0 1 1 0 0 ,18 2,21 3
34	14 1 1 0 0 0 ,3 1,19 2
35	7 0 0 0 1 0 ,21 4
36	13 1 0 0 0 0 ,0 1
37	23 0 0 0 0 1 ,34 5
38	19 0 0 0 1 0 ,11 4
39	9 0 1 1 0 0 ,26 2,33 3
40	7 0 1 1 1 1 ,0 5,7 4,13 2,31 3
41	21 0 0 0 0 1 ,14 5
42	6 0 1 1 0 1 ,24 3,29 5,33 2
43	19 1 0 1 0 0 ,11 1,32 3
45	11 1 0 1 0 0 ,8 3,10 1
46	8 0 0 0 0 1 ,6 5
48	13 1 0 0 0 0 ,27 1
49	11 1 0 1 0 0 ,10 3,19 1
50	16 0 0 0 1 1 ,12 5,19 4
51	14 2 0 1 0 0 ,3 1,15 1,30 3
52	3 0 0 1 0 1 ,8 5,23 3
54	19 0 1 0 0 0 ,11 2
55	11 0 1 0 0 0 ,31 2
56	14 1 0 0 1 1 ,2 5,15 1,34 4
57	7 0 0 1 0 0 ,13 3
58	19 0 0 0 1 0 ,11 4
59	12 1 0 0 0 0 ,18 1
60	18 0 0 1 0 0 ,30 3
61	7 0 3 0 0 0 ,1 2,13 2,32 2
62	14 0 1 1 0 0 ,3 2,15 3
63	9 0 0 1 0 0 ,26 3
64	13 0 1 0 0 2 ,8 5,9 5,25 2
68	18 0 0 0 0 1 ,30 5
69	21 1 0 0 0 0 ,1 1
70	14 0 0 0 1 1 ,3 5,20 4
71	9 0 1 0 0 0 ,26 2
73	21 0 0 2 0 0 ,14 3,34 3
74	6 1 1 0 0 0 ,2 2,24 1
75	10 1 0 0 0 0 ,7 1
77	13 0 1 0 0 0 ,27 2
78	9 0 1 0 0 1 ,18 5,26 2
80	4 0 1 0 0 1 ,17 2,19 5
82	10 0 0 0 1 2 ,2 5,7 4,12 5
83	19 0 0 1 1 1 ,8 3,9 4,32 5
84	18 1 0 0 0 0 ,30 1
85	13 0 0 0 1 1 ,0 4,14 5
86	14 0 0 2 0 0 ,15 3,28 3
88	4 1 0 0 0 1 ,17 1,25 5
89	18 0 1 0 0 1 ,9 5,30 2
90	5 0 0 1 0 0 ,22 3
92	14 0 0 0 0 2 ,11 5,29 5
94	11 0 0 1 0 1 ,25 5,31 3
95	19 0 0 1 0 0 ,11 3
96	5 0 2 0 0 0 ,22 2,33 2
97	9 1 0 0 0 1 ,4 5,14 1
99	15 0 0 1 0 0 ,2 3
