0	1 1 0 0 0 0 ,35 1
1	8 0 1 0 1 0 ,2 2,16 4
2	22 0 0 1 0 0 ,5 3
3	1 2 0 1 1 0 ,14 3,26 4,30 1,31 1
4	13 0 0 0 0 1 ,25 5
5	11 0 0 0 0 1 ,38 5
6	8 0 0 1 1 0 ,3 4,4 3
7	12 0 1 0 1 0 ,13 2,39 4
11	9 0 0 0 1 1 ,5 5,26 4
12	12 0 1 0 0 0 ,36 2
13	20 0 0 0 0 1 ,9 5
14	22 0 0 0 1 1 ,14 5,17 4
15	6 2 0 0 0 0 ,7 1,19 1
16	18 0 0 1 0 0 ,4 3
18	5 0 2 1 1 0 ,6 3,17 2,19 2,20 4
19	12 0 0 1 0 0 ,13 3
20	17 0 0 0 1 0 ,15 4
21	20 0 0 1 0 0 ,9 3
22	11 0 0 1 0 1 ,16 3,39 5
23	10 0 0 0 2 0 ,12 4,39 4
24	6 1 0 0 0 0 ,19 1
25	20 0 0 0 2 0 ,9 4,17 4
26	12 1 0 0 0 1 ,15 1,36 5
27	6 1 0 0 0 0 ,7 1
28	11 0 0 1 0 0 ,38 3
29	22 0 0 0 1 0 ,14 4
30	17 0 0 1 0 0 ,15 3
31	17 0 0 0 0 1 ,18 5
32	3 0 0 1 0 0 ,27 3
35	2 1 0 1 0 0 ,22 3,32 1
36	17 1 0 0 0 0 ,18 1
37	8 1 0 1 0 0 ,2 3,11 1
38	14 0 0 0 0 2 ,4 5,22 5
40	6 0 0 0 1 1 ,0 5,17 4
43	24 0 0 0 0 1 ,17 5
45	11 0 0 1 1 0 ,14 4,16 3
46	13 0 0 0 1 0 ,21 4
47	8 1 1 0 2 2 ,11 1,12 2,22 5,23 4,25 4,33 5
49	17 0 0 0 1 1 ,5 5,18 4
51	6 1 0 0 0 0 ,0 1
52	5 0 1 0 0 0 ,6 2
53	10 1 0 0 2 0 ,9 4,28 4,38 1
54	18 0 0 1 0 0 ,39 3
56	5 1 1 0 0 1 ,8 1,19 2,21 5
57	2 2 0 0 0 0 ,26 1,32 1
58	22 0 0 1 0 0 ,14 3
59	8 1 0 0 1 0 ,18 4,29 1
60	5 0 0 0 0 1 ,24 5
61	8 0 0 1 0 0 ,33 3
62	5 1 0 0 1 1 ,1 4,29 1,37 5
63	2 1 1 0 0 2 ,4 5,10 2,15 1,31 5
65	10 0 0 1 0 1 ,12 3,20 5
66	16 0 1 0 0 0 ,20 2
67	13 0 0 1 1 0 ,15 3,21 4
68	11 0 0 0 1 0 ,1 4
69	17 1 0 0 0 0 ,18 1
70	9 0 1 0 0 0 ,11 2
71	13 0 0 0 1 0 ,25 4
72	10 1 0 0 0 0 ,28 1
73	12 1 1 0 0 0 ,4 2,13 1
74	8 1 2 0 0 0 ,16 1,29 2,38 2
76	9 0 1 0 0 2 ,11 2,20 5,28 5
77	22 0 0 1 0 0 ,14 3
79	9 1 0 0 0 1 ,13 1,23 5
80	12 0 0 0 1 0 ,13 4
82	11 0 0 1 0 1 ,1 3,15 5
83	5 0 1 0 3 1 ,7 4,8 4,11 2,29 4,34 5
84	22 0 0 0 0 1 ,5 5
85	10 1 0 0 0 1 ,12 1,17 5
86	8 0 1 0 1 0 ,3 4,39 2
87	8 0 0 1 0 0 ,2 3
90	9 1 0 0 0 0 ,11 1
91	12 1 0 0 0 0 ,13 1
94	9 0 1 1 1 0 ,5 4,18 2,31 3
95	20 0 0 0 1 0 ,9 4
97	12 0 0 0 0 1 ,36 5
99	14 1 0 0 0 0 ,22 1
