1	6 0 0 0 1 0 ,10 4
2	12 0 0 0 0 1 ,17 5
5	23 0 0 0 0 1 ,11 5
7	2 1 1 0 1 0 ,15 1,17 2,18 4
8	13 0 1 0 0 0 ,14 2
12	8 0 0 1 0 0 ,25 3
14	18 0 1 0 0 0 ,18 2
16	11 0 1 0 0 1 ,12 5,16 2
18	14 0 0 1 0 0 ,26 3
21	7 1 2 0 0 1 ,5 1,9 2,22 2,25 5
22	12 0 0 0 0 1 ,17 5
23	19 0 0 0 0 1 ,16 5
27	14 0 0 0 0 1 ,27 5
28	6 1 0 0 0 0 ,4 1
29	11 0 1 1 0 0 ,11 3,12 2
30	13 0 0 0 1 1 ,11 5,14 4
31	13 0 0 1 0 0 ,13 3
33	7 0 0 1 2 1 ,5 3,9 4,11 4,18 5
34	1 2 1 1 0 0 ,4 1,12 2,24 1,26 3
35	7 1 0 0 0 0 ,5 1
36	4 2 1 0 0 0 ,9 2,13 1,23 1
37	4 0 2 1 0 0 ,1 3,8 2,12 2
39	12 0 0 0 1 0 ,0 4
40	13 0 1 0 1 0 ,3 4,22 2
42	11 0 0 1 1 0 ,8 3,26 4
43	13 0 2 0 0 0 ,3 2,22 2
44	12 0 0 0 1 0 ,0 4
45	2 1 2 0 1 0 ,3 4,6 2,13 1,19 2
46	12 1 0 0 0 0 ,0 1
47	2 1 1 1 0 0 ,14 3,15 1,28 2
48	13 0 0 0 0 1 ,22 5
49	13 0 0 0 0 1 ,13 5
50	3 0 0 1 0 1 ,20 3,21 5
51	7 1 0 0 0 1 ,5 1,16 5
53	4 0 2 0 0 1 ,9 2,23 2,27 5
54	6 2 0 0 0 0 ,10 1,19 1
55	21 0 0 0 0 1 ,3 5
56	4 1 0 0 0 0 ,1 1
57	8 1 0 0 0 1 ,2 5,21 1
58	19 0 0 1 0 0 ,16 3
61	9 0 2 0 0 0 ,0 2,28 2
63	8 1 0 0 0 0 ,21 1
66	8 0 1 0 1 0 ,13 2,19 4
68	4 0 1 0 2 1 ,3 4,7 4,9 5,26 2
69	8 1 0 0 0 0 ,21 1
73	6 1 1 0 0 0 ,10 1,22 2
75	18 0 0 0 0 1 ,18 5
78	9 0 0 0 1 1 ,14 4,28 5
81	9 1 2 0 0 0 ,2 2,3 2,11 1
82	8 1 0 0 1 0 ,16 4,19 1
84	9 0 1 0 0 0 ,2 2
85	14 0 0 0 1 0 ,27 4
86	14 0 1 0 0 0 ,26 2
87	11 0 1 0 0 0 ,8 2
88	12 1 0 0 0 0 ,0 1
89	4 2 0 0 0 0 ,13 1,23 1
90	11 0 0 0 1 0 ,8 4
92	6 0 0 0 1 0 ,4 4
94	7 1 1 0 0 0 ,5 1,9 2
95	18 1 0 0 0 0 ,18 1
96	18 1 0 0 0 0 ,18 1
98	23 0 0 0 0 1 ,11 5
