0	8 0 0 0 1 1 ,2 4,16 5
1	9 1 0 0 0 0 ,5 1
3	17 1 0 0 0 0 ,14 1
4	11 0 0 1 0 0 ,13 3
6	10 0 0 1 0 0 ,17 3
7	21 0 1 0 0 0 ,16 2
12	18 0 0 0 1 0 ,11 4
13	4 1 0 0 0 0 ,8 1
14	21 0 0 0 0 1 ,16 5
15	17 0 0 0 0 1 ,14 5
17	1 1 0 1 1 0 ,1 1,3 4,16 3
18	4 1 0 1 0 0 ,8 1,11 3
19	8 0 0 1 1 0 ,5 3,12 4
23	9 1 0 0 0 0 ,7 1
36	17 0 1 0 0 0 ,14 2
38	7 0 0 0 1 0 ,6 4
39	13 0 0 0 1 0 ,9 4
41	18 0 0 0 1 0 ,11 4
42	7 0 0 0 1 0 ,15 4
43	13 0 0 0 1 0 ,9 4
45	7 1 1 0 0 0 ,6 2,16 1
46	9 0 1 0 0 0 ,7 2
47	7 0 0 1 0 0 ,15 3
48	9 0 0 0 0 1 ,7 5
53	10 0 0 0 0 1 ,17 5
54	9 1 0 0 0 0 ,5 1
58	10 0 0 0 0 1 ,3 5
62	7 1 0 0 0 0 ,6 1
63	9 1 0 0 1 0 ,7 1,13 4
67	9 0 0 0 1 0 ,5 4
69	11 0 0 0 1 1 ,9 5,13 4
72	8 0 0 0 1 0 ,2 4
73	10 0 1 1 0 0 ,11 3,17 2
74	6 0 0 1 0 0 ,0 3
75	4 0 1 1 0 0 ,0 3,8 2
76	18 0 0 1 0 0 ,11 3
80	17 0 0 0 0 1 ,14 5
81	2 0 1 0 0 0 ,10 2
82	4 0 0 0 1 0 ,4 4
83	18 1 0 0 0 0 ,11 1
84	8 0 0 0 1 0 ,12 4
87	17 0 0 0 1 0 ,14 4
91	21 0 0 0 0 1 ,16 5
97	10 1 0 0 0 0 ,3 1
