2	18 0 1 0 0 0 ,1 2
3	5 1 0 1 0 0 ,10 1,11 3
6	9 0 1 0 0 0 ,2 2
7	19 1 0 0 0 0 ,9 1
10	14 0 1 0 0 1 ,4 5,18 2
11	1 1 0 0 0 0 ,16 1
12	1 2 0 0 1 0 ,6 4,12 1,13 1
15	5 0 1 1 0 0 ,6 3,11 2
16	7 0 1 0 0 0 ,14 2
17	19 0 1 0 0 0 ,9 2
18	7 2 0 0 0 0 ,10 1,17 1
20	12 0 0 1 0 0 ,17 3
24	14 1 0 0 0 0 ,4 1
29	17 1 0 0 0 0 ,12 1
31	11 0 0 1 0 0 ,5 3
36	4 0 0 0 1 0 ,15 4
39	11 0 0 1 0 0 ,5 3
41	14 0 0 0 0 1 ,18 5
44	14 1 0 1 0 0 ,1 1,18 3
47	9 0 1 0 0 0 ,2 2
50	17 0 0 0 0 2 ,9 5,12 5
51	7 0 0 0 0 2 ,7 5,10 5
52	17 0 0 0 0 1 ,12 5
54	18 0 0 0 1 0 ,1 4
55	12 0 0 1 0 0 ,0 3
56	12 0 0 1 0 0 ,0 3
60	15 0 0 0 1 0 ,6 4
62	14 0 0 0 1 0 ,18 4
63	18 1 0 0 0 0 ,1 1
64	3 0 0 1 0 0 ,8 3
71	12 1 0 0 0 0 ,0 1
72	15 0 0 0 2 0 ,6 4,9 4
76	9 0 0 0 1 0 ,7 4
77	17 1 0 0 0 0 ,12 1
78	12 0 0 1 1 0 ,9 4,17 3
81	17 0 0 0 1 0 ,12 4
82	18 0 0 0 0 1 ,1 5
83	9 0 0 1 0 0 ,2 3
85	9 0 1 0 0 0 ,2 2
86	7 0 0 0 0 2 ,0 5,14 5
88	12 0 0 0 0 1 ,17 5
89	14 0 0 0 0 2 ,1 5,4 5
92	14 0 0 1 0 0 ,4 3
95	4 0 0 0 1 0 ,3 4
98	11 0 0 1 0 1 ,5 5,9 3
