0	1 1 1 0 0 0 ,6 2,32 1
1	13 1 0 0 1 0 ,5 1,33 4
2	9 1 0 0 1 0 ,1 1,4 4
3	13 1 0 0 0 0 ,33 1
5	12 0 0 1 1 1 ,3 5,22 3,34 4
6	1 2 0 0 0 1 ,1 5,7 1,33 1
7	12 0 0 0 1 0 ,34 4
9	5 0 0 0 1 1 ,2 4,20 5
10	11 1 1 1 0 1 ,14 1,26 5,29 3,36 2
11	16 0 0 0 0 1 ,22 5
12	12 0 1 0 1 0 ,20 4,24 2
13	12 0 0 0 0 1 ,24 5
14	12 0 1 0 0 1 ,1 2,5 5
15	11 0 0 0 0 1 ,10 5
17	12 1 0 0 1 0 ,27 1,37 4
18	11 1 0 1 2 0 ,13 4,20 1,21 3,36 4
19	10 1 0 0 1 0 ,27 1,28 4
20	10 0 1 0 0 1 ,23 5,30 2
21	3 1 0 2 0 0 ,9 1,11 3,30 3
24	20 0 0 1 1 0 ,20 4,26 3
25	9 1 0 0 0 0 ,4 1
27	9 0 0 1 1 0 ,9 3,36 4
28	15 0 1 0 0 0 ,5 2
29	11 0 0 1 0 1 ,33 3,35 5
33	10 0 0 1 1 0 ,18 4,23 3
36	11 1 0 1 0 2 ,10 5,14 5,22 1,23 3
39	11 1 0 0 0 0 ,35 1
42	12 2 1 0 0 0 ,23 2,24 1,33 1
43	11 0 1 1 1 0 ,17 3,22 2,29 4
44	5 0 0 1 1 0 ,31 3,35 4
45	10 0 0 0 0 1 ,28 5
46	12 0 0 0 0 1 ,37 5
47	16 0 0 0 0 1 ,22 5
48	22 0 0 0 0 1 ,26 5
49	5 0 0 1 0 2 ,3 3,8 5,9 5
50	14 0 2 0 0 0 ,29 2,36 2
52	11 0 0 0 0 1 ,14 5
53	20 0 0 1 0 0 ,16 3
54	12 0 0 0 1 0 ,34 4
55	13 0 0 1 0 1 ,3 5,27 3
57	12 0 0 1 0 1 ,26 5,37 3
58	11 1 0 0 0 0 ,17 1
59	5 1 0 0 0 0 ,12 1
60	5 0 0 0 2 0 ,12 4,26 4
62	4 0 1 0 1 0 ,19 4,31 2
63	9 0 0 0 1 0 ,4 4
64	1 1 1 0 1 0 ,0 1,13 4,16 2
67	14 1 0 0 0 1 ,23 1,29 5
69	20 0 0 0 0 1 ,16 5
70	7 0 0 0 1 0 ,25 4
73	12 0 0 0 1 0 ,1 4
74	20 0 0 0 0 1 ,16 5
75	4 0 1 1 0 2 ,6 2,20 5,27 5,36 3
76	11 1 0 0 1 0 ,10 1,21 4
77	16 0 1 0 0 0 ,23 2
78	10 2 0 0 0 0 ,18 1,35 1
79	11 1 0 0 0 0 ,21 1
82	10 1 0 0 0 0 ,28 1
83	11 0 2 0 1 0 ,5 2,17 4,21 2
85	7 1 0 1 0 0 ,21 1,25 3
86	10 1 1 0 1 1 ,20 1,27 2,30 5,36 4
87	11 0 0 2 0 0 ,13 3,33 3
89	12 1 0 0 0 0 ,24 1
90	12 0 0 1 0 0 ,24 3
91	20 1 0 0 0 0 ,16 1
92	5 1 0 0 0 1 ,2 1,18 5
95	15 0 0 0 1 1 ,5 5,16 4
96	11 0 0 1 0 0 ,17 3
98	2 1 1 0 0 0 ,15 2,27 1
