1	20 1 0 0 0 0 ,0 1
2	15 0 1 2 0 0 ,0 3,28 2,29 3
4	15 0 0 2 0 0 ,22 3,29 3
5	18 0 0 1 1 0 ,0 4,35 3
6	13 0 0 2 0 0 ,14 3,34 3
7	5 1 0 1 1 0 ,5 4,25 3,26 1
8	7 1 0 0 1 0 ,17 1,32 4
9	6 0 0 0 0 1 ,13 5
10	24 0 0 1 0 0 ,27 3
12	4 0 1 0 0 0 ,3 2
13	6 1 1 0 0 0 ,2 2,32 1
14	7 0 1 0 0 0 ,32 2
15	8 1 0 0 0 0 ,10 1
16	3 1 0 1 0 0 ,28 1,36 3
17	5 0 0 2 0 0 ,26 3,28 3
18	11 0 0 0 1 0 ,15 4
19	21 0 0 0 0 1 ,7 5
20	21 0 0 0 1 0 ,7 4
21	11 0 0 1 1 0 ,12 3,17 4
22	3 0 1 2 0 0 ,9 3,16 3,18 2
23	11 2 0 1 0 0 ,0 3,5 1,21 1
24	11 0 0 0 1 1 ,15 4,27 5
25	5 2 2 0 0 0 ,1 2,26 1,30 1,34 2
28	10 1 0 2 0 0 ,4 3,18 3,30 1
29	21 0 0 0 0 1 ,28 5
30	8 0 0 1 1 0 ,10 4,27 3
31	11 1 1 0 0 1 ,1 1,12 2,28 5
32	11 0 0 1 0 0 ,15 3
33	8 3 0 0 0 1 ,7 5,21 1,23 1,34 1
35	6 1 0 0 0 0 ,33 1
37	13 0 0 0 1 0 ,8 4
38	13 0 0 0 1 0 ,8 4
39	12 0 0 0 0 1 ,30 5
40	10 0 2 0 0 0 ,4 2,8 2
41	13 1 0 0 1 0 ,14 1,20 4
42	13 0 1 0 0 0 ,8 2
43	13 0 0 0 0 1 ,34 5
44	19 0 0 0 0 1 ,22 5
45	11 0 2 0 0 1 ,1 5,12 2,35 2
49	4 0 0 0 1 0 ,19 4
50	24 0 0 0 0 1 ,27 5
51	18 0 0 0 1 0 ,31 4
52	15 0 0 1 2 0 ,0 4,27 4,29 3
53	4 2 0 0 0 0 ,3 1,13 1
54	15 0 0 0 1 0 ,20 4
55	11 0 1 0 0 0 ,12 2
56	20 0 0 0 0 1 ,0 5
57	11 0 1 0 0 0 ,12 2
58	8 0 1 0 0 0 ,23 2
61	13 0 0 0 1 0 ,14 4
63	4 0 1 0 2 1 ,14 5,22 2,24 4,31 4
64	13 0 0 1 1 0 ,25 3,29 4
66	13 1 0 0 0 0 ,8 1
67	12 1 1 0 0 1 ,17 2,21 1,28 5
69	21 0 0 0 0 1 ,7 5
70	7 0 0 0 2 0 ,16 4,21 4
72	4 1 0 2 0 0 ,3 1,6 3,22 3
73	8 0 1 0 0 1 ,23 5,29 2
74	15 0 0 0 0 1 ,20 5
75	12 0 0 0 1 0 ,30 4
76	13 0 0 1 0 0 ,25 3
78	10 1 0 0 1 0 ,18 4,35 1
79	12 1 1 0 0 0 ,20 2,21 1
80	24 0 0 0 1 0 ,27 4
82	18 0 1 0 0 0 ,31 2
83	10 0 0 0 0 1 ,4 5
84	6 1 2 0 1 1 ,2 4,5 5,7 2,17 1,25 2
85	11 1 0 0 0 0 ,5 1
87	18 0 1 0 0 0 ,35 2
88	8 0 0 1 0 0 ,10 3
89	11 0 2 0 0 0 ,1 2,34 2
90	12 1 0 0 0 1 ,30 1,35 5
91	10 1 1 0 0 0 ,18 1,25 2
93	18 0 0 0 1 0 ,31 4
94	6 0 1 0 1 1 ,21 4,33 2,35 5
96	3 0 1 1 2 0 ,6 4,11 3,17 2,31 4
97	11 1 0 0 1 0 ,1 1,22 4
98	6 0 1 1 1 0 ,17 4,22 2,33 3
