0	23 0 1 0 0 0 ,9 2
2	23 0 0 0 0 1 ,9 5
3	7 0 0 0 1 2 ,9 4,25 5,26 5
5	9 0 0 0 1 1 ,1 4,17 5
6	5 0 0 0 0 1 ,18 5
8	17 0 0 1 0 0 ,17 3
10	13 0 0 1 0 0 ,13 3
13	14 0 0 1 0 0 ,4 3
14	12 0 0 0 0 1 ,2 5
16	12 0 0 1 0 0 ,10 3
18	2 0 1 0 0 0 ,7 2
19	10 0 1 1 0 1 ,2 2,5 5,24 3
21	5 0 0 0 0 1 ,6 5
22	10 0 1 0 0 0 ,20 2
23	18 0 0 0 1 0 ,12 4
25	17 0 1 0 0 0 ,17 2
26	3 0 0 1 0 0 ,0 3
27	14 0 0 1 0 0 ,4 3
28	3 0 1 1 0 1 ,8 5,16 2,22 3
29	12 0 0 0 0 1 ,2 5
31	19 0 0 0 0 1 ,16 5
32	11 0 0 1 0 0 ,11 3
33	13 0 0 1 1 0 ,12 4,13 3
34	5 0 0 0 0 1 ,3 5
37	8 0 0 0 1 0 ,15 4
38	23 0 0 1 0 0 ,9 3
39	10 1 0 0 0 0 ,5 1
41	10 0 0 0 1 1 ,5 4,12 5
43	5 0 0 1 0 0 ,14 3
44	4 1 0 1 2 0 ,4 3,8 1,16 4,21 4
45	9 0 1 1 0 0 ,1 3,17 2
46	9 1 0 0 0 1 ,24 5,26 1
49	12 0 0 1 1 0 ,9 4,10 3
50	10 0 1 0 0 0 ,20 2
52	11 0 0 0 0 1 ,11 5
58	9 0 0 0 1 1 ,13 4,23 5
60	19 0 0 1 0 1 ,9 5,16 3
61	13 1 0 0 0 0 ,13 1
63	12 0 0 0 1 0 ,24 4
64	5 0 1 0 0 0 ,14 2
67	7 0 1 0 0 0 ,25 2
69	19 0 0 0 1 0 ,16 4
71	11 0 0 1 1 0 ,8 4,11 3
73	10 1 0 0 0 1 ,16 1,20 5
76	14 0 0 1 0 0 ,4 3
77	14 0 0 0 1 0 ,8 4
78	9 0 2 0 1 0 ,1 2,12 4,26 2
80	17 0 0 0 1 0 ,17 4
82	12 1 1 0 0 0 ,10 1,13 2
83	10 1 0 0 0 0 ,20 1
85	9 2 0 0 0 0 ,12 1,26 1
87	8 0 0 0 1 0 ,15 4
89	17 1 0 0 0 0 ,17 1
93	12 0 0 0 1 0 ,10 4
96	1 1 0 0 0 0 ,19 1
98	9 1 1 0 1 0 ,4 2,10 1,23 4
