1	17 0 1 0 0 0 ,11 2
3	17 0 0 0 1 0 ,11 4
9	17 0 0 0 1 0 ,2 4
11	10 0 1 1 0 0 ,15 2,18 3
12	10 0 0 0 1 0 ,19 4
15	10 1 0 0 0 0 ,8 1
16	14 0 1 0 0 1 ,16 5,21 2
17	15 0 0 1 0 0 ,7 3
18	16 0 0 0 0 1 ,21 5
20	14 0 0 0 0 1 ,16 5
22	17 1 0 0 0 0 ,0 1
24	1 1 0 0 1 0 ,16 4,24 1
25	10 0 0 0 1 0 ,8 4
28	5 0 0 0 0 2 ,10 5,14 5
30	10 1 0 0 0 0 ,15 1
33	15 0 0 1 0 0 ,6 3
35	10 0 0 1 0 0 ,17 3
39	15 0 1 0 0 0 ,7 2
42	17 0 0 0 1 1 ,0 4,12 5
44	2 1 1 1 0 0 ,15 1,19 3,20 2
45	2 0 2 0 0 0 ,21 2,22 2
47	16 0 0 0 2 0 ,12 4,21 4
51	10 0 2 0 0 0 ,11 2,17 2
52	10 0 1 1 0 0 ,6 3,17 2
53	3 0 0 1 0 0 ,3 3
54	3 0 0 1 0 0 ,4 3
55	4 0 0 1 1 0 ,7 3,9 4
56	2 0 2 0 0 0 ,2 2,23 2
58	5 0 0 0 0 1 ,13 5
60	15 0 0 0 0 1 ,7 5
65	17 1 0 0 0 0 ,11 1
66	10 0 0 0 0 1 ,8 5
67	10 0 0 1 0 0 ,18 3
68	10 0 0 0 1 0 ,15 4
69	17 0 0 2 0 0 ,2 3,11 3
70	22 0 0 1 0 0 ,12 3
72	15 0 0 0 0 1 ,6 5
76	16 1 0 0 0 1 ,12 5,21 1
79	15 1 0 0 0 0 ,7 1
81	10 0 0 1 1 0 ,5 4,17 3
83	10 0 0 0 1 0 ,18 4
85	15 1 0 0 2 0 ,0 1,6 4,12 4
86	22 1 0 0 0 0 ,12 1
88	10 0 1 0 0 0 ,19 2
91	10 0 1 0 0 0 ,15 2
93	16 0 1 0 0 0 ,21 2
94	10 2 0 1 0 1 ,0 5,2 3,7 1,19 1
96	10 1 0 0 0 1 ,0 1,5 5
97	17 0 0 0 0 2 ,0 5,2 5
98	17 0 0 0 0 1 ,11 5
99	3 1 0 1 0 0 ,1 3,5 1
