0	2 0 1 0 0 0 ,7 2
6	3 0 0 1 0 0 ,11 3
7	13 0 0 0 0 1 ,15 5
8	10 0 0 0 0 1 ,13 5
9	9 0 0 0 0 1 ,8 5
10	11 0 1 0 0 0 ,5 2
13	11 0 0 0 1 0 ,5 4
16	13 1 0 0 0 0 ,9 1
19	9 0 0 1 0 0 ,8 3
20	13 0 0 0 1 0 ,0 4
22	13 0 1 0 0 0 ,9 2
24	13 0 0 1 0 0 ,10 3
26	13 0 0 0 1 0 ,14 4
30	13 0 0 0 1 0 ,15 4
31	9 1 0 0 0 1 ,2 5,4 1
32	9 1 0 0 0 0 ,8 1
37	8 0 0 0 1 0 ,6 4
42	13 0 0 0 1 0 ,9 4
45	8 1 0 0 2 0 ,0 4,1 4,3 1
46	17 0 0 0 0 1 ,3 5
47	5 0 0 0 0 1 ,12 5
49	13 1 0 0 0 0 ,0 1
53	8 0 0 0 1 0 ,6 4
56	17 0 0 1 0 0 ,3 3
57	13 0 0 0 1 0 ,14 4
58	10 0 0 1 0 1 ,3 5,13 3
70	13 1 0 0 0 0 ,0 1
72	8 1 0 0 0 0 ,1 1
73	8 0 1 0 0 0 ,1 2
74	10 0 1 0 0 0 ,13 2
75	13 1 0 0 0 0 ,15 1
78	9 0 0 1 1 0 ,2 4,15 3
79	8 1 0 0 0 0 ,1 1
81	11 0 0 0 0 1 ,5 5
82	13 0 0 0 0 1 ,4 5
83	13 0 1 0 0 0 ,0 2
84	13 0 0 0 1 1 ,9 4,10 5
85	13 0 0 0 1 0 ,4 4
87	13 0 0 1 0 0 ,4 3
91	13 0 1 0 0 0 ,9 2
94	17 0 0 1 0 0 ,3 3
97	13 1 0 0 0 1 ,0 1,14 5
99	13 0 0 0 0 1 ,10 5
