0	12 0 0 1 0 0 ,37 3
2	14 0 2 0 1 0 ,2 2,9 2,12 4
3	16 1 0 0 0 0 ,30 1
4	12 0 0 0 0 1 ,13 5
5	15 0 0 0 0 2 ,17 5,29 5
7	8 1 0 0 0 1 ,5 1,6 5
8	8 0 0 1 0 0 ,11 3
9	6 1 1 0 0 0 ,22 1,27 2
10	1 1 0 0 0 1 ,22 5,24 1
11	19 0 0 0 0 2 ,1 5,12 5
12	19 0 0 0 0 1 ,1 5
15	12 0 2 0 0 0 ,8 2,20 2
16	12 0 0 1 1 0 ,12 3,37 4
17	15 0 0 0 1 1 ,3 5,17 4
18	5 0 2 0 0 1 ,3 2,22 5,33 2
19	10 2 1 0 0 1 ,4 2,8 1,21 5,25 1
20	10 0 0 1 0 1 ,4 3,22 5
22	11 1 0 0 0 0 ,31 1
24	11 0 0 1 2 2 ,5 5,16 3,17 4,19 4,31 5
25	11 0 0 0 1 1 ,25 5,28 4
27	10 1 0 0 1 0 ,1 4,4 1
28	19 0 0 0 1 0 ,21 4
29	6 1 1 0 1 0 ,12 1,19 2,27 4
30	5 1 1 0 0 0 ,7 1,16 2
31	8 1 0 0 1 1 ,6 1,8 4,30 5
32	17 0 0 1 0 0 ,23 3
33	10 1 0 1 0 0 ,4 1,9 3
34	5 0 2 0 0 0 ,12 2,18 2
36	12 0 1 0 0 1 ,20 2,36 5
37	16 0 0 1 0 0 ,30 3
38	11 1 0 0 1 0 ,22 4,31 1
39	5 0 0 0 1 1 ,13 4,38 5
40	8 1 0 0 1 1 ,6 1,10 4,16 5
41	16 0 1 0 1 0 ,22 2,30 4
44	11 1 0 0 1 0 ,19 4,28 1
47	19 0 1 0 0 0 ,21 2
49	6 2 0 1 0 0 ,6 1,10 3,15 1
50	12 0 1 0 0 0 ,20 2
51	5 2 0 0 0 0 ,15 1,18 1
53	12 0 1 0 0 0 ,20 2
55	12 1 0 2 1 0 ,1 3,8 1,19 3,20 4
56	16 0 0 0 1 0 ,2 4
57	16 0 0 1 0 0 ,29 3
58	15 1 0 0 0 0 ,17 1
61	11 1 0 0 0 0 ,5 1
62	13 0 0 1 0 0 ,25 3
63	9 0 0 0 0 2 ,8 5,35 5
64	10 0 1 1 0 0 ,26 2,30 3
66	15 2 0 0 0 0 ,17 1,36 1
67	16 0 0 0 0 1 ,36 5
68	6 1 0 1 1 0 ,15 1,31 3,35 4
70	19 0 0 0 0 1 ,16 5
71	18 1 0 0 0 1 ,8 5,16 1
72	11 1 0 0 0 0 ,28 1
73	8 0 1 1 0 1 ,5 3,11 2,36 5
74	10 0 0 2 0 1 ,10 3,23 5,29 3
75	5 0 1 2 0 0 ,1 2,15 3,33 3
76	16 0 0 0 0 1 ,2 5
77	1 1 1 0 0 0 ,14 1,18 2
78	11 2 0 0 0 0 ,5 1,31 1
80	10 0 0 0 1 1 ,26 4,37 5
81	2 1 1 0 3 1 ,3 4,7 1,9 4,12 5,26 4,32 2
82	14 0 0 0 0 1 ,9 5
83	17 0 0 0 1 0 ,23 4
85	5 0 0 1 0 1 ,7 3,23 5
86	8 0 0 1 0 0 ,11 3
87	12 0 0 1 0 0 ,13 3
91	16 0 1 0 1 0 ,3 4,19 2
92	18 0 0 1 0 1 ,19 3,21 5
93	3 0 0 1 0 0 ,0 3
94	19 0 1 0 0 0 ,21 2
95	11 0 0 0 1 1 ,25 4,28 5
96	16 0 0 0 0 1 ,29 5
97	4 0 0 0 1 0 ,34 4
98	10 0 0 2 0 1 ,2 5,4 3,16 3
99	16 2 0 0 0 0 ,3 1,21 1
