2	14 1 0 0 0 0 ,1 1
4	15 0 0 0 0 1 ,3 5
5	18 0 0 0 1 0 ,2 4
8	2 0 1 0 1 0 ,6 4,9 2
9	15 0 0 1 0 0 ,3 3
10	14 0 0 0 0 1 ,0 5
11	14 0 0 0 0 1 ,11 5
12	8 0 1 0 0 0 ,14 2
13	8 0 0 1 1 0 ,14 3,18 4
14	1 2 0 0 0 0 ,12 1,16 1
15	18 1 0 0 0 0 ,17 1
16	14 0 0 0 0 1 ,1 5
17	8 0 0 0 1 0 ,18 4
18	6 1 0 0 0 0 ,5 1
20	14 0 0 1 0 0 ,11 3
21	3 0 1 0 0 0 ,12 2
27	5 1 0 0 0 1 ,3 5,8 1
28	18 0 0 0 0 1 ,17 5
29	14 0 1 0 0 0 ,0 2
31	12 0 0 1 0 0 ,7 3
35	17 0 0 0 0 2 ,2 5,20 5
38	10 0 0 0 0 1 ,6 5
39	18 0 2 0 0 0 ,17 2,21 2
40	6 0 0 0 0 1 ,5 5
43	18 0 1 0 0 0 ,2 2
44	16 0 0 1 0 0 ,10 3
45	10 1 0 0 0 0 ,6 1
46	14 0 0 1 0 1 ,1 5,10 3
47	3 0 1 0 0 0 ,4 2
49	12 0 0 0 0 1 ,7 5
51	5 2 0 0 0 1 ,0 1,8 1,21 5
52	12 0 0 1 1 0 ,1 3,13 4
55	14 0 1 0 0 1 ,0 5,11 2
57	14 2 0 0 0 0 ,0 1,2 1
59	14 0 1 0 1 0 ,10 4,11 2
62	8 0 1 1 0 0 ,10 2,14 3
65	2 1 1 0 0 0 ,17 1,19 2
67	18 0 0 0 0 1 ,17 5
70	18 0 1 0 1 0 ,17 4,21 2
71	2 0 1 0 0 0 ,15 2
72	3 1 0 0 0 0 ,4 1
73	14 0 1 0 0 0 ,11 2
74	18 0 0 0 0 1 ,2 5
75	17 1 0 0 0 1 ,20 1,21 5
77	18 1 0 0 0 0 ,2 1
80	16 0 0 0 1 0 ,10 4
82	12 0 0 0 0 1 ,13 5
83	17 0 0 0 1 0 ,20 4
84	12 0 0 0 1 0 ,7 4
88	21 0 1 0 0 0 ,21 2
89	15 0 1 0 0 0 ,3 2
90	17 0 1 0 0 0 ,20 2
91	21 0 0 0 0 1 ,21 5
96	17 0 0 0 0 1 ,20 5
98	5 0 0 2 0 0 ,8 3,13 3
