2	9 1 0 0 1 0 ,9 1,16 4
5	9 0 0 0 1 0 ,5 4
6	11 1 0 0 0 0 ,4 1
8	17 0 0 0 0 1 ,24 5
10	9 0 0 1 0 1 ,8 5,19 3
11	16 0 0 1 0 0 ,17 3
12	16 0 0 1 0 1 ,17 5,24 3
14	16 0 0 1 0 0 ,2 3
18	9 0 1 0 1 0 ,15 2,20 4
19	19 0 0 0 1 0 ,7 4
20	17 0 0 0 1 0 ,24 4
21	12 2 0 0 0 1 ,7 1,20 5,25 1
22	9 0 0 1 0 0 ,18 3
23	16 0 1 0 0 0 ,2 2
24	9 0 0 0 2 0 ,9 4,23 4
26	19 0 1 0 0 0 ,7 2
27	8 0 0 1 0 0 ,1 3
28	10 0 0 1 0 1 ,17 3,22 5
29	16 0 1 0 1 0 ,17 2,19 4
30	22 1 0 0 0 0 ,23 1
31	9 0 0 1 1 0 ,2 4,8 3
33	5 1 0 0 0 1 ,4 5,14 1
36	9 0 0 1 0 0 ,18 3
37	21 0 0 0 0 1 ,19 5
38	19 1 0 0 0 0 ,3 1
39	16 0 0 1 0 1 ,16 3,23 5
41	13 0 1 0 0 1 ,12 5,21 2
42	13 0 1 0 0 0 ,12 2
43	13 1 0 1 0 0 ,2 3,12 1
44	2 1 0 0 0 0 ,0 1
45	9 0 0 1 0 0 ,5 3
48	10 0 2 0 0 0 ,21 2,22 2
49	11 0 0 0 0 1 ,4 5
50	22 0 0 0 0 1 ,23 5
51	17 0 0 0 1 0 ,21 4
52	12 0 0 0 0 1 ,25 5
53	8 1 0 1 1 0 ,1 1,21 3,23 4
54	7 0 1 1 0 0 ,13 3,15 2
58	21 0 0 0 0 1 ,19 5
60	6 1 0 0 1 1 ,7 5,11 4,25 1
61	2 0 2 0 0 0 ,6 2,21 2
63	13 0 0 0 0 1 ,12 5
64	12 1 0 0 0 1 ,3 5,25 1
65	21 0 1 0 0 0 ,19 2
69	9 0 0 2 0 1 ,16 3,18 3,20 5
72	2 1 0 1 0 0 ,0 1,22 3
73	7 0 0 0 0 1 ,26 5
74	19 1 0 0 0 0 ,3 1
75	9 1 0 1 0 0 ,7 3,8 1
76	6 1 0 0 0 0 ,11 1
77	8 0 1 1 0 0 ,1 2,20 3
78	9 0 0 0 1 0 ,9 4
79	19 0 0 0 0 1 ,3 5
81	21 0 1 0 0 0 ,19 2
82	17 1 0 0 1 0 ,7 4,24 1
83	19 0 1 0 0 0 ,3 2
84	22 0 0 1 0 0 ,23 3
87	5 0 1 0 1 0 ,14 4,16 2
88	1 2 1 0 0 0 ,1 2,10 1,11 1
89	19 0 0 0 0 1 ,3 5
90	17 0 0 0 1 0 ,21 4
92	17 0 0 0 1 0 ,24 4
94	16 0 0 0 1 0 ,2 4
96	7 0 0 1 1 1 ,13 4,15 5,17 3
97	16 0 0 0 1 0 ,16 4
98	7 0 2 0 1 0 ,5 2,25 4,26 2
99	22 0 0 0 0 1 ,20 5
