0	19 0 0 0 1 0 ,19 4
2	13 0 2 0 1 0 ,12 4,14 2,15 2
6	14 0 0 1 0 0 ,16 3
8	14 0 1 0 0 0 ,16 2
10	14 0 0 0 1 0 ,0 4
11	14 0 0 1 0 1 ,12 5,17 3
12	17 0 0 1 0 0 ,7 3
14	20 0 0 0 0 1 ,15 5
15	19 0 0 1 0 0 ,19 3
16	13 0 0 0 1 0 ,14 4
19	14 0 0 1 0 0 ,0 3
20	2 1 2 0 0 1 ,4 5,7 2,9 1,11 2
21	14 0 0 0 1 0 ,16 4
24	11 0 0 0 1 1 ,5 5,7 4
27	7 0 0 2 1 0 ,3 3,6 3,7 4
28	20 0 1 0 0 0 ,15 2
30	13 0 2 1 0 0 ,1 2,2 3,4 2
31	18 0 0 0 1 0 ,2 4
32	8 0 0 0 1 0 ,20 4
33	15 0 0 1 0 0 ,6 3
34	14 0 0 1 0 0 ,17 3
35	15 1 1 0 0 0 ,6 1,18 2
39	8 1 0 0 0 0 ,20 1
42	14 0 0 0 1 0 ,17 4
48	18 0 0 0 1 1 ,2 5,12 4
50	13 0 0 1 0 0 ,14 3
51	11 0 0 0 1 0 ,11 4
52	18 0 0 1 0 0 ,2 3
55	5 2 1 1 1 0 ,0 1,8 4,15 3,16 1,19 2
56	5 1 0 0 0 0 ,8 1
57	13 0 0 1 1 0 ,0 3,1 4
58	8 1 0 3 0 0 ,12 1,15 3,18 3,20 3
59	4 0 0 1 0 0 ,10 3
60	2 1 1 0 0 0 ,5 1,21 2
62	18 0 1 0 0 0 ,2 2
64	11 1 1 1 0 1 ,4 2,11 5,14 3,17 1
66	18 0 1 0 0 0 ,12 2
69	13 0 0 0 2 1 ,1 4,16 4,18 5
74	15 0 0 1 0 0 ,6 3
76	11 1 0 1 0 0 ,5 1,17 3
77	17 0 0 1 0 0 ,18 3
78	13 1 0 1 1 0 ,1 3,7 1,19 4
81	14 0 0 1 0 0 ,0 3
82	5 0 0 0 0 1 ,13 5
83	17 0 0 1 0 0 ,7 3
84	18 2 0 0 0 0 ,2 1,19 1
85	15 0 1 0 0 0 ,4 2
86	4 1 0 0 1 0 ,3 4,10 1
88	2 1 0 0 0 0 ,9 1
89	18 0 1 0 0 1 ,12 2,19 5
90	11 0 0 0 2 1 ,4 4,5 4,6 5
93	20 0 0 0 0 1 ,15 5
94	17 0 0 0 1 0 ,18 4
95	13 1 0 0 0 0 ,14 1
