0	12 0 1 1 0 0 ,12 2,16 3
2	12 0 0 0 0 1 ,11 5
4	7 0 1 0 1 0 ,2 2,17 4
5	8 0 0 0 1 1 ,6 4,29 5
6	21 0 0 0 0 1 ,21 5
7	4 0 0 1 1 1 ,9 4,19 5,22 3
8	6 0 0 0 1 0 ,27 4
9	21 0 0 0 1 0 ,22 4
10	12 1 0 0 0 0 ,12 1
13	2 0 1 0 0 1 ,3 2,26 5
15	19 0 0 1 0 0 ,13 3
17	21 0 0 1 0 0 ,22 3
18	12 0 0 0 0 1 ,12 5
20	15 1 0 0 0 1 ,16 1,21 5
21	5 3 0 0 0 0 ,4 1,6 1,23 1
24	4 1 0 0 0 1 ,11 5,18 1
25	5 0 0 0 2 0 ,5 4,23 4
26	8 1 0 0 0 0 ,29 1
27	6 2 0 0 0 0 ,4 1,26 1
28	13 0 1 0 0 0 ,26 2
31	17 0 0 0 0 1 ,30 5
32	5 2 0 0 0 1 ,7 1,19 5,24 1
34	4 0 0 0 1 0 ,31 4
37	6 1 0 0 0 1 ,6 5,27 1
38	7 0 1 0 0 1 ,8 5,19 2
40	21 0 0 1 0 0 ,22 3
42	22 0 0 0 0 1 ,19 5
43	11 0 0 1 0 0 ,5 3
44	10 0 0 0 1 0 ,25 4
45	17 0 0 0 0 2 ,13 5,15 5
52	12 0 0 1 1 0 ,20 4,22 3
55	13 0 0 2 0 0 ,7 3,19 3
56	3 0 0 1 0 0 ,14 3
60	4 0 0 1 0 0 ,18 3
61	8 1 0 0 0 1 ,1 5,29 1
63	10 1 0 1 1 0 ,11 1,21 3,25 4
65	5 0 0 0 2 1 ,10 5,20 4,24 4
66	12 0 0 0 1 0 ,12 4
67	8 1 1 0 0 0 ,5 2,29 1
68	7 1 0 1 0 1 ,2 5,7 1,21 3
69	12 0 1 0 0 1 ,6 2,21 5
70	21 0 1 0 0 1 ,19 2,22 5
71	12 0 1 0 0 1 ,20 2,26 5
73	1 3 0 1 0 0 ,10 1,13 3,27 1,28 1
74	17 0 1 0 0 0 ,30 2
75	17 0 0 0 1 0 ,15 4
77	11 0 1 0 0 0 ,5 2
78	12 1 0 0 0 1 ,11 1,30 5
79	15 0 0 0 1 0 ,16 4
81	15 0 1 0 0 0 ,16 2
82	7 0 1 0 0 0 ,8 2
85	8 1 1 0 1 0 ,1 4,17 1,20 2
87	18 0 0 0 0 1 ,1 5
89	8 0 1 1 0 0 ,17 3,25 2
90	19 1 0 0 0 0 ,13 1
91	10 0 0 1 2 1 ,7 3,10 4,13 4,16 5
92	13 0 1 0 0 1 ,7 2,15 5
94	13 0 0 2 0 0 ,7 3,15 3
95	1 1 0 0 0 1 ,0 1,30 5
96	18 0 0 0 1 0 ,1 4
97	6 0 0 0 1 0 ,4 4
99	19 0 0 1 0 0 ,13 3
