0	6 4 2 3 3 8 ,5 14,7 13,8 15,11 12,12 15,14 17,16 9,17 13,18 14,19 8,20 18,22 12,23 15,24 7,25 6
1	1 11 3 4 5 3 ,0 20,1 11,2 8,6 6,8 9,10 1,11 9,12 5,14 7,17 5,18 15,19 14,20 4,21 6,23 13,25 10
2	1 6 4 2 9 4 ,3 9,5 1,8 19,11 12,13 21,14 12,15 11,17 4,18 18,19 10,20 16,22 9,24 12,25 7
3	3 8 6 4 5 5 ,0 3,1 22,2 8,4 19,5 7,7 12,8 11,10 11,11 5,13 8,14 16,17 3,19 10,20 15,21 12,22 4,23 7
4	1 10 9 10 4 4 ,0 16,2 5,3 9,4 1,5 6,6 14,8 3,10 24,11 14,12 16,13 8,15 5,16 10,18 5,19 6,21 7,22 10,23 8,24 7,25 13
5	1 8 5 5 6 4 ,0 16,1 12,2 23,4 6,5 12,8 9,9 10,13 8,14 14,15 14,16 1,18 9,19 3,20 14,22 5,23 8,25 3
6	4 2 4 4 3 4 ,2 10,6 19,11 16,13 18,14 12,15 8,17 18,18 18,19 17,20 4,23 10,25 13
7	5 1 6 4 5 5 ,1 18,2 7,3 23,4 12,5 6,6 6,7 12,8 16,11 5,13 9,16 13,17 9,18 5,20 18,21 19,23 13,24 10,25 15
8	3 10 3 5 7 5 ,0 9,3 15,4 3,7 7,8 19,9 8,11 10,12 8,13 16,14 12,16 7,19 14,20 23,21 4,22 13,23 7,24 12
9	3 11 5 6 1 5 ,0 12,1 8,2 8,4 8,6 13,7 6,9 6,10 11,12 8,13 13,14 9,15 3,16 9,17 9,18 11,19 10,20 11,21 8,25 13
10	1 4 6 4 9 7 ,1 12,3 11,5 10,6 1,7 5,8 14,9 18,10 4,11 20,12 16,13 10,15 10,16 11,18 10,19 6,20 20,23 20,24 18
11	1 4 3 4 6 7 ,0 9,1 14,3 23,4 15,5 5,6 12,7 13,8 27,9 18,14 5,15 3,16 13,20 20,21 5,24 4,25 1
12	3 1 4 5 11 5 ,1 3,4 8,5 3,6 7,7 4,8 16,9 5,11 25,13 18,14 17,16 10,17 22,18 9,20 7,23 10,25 12
13	2 4 11 4 5 4 ,1 9,2 8,4 15,5 5,6 18,8 4,11 15,12 22,13 15,16 7,17 2,18 5,19 10,20 16,21 7,25 13
14	4 5 6 4 4 1 ,0 12,1 12,2 10,4 4,5 6,6 14,11 10,12 16,13 10,15 10,18 11,20 15,25 18
15	3 7 4 6 3 5 ,0 12,1 13,2 16,4 17,6 9,7 3,8 14,11 17,13 6,14 12,15 9,16 12,17 17,21 8,23 14,24 20,25 4
16	1 7 2 3 7 5 ,0 16,1 16,2 1,3 23,4 9,6 22,8 10,9 3,10 22,11 2,14 8,15 16,16 11,18 11,19 10,20 15,21 5,22 12,23 7
17	8 7 3 3 5 2 ,2 8,6 16,7 15,9 18,11 13,12 9,13 19,14 9,16 8,17 13,19 10,20 11
18	4 3 3 4 4 6 ,1 11,4 22,5 8,7 6,8 15,10 16,11 4,12 13,13 9,16 12,18 4,19 8,22 5
19	3 8 6 5 8 2 ,0 12,1 5,2 14,5 15,6 12,8 4,9 7,11 12,14 17,15 9,16 8,18 12,19 5,23 3,24 14
20	2 3 4 6 8 6 ,1 16,2 15,3 11,5 10,6 2,7 19,8 17,10 3,11 4,12 10,13 13,18 5,20 7,21 5,22 6,24 14
21	5 0 6 7 2 3 ,0 13,7 11,8 23,9 7,11 14,12 18,13 18,15 14,16 12,17 9,22 5,23 15,24 12
22	5 6 4 3 5 5 ,2 5,3 7,4 13,6 12,7 19,8 14,9 19,10 11,11 10,12 7,14 7,17 13,18 11,22 17,23 8,25 16
23	2 4 7 3 4 2 ,1 2,2 12,3 6,4 2,7 14,8 11,11 17,12 18,13 13,14 7,20 7,21 10,23 11,25 18
24	2 6 1 7 3 6 ,1 13,4 19,6 12,7 3,12 15,13 18,14 9,16 12,17 2,18 15,19 15,20 7,24 16,25 11
25	4 7 8 6 7 3 ,0 5,2 12,3 15,4 15,5 4,6 16,8 5,10 11,11 6,12 7,14 12,15 16,17 11,18 15,19 10,21 4,24 14
26	2 5 6 9 6 4 ,1 14,2 8,5 5,6 16,8 2,9 7,10 12,11 6,13 9,14 13,16 9,17 10,18 11,19 8,20 8,21 8,23 8,24 10
27	3 3 4 4 5 4 ,1 11,5 14,8 23,10 12,11 20,13 19,14 3,15 14,16 14,17 18,18 4,22 17,23 20,24 6,25 12
28	4 8 8 3 2 2 ,0 9,2 12,11 18,12 16,13 10,14 12,15 17,16 16,18 15,19 6,20 8,21 4,23 9,24 14
29	5 4 3 5 1 3 ,0 13,4 6,5 9,7 6,13 13,15 17,16 5,19 8,22 10,23 7,24 14
30	3 6 4 10 2 1 ,1 13,2 5,3 17,4 6,6 3,11 9,13 10,16 9,17 17,19 6,20 16,21 19,24 12,25 15
31	4 4 7 4 10 6 ,0 4,3 13,5 9,6 19,8 27,9 7,10 5,11 5,12 15,14 8,15 16,16 7,17 5,18 4,19 16,22 4,23 14,25 10
32	1 5 6 2 4 5 ,0 7,3 8,4 8,6 15,8 11,11 11,13 5,17 19,18 13,19 14,23 20,25 1
33	5 5 5 4 10 5 ,0 7,1 11,2 9,3 17,4 10,5 15,7 14,9 19,10 11,11 18,14 11,16 14,17 10,18 11,19 8,20 15,22 5,23 10,25 12
34	1 10 4 7 6 5 ,1 2,2 9,3 17,5 6,6 1,7 19,8 8,9 7,10 11,11 12,13 6,14 8,17 2,20 13,21 18,23 10,24 18,25 6
35	5 5 6 6 6 6 ,0 14,1 12,2 9,4 7,6 7,7 6,9 7,10 10,14 18,15 14,16 5,19 8,20 11,22 6,23 7,24 12
36	4 4 3 12 5 4 ,0 9,1 4,2 9,3 14,4 13,6 19,7 16,9 4,10 5,12 16,13 9,14 12,17 9,18 9,21 17,23 20,25 16
37	2 5 3 9 6 3 ,1 18,2 9,4 6,5 15,6 14,12 2,13 14,14 8,15 13,19 7,20 23,22 15,23 8,24 14,25 5
38	3 3 7 6 5 6 ,0 17,5 15,6 7,8 12,9 8,11 10,13 3,14 18,16 11,17 11,19 3,21 5,22 15
39	2 9 6 9 1 9 ,0 20,2 10,3 9,4 6,5 9,7 13,8 2,9 10,10 6,11 16,12 18,13 14,14 12,15 10,16 9,18 18,19 17,20 16,21 18,23 10,24 12,25 5
40	4 8 9 4 6 3 ,0 12,1 14,6 6,7 12,8 9,9 8,10 6,11 20,12 16,14 18,15 14,17 10,18 13,19 4,20 11,24 9,25 13
41	2 2 3 6 6 5 ,0 20,1 10,2 10,3 5,6 9,7 15,13 7,15 5,16 2,18 15,19 10,20 18,21 18,22 5,24 14
42	1 6 6 4 5 3 ,0 13,3 11,5 10,7 12,8 17,9 9,10 11,11 4,12 18,13 7,14 1,16 11,20 8,21 6,22 5,23 7,25 12
43	3 6 3 3 4 6 ,0 12,2 14,6 19,7 6,9 19,12 15,15 16,16 9,17 14,19 14,21 14,22 17,23 3,25 10
44	3 1 3 7 2 5 ,0 7,1 13,4 6,6 22,9 19,13 8,14 17,15 17,17 22,18 17,20 3,23 15,24 14,25 12
45	2 7 3 8 3 8 ,0 19,1 2,2 23,3 5,4 16,6 7,8 15,9 18,11 6,13 21,16 9,17 3,18 10,21 7,22 12,25 11
46	2 2 7 9 6 4 ,0 13,1 14,2 2,4 13,5 8,6 14,8 15,9 10,12 13,13 9,14 8,15 14,18 17,20 7,21 8,23 9,25 26
47	2 5 3 1 5 2 ,4 12,5 17,6 14,8 5,10 5,12 11,13 18,14 11,15 2,20 8,22 9,24 16
48	4 7 6 1 8 3 ,0 4,1 4,2 11,4 13,5 12,6 20,8 6,11 6,13 8,14 8,16 9,17 13,18 4,19 11,20 7,24 4
49	3 6 5 2 2 6 ,0 13,2 5,3 5,6 3,8 5,9 19,11 6,16 13,17 17,18 9,19 3,20 11,23 8,24 14
50	2 6 4 4 6 2 ,2 7,4 12,5 12,8 6,9 6,11 2,14 9,15 17,16 17,17 2,18 4,19 6,20 3,21 5,25 12
51	4 10 3 3 3 3 ,0 6,7 13,9 6,10 11,11 10,12 8,14 9,15 14,16 18,17 11,18 17,19 10,20 4,22 10,24 6
52	2 4 4 4 4 1 ,1 11,5 14,6 9,7 9,14 8,16 14,19 5,20 15,21 4,23 2,24 20
53	2 3 7 5 2 6 ,0 12,2 12,3 7,4 3,5 8,6 19,8 10,9 15,10 4,11 14,12 11,13 9,16 2,19 7,25 7
54	5 7 6 5 6 4 ,0 9,1 9,2 5,3 5,6 5,7 9,8 10,12 13,14 14,16 7,17 5,18 13,19 16,21 14,23 9
55	3 3 4 2 5 6 ,0 19,1 11,4 12,5 19,6 6,7 11,8 3,10 22,13 18,14 15,15 10,16 10,23 10,25 25
56	4 7 11 8 4 6 ,0 16,1 9,2 14,3 7,4 6,5 4,7 12,8 10,9 7,10 10,11 4,12 9,13 15,14 8,16 9,17 10,18 10,19 8,22 6,23 11
57	1 5 0 4 5 5 ,1 11,2 8,3 17,5 20,6 1,9 5,11 4,13 10,14 10,16 8,17 17,19 7,20 18,24 12
58	5 2 7 7 6 7 ,1 12,4 17,6 7,7 5,8 19,9 10,10 17,11 15,12 15,13 18,15 8,16 9,17 19,19 16,20 15,21 18,23 7,24 5
59	4 4 3 1 9 5 ,2 6,4 6,5 10,6 19,7 6,8 8,15 5,16 13,17 4,19 6,20 11,23 13,25 12
60	3 4 8 3 5 9 ,0 5,2 15,3 14,4 16,5 4,8 3,10 6,12 7,14 10,15 11,16 12,17 14,18 4,19 15,20 13,24 18,25 6
61	4 2 6 3 1 3 ,2 5,5 7,6 15,8 15,12 18,13 18,14 12,16 15,18 21,20 4,23 15,24 10
62	3 3 3 4 3 6 ,0 7,3 14,4 16,6 3,7 13,8 17,9 19,13 16,16 5,18 12,19 15,20 15,22 4,25 7
63	1 4 6 2 4 4 ,0 14,1 13,4 11,6 12,8 9,11 5,13 16,14 14,16 10,17 1,19 15,21 4,23 10,24 5
64	4 9 1 3 2 6 ,1 12,7 14,8 10,9 9,10 16,11 5,12 16,13 5,14 7,15 14,16 19,17 22,18 18,20 4,25 10
65	1 4 3 9 11 6 ,0 9,2 12,4 11,5 5,6 16,7 8,8 16,9 10,10 22,11 1,12 2,13 16,14 9,15 10,16 10,18 17,19 10,22 9,25 26
66	2 4 9 3 5 6 ,0 15,1 12,4 13,6 16,8 10,9 6,10 6,11 5,12 4,13 10,14 2,15 8,19 12,20 20,22 9,23 20,24 20
67	2 7 5 5 5 4 ,1 2,2 5,3 13,5 19,6 14,7 8,8 6,10 17,13 9,14 11,16 7,17 9,18 21,20 23,21 12,24 12,25 26
68	4 6 4 3 3 5 ,0 12,2 7,5 5,6 13,7 11,8 15,9 9,10 14,11 13,12 16,13 16,14 11,15 17,16 5,19 4,20 7,22 9,24 10
69	3 3 4 8 3 1 ,0 9,1 13,7 16,8 19,9 19,14 18,15 14,16 5,20 11,21 18,22 7,23 3,24 7
70	3 4 2 2 4 5 ,5 7,6 13,8 27,11 9,13 5,14 9,17 3,19 14,20 13,21 18,22 3,24 12
71	1 9 5 4 6 3 ,0 5,1 8,2 5,3 17,5 6,8 3,10 9,11 9,12 18,13 1,16 4,17 22,19 15,20 3,21 7,23 19,24 12
72	3 9 3 4 2 6 ,1 13,2 23,3 14,4 13,5 20,6 3,8 6,11 5,12 9,13 7,15 17,16 7,17 3,19 12,20 6,21 18,24 10
73	5 6 3 3 5 4 ,0 13,3 14,5 12,8 23,10 9,11 11,13 16,14 17,16 7,17 13,18 5,23 19,24 16,25 8
74	1 9 6 3 11 6 ,0 17,2 8,3 17,4 13,6 19,7 8,8 19,9 1,10 2,11 5,12 8,13 8,16 9,17 9,19 10,20 8,22 13,23 10,25 10
75	1 10 6 6 11 4 ,0 14,1 16,2 21,3 9,4 6,5 8,6 20,7 13,8 1,10 24,11 15,12 7,13 15,14 12,15 8,16 10,18 14,19 16,20 8,21 5,24 14,25 13
76	1 4 7 6 4 8 ,0 5,1 5,3 8,4 1,6 15,8 12,13 5,14 8,16 12,17 9,19 10,20 17,24 10,25 13
77	3 3 6 7 4 4 ,0 19,3 11,4 19,5 6,6 19,7 5,8 5,10 3,12 18,13 16,14 12,15 14,16 13,17 17,18 18,19 6,20 3,21 18,24 7
78	3 6 4 7 9 5 ,2 14,3 14,4 7,6 19,8 3,9 9,11 6,12 18,15 11,16 7,17 10,18 21,19 11,20 13,22 17,23 8,25 13
79	2 4 4 5 2 6 ,0 9,1 11,2 11,4 6,8 4,10 11,11 17,12 18,13 7,14 12,15 2,16 4,17 7,18 15,20 4,23 2
80	1 4 6 3 2 4 ,2 16,4 16,6 16,10 1,11 25,13 8,14 9,16 16,17 17,18 15,19 17,20 11,23 15,25 5
81	2 5 7 3 3 4 ,1 12,6 6,7 5,8 22,12 2,13 15,14 15,16 13,18 14,20 7,21 4,22 5,24 9,25 15
82	2 7 6 5 4 4 ,0 12,1 14,2 15,4 4,5 3,6 19,7 12,8 15,10 12,13 5,16 9,18 2,19 3,20 11,23 10,24 6
83	3 4 3 9 3 7 ,1 13,4 12,5 7,6 3,7 11,8 22,9 19,10 17,12 18,14 9,16 17,18 6,19 10,20 15,21 14,23 5,24 6
84	4 8 6 5 8 7 ,1 22,5 6,6 15,7 19,8 4,9 19,11 6,12 16,13 9,14 6,15 13,16 13,17 17,18 9,19 10,20 11,21 5,24 10,25 7
85	1 8 6 2 3 2 ,0 13,2 1,7 8,8 8,9 19,11 15,13 3,14 12,16 9,18 14,19 3,20 8,21 12,22 12,25 13
86	7 3 6 6 4 3 ,1 22,2 8,5 12,6 15,7 13,8 10,9 9,11 21,12 22,14 9,17 7,19 7,20 13,21 7,22 7,24 7,25 12
87	1 9 3 3 2 9 ,0 16,1 13,2 9,5 12,6 20,7 8,10 13,11 10,14 1,16 2,17 9,18 10,19 7,20 13,24 14
88	3 7 4 3 6 4 ,3 5,6 7,7 9,8 12,9 7,10 5,11 9,12 7,13 16,14 13,15 8,17 7,18 21,20 16,21 3,23 8,24 7,25 25
89	4 6 0 3 5 4 ,0 5,3 17,4 6,6 20,9 4,10 13,13 21,16 16,17 17,18 10,19 4,20 10,21 17,22 4,23 20
90	3 3 5 5 4 6 ,3 11,4 3,6 19,7 13,8 21,11 4,13 14,14 5,17 13,18 13,21 8,22 5,23 10,25 10
91	2 5 7 3 7 7 ,1 18,2 10,3 6,4 16,5 12,7 8,8 2,9 6,12 5,13 18,15 8,16 7,17 5,18 10,19 15,20 2,21 17,23 13,24 12
92	1 4 9 5 7 9 ,0 16,1 2,3 1,4 9,5 15,6 16,7 14,10 16,11 16,14 7,15 10,16 10,17 5,18 13,20 7,21 5,22 15,23 7,24 20,25 2
93	2 3 9 6 7 7 ,1 2,2 2,3 17,4 12,5 4,6 7,8 9,9 21,10 14,11 16,13 18,14 16,15 10,16 11,17 17,19 12,20 7,23 10,24 16
94	2 5 6 5 4 3 ,0 20,1 16,5 15,6 16,9 9,10 17,11 2,12 13,15 10,16 5,17 13,18 9,20 7,22 15,23 10
95	4 4 6 6 8 4 ,0 14,4 19,5 20,7 13,9 21,10 16,11 14,12 8,14 16,16 7,17 7,18 18,19 4,20 6,21 7,22 17,23 11,25 6
96	5 3 7 4 6 6 ,0 13,1 13,2 10,3 23,5 5,6 20,8 11,9 7,10 9,11 15,12 7,13 8,16 12,17 10,18 11,20 17,21 10,22 13,25 26
97	1 9 5 6 3 6 ,1 10,2 21,3 5,4 9,5 10,6 10,7 1,8 21,10 9,11 14,12 7,13 10,14 10,15 5,16 4,17 7,19 8,22 9,23 11,24 6
98	1 3 5 2 2 3 ,0 20,2 8,4 15,5 19,7 8,8 1,9 18,13 16,18 18,19 6,21 14,24 10
99	7 6 6 6 5 2 ,3 15,4 13,8 9,9 18,11 14,12 18,13 16,14 18,15 10,16 9,17 9,19 7,20 10,22 13,23 15,25 8
