0	6 0 0 3 0 0 ,2 3,25 3,27 3
1	4 0 1 0 0 0 ,18 2
2	8 0 1 1 0 0 ,5 2,37 3
3	15 0 0 1 0 0 ,37 3
4	5 0 0 0 1 0 ,33 4
5	8 0 1 0 1 0 ,6 2,10 4
6	6 1 0 0 0 0 ,16 1
7	10 1 0 0 0 0 ,24 1
9	2 0 1 0 0 0 ,1 2
10	16 0 0 1 0 0 ,25 3
11	8 0 1 0 0 0 ,6 2
13	24 0 0 0 0 2 ,3 5,34 5
14	25 0 0 0 0 1 ,3 5
15	22 0 0 0 0 1 ,0 5
16	13 0 0 0 0 1 ,12 5
17	13 0 0 0 0 1 ,12 5
18	15 1 1 0 0 1 ,13 1,32 5,37 2
21	16 0 0 0 1 1 ,10 4,25 5
26	2 0 2 0 1 0 ,8 4,19 2,34 2
27	4 0 1 0 1 0 ,18 2,39 4
29	15 0 0 0 0 1 ,32 5
30	17 0 0 0 0 1 ,20 5
31	22 0 0 1 0 0 ,11 3
32	22 0 0 0 1 0 ,11 4
33	8 0 0 1 0 0 ,30 3
34	10 0 0 1 0 1 ,9 3,36 5
35	4 1 1 0 1 0 ,0 1,4 4,9 2
36	15 0 1 0 0 0 ,31 2
38	6 0 1 0 2 0 ,17 4,22 4,28 2
39	14 0 0 0 1 0 ,38 4
40	11 0 1 0 0 0 ,22 2
41	8 0 0 0 0 1 ,30 5
42	15 0 0 1 1 1 ,11 4,13 3,17 5
44	15 0 1 0 0 1 ,31 5,37 2
45	15 0 0 0 0 1 ,32 5
46	10 0 0 0 0 1 ,9 5
47	15 0 0 2 1 0 ,0 4,13 3,25 3
49	10 0 0 1 1 0 ,20 4,24 3
50	9 0 0 0 1 0 ,27 4
52	14 0 0 2 0 0 ,21 3,36 3
53	6 0 1 0 0 0 ,28 2
54	6 0 1 0 1 0 ,8 4,28 2
55	11 1 0 0 0 2 ,22 1,31 5,34 5
56	17 0 0 0 1 0 ,17 4
57	14 1 1 0 0 0 ,3 2,38 1
58	11 0 0 2 0 0 ,20 3,22 3
59	12 1 0 1 2 0 ,0 4,23 1,35 4,38 3
60	14 1 2 0 0 0 ,21 2,36 1,38 2
61	3 0 1 0 0 2 ,11 5,15 2,23 5
62	15 0 1 1 0 1 ,0 5,13 3,25 2
63	7 0 1 0 0 0 ,14 2
64	13 2 0 0 0 1 ,10 1,12 1,13 5
66	18 0 1 0 0 0 ,36 2
67	6 0 0 2 1 0 ,2 3,10 4,37 3
68	5 1 0 0 0 0 ,33 1
70	10 1 0 0 0 1 ,21 5,24 1
71	12 0 0 0 0 1 ,35 5
72	24 0 1 0 0 0 ,34 2
73	17 0 0 0 1 0 ,10 4
74	4 0 0 1 1 1 ,26 4,31 3,34 5
75	18 0 1 0 0 0 ,36 2
76	14 0 0 2 0 1 ,0 3,21 3,36 5
77	17 0 0 0 1 1 ,3 4,20 5
78	6 0 0 0 0 2 ,16 5,23 5
80	13 0 1 0 0 0 ,12 2
82	11 1 0 1 0 1 ,3 5,17 3,22 1
83	8 1 0 1 1 0 ,6 4,17 1,35 3
84	9 0 2 0 0 0 ,11 2,27 2
85	6 0 1 0 1 0 ,3 4,29 2
86	3 1 0 0 1 0 ,15 1,29 4
88	14 0 1 0 2 0 ,11 4,37 2,38 4
89	10 0 0 0 0 1 ,24 5
91	24 0 0 0 0 1 ,34 5
92	14 1 0 0 0 0 ,21 1
94	16 0 0 0 0 1 ,23 5
95	7 0 0 0 1 0 ,14 4
96	8 0 0 0 1 0 ,5 4
97	8 0 1 0 0 0 ,5 2
98	3 0 0 1 0 0 ,7 3
99	7 1 0 0 0 0 ,14 1
