0	15 0 0 0 0 1 ,3 5
1	17 0 0 2 1 0 ,13 4,15 3,27 3
2	11 0 0 0 1 0 ,9 4
3	12 0 0 0 1 1 ,8 4,30 5
4	6 0 0 0 0 3 ,12 5,22 5,26 5
5	8 0 0 0 1 0 ,18 4
6	15 0 0 0 0 1 ,3 5
8	3 0 0 1 0 0 ,2 3
9	19 0 0 0 1 0 ,1 4
10	12 0 0 1 1 1 ,0 3,26 5,27 4
11	18 0 1 0 0 0 ,25 2
13	17 0 0 0 2 0 ,13 4,27 4
14	12 1 0 0 0 0 ,30 1
15	20 0 0 0 1 0 ,15 4
16	15 0 1 0 0 0 ,4 2
17	20 0 0 1 0 0 ,15 3
18	17 0 0 0 1 0 ,5 4
19	19 1 1 0 0 0 ,1 1,8 2
20	8 0 0 0 0 1 ,24 5
21	20 0 0 1 0 0 ,31 3
24	15 0 0 1 0 0 ,4 3
25	8 1 0 0 1 0 ,14 1,16 4
26	8 0 0 1 2 0 ,14 4,25 4,30 3
29	15 0 0 0 1 1 ,4 4,23 5
31	18 1 0 0 0 0 ,23 1
34	17 1 0 1 0 0 ,5 1,15 3
36	5 0 1 0 1 1 ,4 5,6 4,9 2
38	15 0 1 0 0 0 ,3 2
39	14 0 0 1 0 1 ,13 3,16 5
40	12 0 1 1 0 0 ,0 2,30 3
41	19 0 0 0 1 0 ,8 4
42	15 0 0 1 0 2 ,3 3,5 5,23 5
45	19 0 0 0 0 1 ,1 5
48	19 0 0 0 1 0 ,8 4
49	11 1 0 0 0 0 ,9 1
50	3 0 0 2 0 0 ,8 3,10 3
52	8 0 0 0 1 0 ,28 4
53	20 0 0 0 0 1 ,31 5
55	13 0 0 1 0 0 ,17 3
56	13 0 0 1 0 1 ,5 3,17 5
60	16 1 0 0 0 1 ,20 5,25 1
63	7 0 0 1 0 1 ,20 3,29 5
64	13 0 0 0 0 1 ,17 5
65	14 0 0 0 1 1 ,16 5,25 4
66	17 1 0 0 0 0 ,13 1
68	11 0 0 2 0 0 ,1 3,7 3
69	18 0 1 0 0 0 ,23 2
70	18 1 0 0 0 0 ,23 1
72	8 0 0 1 0 0 ,14 3
73	20 0 0 1 0 0 ,15 3
74	6 1 0 0 0 1 ,12 5,22 1
75	11 0 0 0 1 1 ,7 5,31 4
76	18 0 0 0 1 0 ,23 4
77	16 0 0 0 1 0 ,20 4
78	8 0 0 0 1 0 ,18 4
80	12 0 1 0 0 0 ,26 2
81	8 0 0 1 0 0 ,24 3
83	15 1 0 0 0 0 ,4 1
84	11 0 0 2 0 0 ,9 3,31 3
87	1 1 1 0 0 0 ,1 2,19 1
88	17 0 1 0 0 0 ,5 2
89	8 0 0 0 3 1 ,0 5,1 4,25 4,28 4
90	7 0 2 1 0 0 ,7 3,8 2,29 2
91	16 0 0 0 2 0 ,20 4,27 4
93	11 1 0 0 0 0 ,9 1
94	5 1 0 0 0 1 ,6 1,31 5
95	4 0 0 0 1 1 ,11 4,13 5
96	20 0 0 0 1 0 ,15 4
97	1 1 0 0 0 0 ,21 1
98	18 0 0 1 0 0 ,25 3
99	12 0 2 1 0 0 ,0 2,5 2,27 3
