0	1 2 0 0 0 0 ,14 1,17 1
3	15 1 0 0 0 0 ,9 1
8	14 0 0 1 0 0 ,13 3
11	9 0 1 0 0 0 ,17 2
13	14 0 0 0 1 0 ,13 4
14	11 0 0 0 0 1 ,10 5
17	15 0 0 0 2 1 ,7 5,9 4,11 4
18	9 0 0 1 0 0 ,17 3
20	4 1 0 0 0 1 ,0 1,15 5
24	19 0 0 0 0 1 ,1 5
27	12 2 0 0 0 1 ,3 1,9 5,11 1
30	14 0 0 1 0 0 ,13 3
34	12 0 1 1 0 0 ,1 2,3 3
40	5 0 1 0 1 0 ,4 2,13 4
41	5 0 1 0 0 0 ,4 2
42	11 0 0 1 0 0 ,5 3
43	15 1 0 0 0 0 ,9 1
45	22 1 0 0 0 0 ,7 1
50	3 0 0 1 0 0 ,18 3
53	9 0 1 0 3 0 ,2 4,7 4,9 2,15 4
55	16 0 0 1 1 0 ,1 3,11 4
57	11 0 1 0 0 0 ,8 2
58	11 0 1 0 0 0 ,10 2
59	19 0 0 0 0 1 ,1 5
63	16 0 0 1 0 0 ,2 3
64	16 0 0 0 1 0 ,2 4
65	11 0 0 1 0 0 ,8 3
67	19 0 0 1 0 0 ,1 3
68	3 0 1 1 1 0 ,7 4,11 2,16 3
69	11 1 0 0 0 0 ,5 1
72	9 0 1 0 1 0 ,7 4,17 2
73	11 0 0 1 0 0 ,8 3
76	12 0 0 0 0 1 ,3 5
79	9 2 0 0 0 1 ,5 1,11 5,17 1
80	11 0 0 1 0 0 ,5 3
81	12 0 0 1 0 0 ,3 3
83	4 0 0 1 0 0 ,0 3
84	1 1 1 0 0 0 ,6 2,12 1
85	11 0 1 1 0 0 ,5 3,8 2
86	3 1 0 0 0 0 ,6 1
87	11 1 0 0 1 0 ,2 4,8 1
90	5 1 0 0 1 0 ,4 1,7 4
91	15 0 1 0 0 0 ,9 2
92	19 1 0 0 0 0 ,1 1
97	11 0 0 0 1 0 ,10 4
99	16 1 0 0 0 0 ,2 1
