0	9 0 0 0 1 0 ,8 4
2	8 0 0 1 0 0 ,7 3
3	3 1 0 0 0 0 ,1 1
9	5 0 0 0 0 1 ,11 5
11	13 0 0 1 0 0 ,3 3
12	10 0 0 0 0 1 ,5 5
13	5 0 1 0 0 0 ,0 2
15	10 1 0 0 3 0 ,5 1,6 4,13 4,19 4
18	11 0 0 1 0 0 ,17 3
19	2 1 1 1 0 0 ,2 3,12 1,19 2
21	16 0 1 0 0 0 ,13 2
23	9 0 0 1 0 0 ,14 3
27	10 0 0 0 1 0 ,2 4
33	5 0 0 0 0 2 ,3 5,18 5
34	11 1 1 1 0 0 ,3 1,10 2,17 3
35	3 0 1 0 0 0 ,1 2
43	3 0 0 2 0 0 ,9 3,14 3
47	11 0 1 0 1 0 ,10 4,13 2
49	16 0 0 0 1 0 ,13 4
51	9 0 0 1 0 0 ,8 3
52	11 0 1 1 0 0 ,10 3,19 2
53	8 0 1 0 0 0 ,7 2
56	16 1 0 0 0 0 ,13 1
61	13 0 0 0 1 0 ,3 4
62	7 0 0 0 0 1 ,15 5
63	5 1 0 0 2 0 ,4 1,16 4,20 4
64	10 0 1 0 0 0 ,4 2
66	21 0 0 0 0 1 ,16 5
67	11 0 1 0 0 0 ,17 2
69	10 0 1 1 0 0 ,6 3,19 2
73	9 0 1 1 0 0 ,14 3,16 2
74	7 0 2 0 0 0 ,15 2,19 2
76	21 0 0 0 0 1 ,16 5
77	4 0 1 1 1 0 ,8 2,13 3,21 4
82	10 0 0 1 0 0 ,4 3
83	10 0 1 0 0 1 ,6 2,16 5
86	10 1 0 1 0 0 ,6 1,17 3
88	10 0 1 0 1 0 ,5 4,10 2
91	8 0 0 1 0 0 ,7 3
92	17 0 0 0 0 1 ,19 5
93	10 0 0 1 0 0 ,2 3
95	5 0 0 1 1 0 ,0 3,4 4
96	2 1 0 0 0 0 ,12 1
97	5 1 0 0 0 0 ,20 1
