0	9 0 0 0 1 0 ,7 4
2	14 0 1 0 0 1 ,9 5,15 2
3	14 0 0 1 0 0 ,3 3
4	14 1 0 0 0 0 ,16 1
7	14 0 0 0 1 0 ,16 4
11	14 0 0 0 0 1 ,3 5
13	14 0 0 1 0 0 ,0 3
18	8 0 0 0 1 0 ,1 4
23	15 0 0 1 0 0 ,13 3
24	14 0 0 1 0 0 ,15 3
26	13 0 1 0 0 0 ,2 2
27	15 0 1 0 0 0 ,13 2
35	21 0 0 0 1 0 ,9 4
38	5 0 0 0 2 0 ,4 4,12 4
39	6 1 0 0 0 0 ,14 1
40	20 0 0 0 1 0 ,11 4
41	21 0 1 0 0 0 ,9 2
42	5 1 0 0 1 0 ,2 4,4 1
45	6 1 0 0 1 0 ,8 4,14 1
46	20 0 1 0 0 0 ,11 2
51	20 0 0 0 0 1 ,11 5
52	15 0 0 0 1 0 ,13 4
60	7 0 0 1 1 0 ,6 4,12 3
61	21 1 0 0 0 0 ,9 1
63	3 1 0 1 0 0 ,2 1,10 3
64	6 0 0 0 1 0 ,5 4
65	14 1 1 0 0 0 ,3 1,11 2
66	14 0 0 0 0 1 ,3 5
67	14 0 0 0 0 1 ,15 5
68	13 1 0 0 0 0 ,2 1
71	14 0 0 1 0 0 ,0 3
72	14 0 0 0 1 0 ,16 4
74	14 1 1 0 0 1 ,0 5,15 1,16 2
76	10 0 1 1 0 0 ,6 2,15 3
77	6 0 1 0 0 0 ,5 2
79	13 0 1 0 0 1 ,2 5,11 2
80	8 0 0 0 1 0 ,1 4
81	6 0 0 0 1 1 ,8 5,14 4
82	21 0 0 0 1 0 ,9 4
84	14 0 0 0 0 1 ,8 5
85	21 0 0 0 0 1 ,9 5
86	10 0 0 2 1 0 ,0 3,6 4,16 3
90	15 0 0 1 0 0 ,13 3
94	20 0 0 0 0 1 ,11 5
96	9 1 0 0 0 0 ,7 1
97	9 0 1 0 1 0 ,7 4,13 2
98	15 1 0 0 0 0 ,13 1
