0	5 1 0 0 0 0 ,19 1
1	1 1 1 0 0 0 ,14 2,24 1
5	14 0 0 0 0 1 ,13 5
6	17 0 0 0 1 0 ,9 4
10	4 1 0 0 0 0 ,6 1
14	20 0 0 1 0 0 ,22 3
15	17 0 1 0 1 1 ,1 5,3 2,15 4
16	8 0 1 0 0 2 ,12 2,14 5,15 5
17	4 0 0 1 0 0 ,6 3
19	20 0 0 0 1 0 ,15 4
20	7 2 0 0 1 1 ,11 1,18 4,21 5,25 1
21	5 0 1 0 0 1 ,2 2,4 5
22	14 0 0 1 0 0 ,25 3
23	14 0 0 0 0 1 ,11 5
25	4 2 0 0 0 0 ,20 1,25 1
27	6 1 0 0 0 0 ,5 1
28	17 0 1 0 0 0 ,1 2
30	14 0 1 0 0 1 ,12 5,25 2
31	5 0 1 0 0 0 ,10 2
32	14 1 1 0 0 0 ,11 1,12 2
36	15 1 1 0 0 0 ,8 1,9 2
38	17 0 0 0 1 0 ,3 4
39	15 1 0 1 0 0 ,1 3,8 1
40	9 1 0 1 0 1 ,8 5,9 1,23 3
41	4 0 0 2 1 1 ,20 3,22 4,23 3,25 5
42	19 0 1 0 0 0 ,21 2
43	8 2 0 0 0 0 ,13 1,14 1
46	19 0 0 0 0 1 ,21 5
47	5 1 0 1 0 0 ,10 3,11 1
48	15 0 0 0 1 0 ,8 4
49	7 0 0 1 0 0 ,18 3
53	6 0 0 1 0 0 ,5 3
54	5 0 0 0 0 1 ,17 5
55	6 1 0 1 0 0 ,7 3,15 1
56	17 0 0 0 1 0 ,3 4
57	19 0 0 0 1 0 ,21 4
58	6 1 0 0 1 0 ,1 4,7 1
61	6 0 1 0 1 0 ,7 2,15 4
63	2 1 0 0 0 0 ,0 1
64	9 0 1 0 0 0 ,23 2
65	17 1 0 0 0 0 ,1 1
68	20 0 1 0 0 0 ,12 2
71	17 0 0 1 0 0 ,9 3
72	20 0 0 0 0 1 ,22 5
73	14 0 1 0 0 0 ,25 2
75	17 0 0 0 0 1 ,3 5
81	14 0 0 1 0 0 ,13 3
82	14 0 1 1 0 0 ,3 2,11 3
83	5 0 0 0 1 0 ,19 4
85	6 0 1 0 0 0 ,5 2
86	3 0 0 1 1 0 ,8 4,26 3
87	5 0 0 1 0 0 ,2 3
88	17 0 0 1 0 0 ,9 3
89	9 0 1 1 1 1 ,1 2,4 4,12 5,22 3
90	14 0 0 0 1 1 ,9 4,13 5
91	19 1 0 1 0 0 ,21 3,22 1
93	20 0 0 0 1 0 ,12 4
96	2 1 0 0 0 0 ,0 1
98	9 1 0 1 0 0 ,11 3,23 1
99	3 0 1 1 1 0 ,15 2,16 3,22 4
