0	13 0 0 0 0 2 ,11 5,23 5
4	5 0 0 0 1 0 ,17 4
6	12 0 0 2 0 0 ,10 3,14 3
7	13 1 0 1 0 0 ,11 3,20 1
9	18 0 0 0 1 0 ,23 4
10	23 0 0 0 0 1 ,7 5
11	13 1 0 0 0 0 ,1 1
12	5 1 0 0 0 1 ,17 1,22 5
13	8 0 0 0 1 0 ,15 4
14	7 1 0 0 0 0 ,8 1
15	8 0 0 1 1 0 ,4 3,15 4
16	8 0 1 1 0 0 ,12 2,18 3
17	17 0 1 0 0 0 ,22 2
20	17 1 0 0 1 0 ,6 1,20 4
21	8 1 1 1 0 0 ,16 3,22 2,25 1
22	12 1 0 1 0 0 ,1 3,24 1
26	10 0 0 1 1 0 ,13 3,25 4
27	18 0 0 1 0 0 ,13 3
29	12 1 0 0 0 0 ,24 1
30	12 0 0 0 1 1 ,20 4,24 5
33	16 0 0 0 1 0 ,14 4
34	5 0 0 0 2 0 ,21 4,23 4
35	18 0 0 0 1 0 ,20 4
36	1 1 0 0 1 0 ,0 1,7 4
38	10 0 0 0 0 1 ,25 5
39	8 0 1 0 0 1 ,6 5,16 2
40	23 0 0 1 0 0 ,7 3
41	4 0 0 1 1 1 ,5 4,20 3,24 5
42	7 0 0 1 0 1 ,3 5,11 3
43	11 0 1 0 0 1 ,13 5,18 2
45	5 1 0 0 0 0 ,21 1
46	23 0 0 0 0 1 ,7 5
48	18 0 0 1 0 0 ,13 3
50	8 0 0 0 0 1 ,12 5
51	12 0 0 0 0 1 ,10 5
52	10 0 0 1 0 0 ,2 3
54	13 1 0 0 0 0 ,4 1
56	18 1 0 0 0 0 ,13 1
57	18 0 0 0 0 1 ,23 5
59	18 0 1 0 0 0 ,20 2
60	13 0 0 0 1 0 ,1 4
61	13 0 1 0 0 0 ,11 2
64	7 0 0 1 0 0 ,9 3
65	8 1 0 0 0 0 ,12 1
66	16 0 0 0 1 0 ,14 4
67	13 0 0 0 0 1 ,19 5
68	8 0 1 0 0 0 ,16 2
69	11 1 0 0 1 0 ,7 4,18 1
71	13 0 1 0 1 0 ,1 2,19 4
72	23 0 1 0 0 0 ,7 2
75	7 0 1 0 0 0 ,3 2
76	16 0 0 0 1 0 ,14 4
77	17 1 0 0 0 0 ,22 1
80	7 0 0 1 1 0 ,8 4,22 3
81	17 0 0 0 1 0 ,6 4
82	8 2 0 0 2 0 ,6 4,10 1,16 1,22 4
83	10 1 1 0 0 0 ,2 2,14 1
84	13 0 0 0 0 1 ,4 5
85	7 0 0 0 1 0 ,9 4
86	13 1 0 0 0 0 ,1 1
87	10 0 0 0 0 1 ,2 5
89	12 0 0 1 0 0 ,10 3
92	17 0 0 1 0 0 ,6 3
94	13 0 0 0 1 0 ,19 4
95	13 0 0 1 1 0 ,4 4,13 3
97	7 0 1 0 0 1 ,8 2,18 5
98	13 0 1 0 0 0 ,1 2
