0	12 0 0 0 1 0 ,3 4
1	10 1 0 0 0 0 ,2 1
3	2 1 0 0 0 0 ,8 1
7	13 0 0 1 0 0 ,7 3
9	20 0 0 1 0 0 ,23 3
10	14 0 1 1 0 0 ,0 3,5 2
11	15 0 0 0 1 0 ,4 4
12	2 1 0 0 1 1 ,4 4,8 1,24 5
16	14 0 0 0 0 1 ,15 5
17	20 0 0 0 0 1 ,23 5
18	13 0 0 1 0 1 ,7 5,15 3
23	25 0 0 1 0 0 ,13 3
24	15 0 0 0 0 1 ,10 5
27	2 0 1 0 0 0 ,18 2
29	3 1 1 0 0 0 ,11 1,23 2
30	9 1 0 1 0 0 ,2 3,24 1
31	12 0 1 0 0 0 ,3 2
33	15 0 1 0 0 0 ,10 2
35	6 0 1 0 0 1 ,0 2,17 5
36	12 0 1 0 0 0 ,3 2
37	3 0 1 1 0 0 ,4 2,6 3
39	14 0 0 0 0 1 ,0 5
43	13 0 0 1 1 1 ,5 5,7 4,10 3
45	14 1 0 0 0 0 ,15 1
48	15 0 0 1 0 0 ,4 3
50	15 0 0 1 1 1 ,5 5,13 3,21 4
52	10 0 1 0 1 0 ,2 2,23 4
53	2 0 1 1 0 0 ,5 3,12 2
59	9 0 0 1 0 0 ,24 3
61	10 0 1 0 0 0 ,2 2
62	14 0 0 0 1 0 ,0 4
64	3 0 1 1 0 1 ,13 5,14 2,19 3
65	7 0 0 0 0 1 ,20 5
66	6 1 0 0 0 2 ,9 5,13 5,17 1
67	20 0 0 1 0 0 ,23 3
68	25 0 0 0 0 1 ,13 5
70	7 1 1 0 0 0 ,10 1,20 2
71	15 0 0 0 1 0 ,10 4
72	15 0 1 0 0 0 ,21 2
73	15 0 1 0 1 0 ,5 2,21 4
76	6 0 1 0 2 0 ,5 2,9 4,22 4
77	6 0 1 0 1 0 ,4 2,14 4
79	1 1 0 0 0 0 ,1 1
82	14 0 0 0 1 0 ,15 4
83	12 1 0 0 1 0 ,3 1,13 4
86	6 0 1 0 0 0 ,22 2
87	15 0 0 1 1 0 ,21 4,23 3
89	13 2 0 0 0 0 ,7 1,21 1
91	10 0 1 0 0 0 ,2 2
96	4 1 0 0 1 0 ,15 1,16 4
98	3 0 1 1 0 0 ,3 3,11 2
