1	16 0 0 1 0 0 ,23 3
4	11 0 1 0 0 0 ,10 2
6	11 0 0 0 0 1 ,5 5
7	7 0 0 1 1 0 ,9 4,22 3
8	11 0 0 2 0 1 ,2 5,4 3,13 3
11	8 1 0 0 1 0 ,1 4,18 1
14	14 1 0 0 0 0 ,2 1
16	14 0 2 0 0 0 ,9 2,12 2
18	16 0 0 0 1 0 ,23 4
20	9 0 2 0 0 0 ,1 2,12 2
23	14 0 1 0 0 1 ,9 2,20 5
24	18 0 0 0 1 0 ,20 4
25	18 0 0 0 1 0 ,4 4
27	10 0 0 1 0 0 ,15 3
28	8 0 0 2 1 0 ,9 4,18 3,23 3
30	9 2 0 0 0 1 ,3 5,16 1,19 1
31	14 0 1 0 0 0 ,9 2
32	11 0 1 0 0 0 ,10 2
36	8 1 0 0 0 0 ,18 1
37	8 0 0 1 1 1 ,11 5,16 4,18 3
39	9 0 0 1 0 0 ,1 3
43	15 1 0 0 0 0 ,14 1
44	11 0 0 1 1 0 ,16 3,19 4
46	15 0 0 0 1 0 ,14 4
47	18 1 0 0 0 0 ,20 1
48	17 1 0 1 0 0 ,19 3,20 1
49	7 0 0 0 1 0 ,22 4
50	9 0 0 0 1 2 ,3 4,7 5,11 5
51	15 0 0 0 1 0 ,12 4
53	10 1 1 0 0 0 ,15 2,19 1
54	19 0 0 0 0 1 ,7 5
56	10 1 1 0 0 0 ,10 2,15 1
57	11 0 0 1 0 0 ,5 3
59	11 0 0 0 1 0 ,10 4
60	11 0 0 1 0 0 ,13 3
61	14 0 0 0 0 1 ,2 5
64	10 1 1 1 0 0 ,11 3,15 1,20 2
65	2 0 1 0 0 0 ,17 2
67	11 0 0 1 0 0 ,16 3
68	17 0 0 0 1 0 ,19 4
70	18 0 0 0 0 1 ,4 5
71	10 0 1 0 0 1 ,2 2,8 5
72	6 0 1 1 0 0 ,6 3,12 2
73	12 0 0 1 1 1 ,0 5,7 3,14 4
74	15 0 1 0 0 1 ,7 2,14 5
75	6 1 0 0 1 0 ,4 4,21 1
77	6 0 0 0 0 1 ,21 5
78	15 0 0 0 0 1 ,12 5
79	15 1 0 0 0 0 ,14 1
81	16 0 0 1 0 0 ,23 3
82	11 0 0 1 1 0 ,5 3,7 4
86	12 0 0 0 1 0 ,0 4
88	6 0 0 1 1 1 ,6 3,13 5,19 4
89	10 0 0 1 0 0 ,15 3
90	10 0 0 1 0 1 ,8 5,23 3
94	11 1 1 1 1 1 ,0 3,4 2,10 1,11 4,20 5
95	14 1 0 0 0 0 ,2 1
