0	10 0 0 1 0 0 ,17 3
2	20 0 0 0 1 0 ,18 4
3	10 0 0 0 1 1 ,6 5,17 4
4	2 0 1 2 1 1 ,5 5,22 4,23 3,26 3,27 2
6	10 0 0 0 1 0 ,26 4
7	11 1 0 1 0 0 ,10 1,16 3
10	10 0 0 1 1 1 ,12 5,22 4,25 3
11	19 0 0 0 1 0 ,23 4
12	7 0 1 1 0 1 ,7 2,11 5,16 3
13	7 0 0 1 0 1 ,7 3,19 5
14	9 0 0 0 1 0 ,5 4
17	18 0 0 0 1 0 ,13 4
19	13 0 1 0 0 1 ,3 2,14 5
22	13 0 0 0 0 1 ,3 5
24	18 0 0 0 1 0 ,1 4
27	7 0 1 0 1 1 ,1 2,4 5,14 4
29	7 1 2 0 0 1 ,6 1,7 2,11 5,13 2
30	5 0 1 0 0 0 ,20 2
33	19 0 0 0 0 1 ,14 5
36	7 0 1 0 0 2 ,0 2,6 5,19 5
37	10 0 1 0 0 0 ,17 2
38	14 0 0 2 0 0 ,14 3,22 3
39	6 0 1 0 1 0 ,15 4,21 2
41	13 0 1 0 0 0 ,3 2
42	12 0 1 0 1 0 ,10 4,19 2
43	19 1 0 0 0 0 ,14 1
44	19 1 0 0 0 0 ,14 1
45	10 1 0 0 0 0 ,12 1
48	12 0 0 1 0 0 ,25 3
50	18 0 0 0 0 1 ,1 5
51	7 1 0 1 0 0 ,0 1,9 3
54	7 1 0 0 3 0 ,0 4,3 4,10 1,16 4
55	6 0 0 0 1 0 ,21 4
59	20 0 0 0 0 1 ,18 5
60	19 0 0 1 0 0 ,10 3
61	11 1 0 0 0 0 ,16 1
63	19 0 0 0 0 1 ,10 5
64	13 1 0 2 0 0 ,9 3,13 1,23 3
65	10 0 1 1 0 0 ,18 2,26 3
66	11 0 2 1 2 0 ,1 2,9 2,15 4,22 3,25 4
67	12 1 0 0 0 0 ,25 1
68	11 0 1 1 0 0 ,15 3,18 2
72	18 0 1 0 0 0 ,13 2
73	19 0 1 0 0 1 ,18 5,23 2
76	14 0 0 1 0 0 ,6 3
79	1 1 2 0 1 1 ,8 1,10 5,11 2,18 2,23 4
82	13 0 0 0 0 1 ,9 5
85	18 0 0 0 0 1 ,1 5
86	6 0 0 1 0 0 ,24 3
90	12 1 0 0 0 0 ,25 1
91	5 0 0 2 0 0 ,12 3,20 3
92	18 0 0 0 1 0 ,13 4
94	6 0 0 2 0 0 ,23 3,24 3
95	10 1 0 0 0 0 ,12 1
97	5 1 0 0 0 1 ,2 5,17 1
99	7 1 1 0 0 1 ,4 2,11 1,13 5
