2	3 1 0 1 1 0 ,11 4,31 3,32 1
4	9 0 1 1 0 1 ,7 2,12 3,33 5
6	19 0 0 0 1 0 ,23 4
7	6 0 1 0 1 0 ,6 2,29 4
8	1 2 0 1 0 0 ,2 1,14 1,18 3
9	19 1 0 0 0 0 ,8 1
10	17 0 0 1 2 0 ,12 3,28 4,32 4
11	7 0 0 1 1 0 ,0 4,9 3
12	7 0 0 1 0 0 ,2 3
14	1 1 0 0 1 1 ,10 1,15 5,20 4
16	14 1 0 0 1 1 ,11 5,17 1,30 4
17	4 1 0 0 1 0 ,8 4,24 1
19	19 0 0 0 0 1 ,32 5
21	13 0 0 0 1 0 ,7 4
22	6 0 0 0 1 0 ,6 4
23	17 0 1 0 0 1 ,28 5,32 2
24	15 0 0 0 0 1 ,13 5
25	7 0 0 1 1 0 ,17 4,27 3
26	20 0 1 0 0 1 ,9 5,17 2
28	5 1 4 0 0 0 ,5 2,21 2,23 2,26 2,30 1
29	12 1 0 0 0 1 ,5 5,21 1
30	7 1 1 0 0 0 ,1 1,2 2
32	11 0 0 1 0 0 ,3 3
33	7 0 0 0 1 0 ,27 4
34	15 0 1 0 0 1 ,13 5,28 2
35	7 0 0 1 0 0 ,0 3
36	13 0 0 1 0 0 ,29 3
37	5 1 1 2 0 0 ,1 2,21 3,22 1,26 3
38	19 0 0 1 0 0 ,23 3
40	19 0 0 0 0 1 ,11 5
41	13 0 0 1 0 1 ,23 3,29 5
43	18 1 0 0 0 1 ,5 1,17 5
44	6 0 0 1 0 0 ,19 3
46	15 1 0 0 0 0 ,13 1
47	19 0 0 0 0 1 ,8 5
50	13 0 0 0 2 0 ,5 4,7 4
52	19 0 0 0 1 0 ,32 4
53	17 1 0 0 0 1 ,25 5,28 1
55	13 0 0 2 1 0 ,4 3,9 4,32 3
56	14 0 0 0 0 1 ,15 5
57	14 0 0 0 0 1 ,30 5
58	4 0 1 2 2 0 ,17 4,21 2,24 3,25 3,33 4
59	18 0 1 1 0 0 ,5 2,23 3
63	9 0 0 0 1 2 ,3 5,16 4,22 5
64	18 0 0 0 1 0 ,5 4
65	17 0 0 0 0 1 ,28 5
66	14 0 0 1 0 0 ,30 3
67	13 1 0 0 0 0 ,29 1
68	6 0 0 1 0 0 ,19 3
69	19 0 0 0 1 1 ,9 4,12 5
70	19 0 0 1 0 0 ,8 3
71	13 0 0 1 0 1 ,4 5,9 3
75	14 0 0 1 0 0 ,15 3
76	5 0 1 0 0 0 ,18 2
77	19 0 0 0 0 1 ,12 5
80	19 0 0 1 0 0 ,12 3
81	10 0 0 0 1 1 ,1 4,11 5
82	10 1 1 0 0 0 ,15 1,16 2
84	19 1 0 0 0 0 ,8 1
85	12 0 0 0 1 0 ,21 4
87	6 0 2 1 0 0 ,3 3,20 2,22 2
89	19 0 0 0 1 0 ,23 4
90	17 0 0 0 1 0 ,25 4
91	9 1 0 0 0 2 ,4 5,17 5,22 1
93	10 0 0 2 0 1 ,1 3,7 3,8 5
95	10 0 0 0 1 0 ,16 4
96	14 2 0 0 0 1 ,13 1,25 5,30 1
97	15 0 0 1 0 0 ,13 3
98	7 2 0 0 0 0 ,2 1,9 1
