0	4 3 2 3 4 2 ,1 9,4 9,5 8,8 6,9 10,12 4,13 16,14 14
1	5 4 2 5 2 2 ,0 15,1 18,3 10,4 15,5 8,6 9,9 5,10 20,11 6,12 18,13 15,15 7
2	4 4 4 1 2 3 ,0 14,1 5,2 14,3 11,4 10,5 5,6 7,7 11,14 17,15 4
3	1 4 2 2 5 2 ,3 6,4 15,7 17,8 1,10 16,12 14,14 5,15 9
4	4 1 4 3 1 0 ,1 15,2 15,3 19,6 4,10 12,12 10,14 15,15 18
5	2 2 3 4 5 1 ,0 14,1 9,2 18,4 15,7 7,8 15,10 20,12 9,13 2,14 4,15 16
6	2 1 4 3 3 1 ,1 14,3 7,4 9,7 14,8 15,10 2,11 15,14 9,15 10
7	5 3 1 7 3 3 ,0 15,1 18,3 8,4 7,6 10,10 10,12 11,13 11,14 5,15 6
8	2 6 4 7 6 2 ,0 10,2 2,4 5,5 6,6 15,9 14,10 9,11 16,12 9,13 3,14 20,15 18
9	2 2 3 6 3 3 ,0 14,2 15,3 13,5 12,6 13,7 5,8 18,9 19,10 6,12 11,13 5,15 2
10	4 4 2 3 1 1 ,2 14,5 7,7 17,11 19,12 4,13 6,14 6
11	2 2 4 3 4 2 ,1 15,2 14,3 2,5 14,7 19,8 5,11 10,15 11
12	7 4 3 4 2 2 ,0 13,2 8,3 7,8 7,9 10,10 10,11 16,12 12,13 15,14 9,15 16
13	8 2 2 1 2 3 ,1 14,2 8,4 10,7 22,12 16,13 13,14 16
14	1 7 4 2 3 1 ,1 9,2 1,3 13,4 17,6 13,7 2,8 18,10 11,12 19,13 10
15	4 5 2 1 2 1 ,0 4,1 11,2 18,4 11,5 17,7 10,8 11,10 20,12 11
16	4 3 4 3 3 3 ,0 10,1 13,2 14,4 8,6 7,8 21,9 4,10 13,11 5,12 9,14 13,15 16
17	1 2 4 3 3 0 ,0 2,2 8,3 19,6 5,7 19,9 10,10 2,12 25,15 1
18	3 3 1 5 6 5 ,0 14,2 6,5 7,8 11,9 15,10 3,11 19,12 10,14 9,15 15
19	8 0 2 3 4 3 ,3 10,4 14,5 11,6 8,7 10,8 12,9 21,10 11,12 8,13 19
20	5 3 5 2 1 1 ,1 14,2 14,6 13,8 18,10 9,12 5,14 11,15 20
21	2 3 5 5 3 2 ,0 18,1 15,2 3,5 6,7 7,8 7,12 17,13 2,14 12
22	6 4 1 3 5 3 ,0 13,1 14,8 14,10 6,11 6,12 10,13 16,14 17,15 9
23	4 3 3 4 4 3 ,0 8,3 11,4 4,5 16,7 19,10 13,12 19,14 11,15 9
24	4 2 1 0 5 0 ,4 18,5 17,8 11,11 8,13 12,14 4,15 10
25	5 10 2 9 4 3 ,1 13,3 6,4 19,5 6,6 21,8 9,9 19,10 15,11 18,12 7,13 5,14 11,15 9
26	3 4 5 4 4 2 ,0 14,1 11,4 8,5 14,6 8,8 4,9 15,10 3,11 6,12 8,14 13,15 12
27	5 2 1 1 5 3 ,2 5,4 16,6 5,7 7,9 15,10 19,13 13,15 19
28	6 3 1 4 5 4 ,2 18,3 6,4 17,5 11,6 7,8 14,9 14,11 19,12 16,13 15
29	5 4 2 4 7 3 ,0 8,1 6,2 14,3 10,4 9,5 10,6 15,7 10,8 12,9 14,11 12,13 5,14 20
30	4 2 2 4 2 5 ,1 20,3 8,4 6,7 5,8 14,9 4,10 19,11 20,12 16,14 14,15 13
31	3 1 2 2 5 3 ,0 13,1 7,2 12,5 11,7 11,8 6,9 3,10 20,12 18,15 15
32	5 2 5 5 4 6 ,0 12,4 9,5 17,6 17,7 9,8 5,10 10,11 10,12 13,13 18,14 9,15 20
33	4 3 3 2 3 2 ,1 13,4 11,6 7,9 5,10 4,12 20,13 16,14 12,15 16
34	1 5 3 2 4 3 ,0 13,1 1,3 8,4 8,5 11,7 17,8 1,9 17,12 19,13 18,15 15
35	1 5 2 1 2 5 ,1 13,2 17,4 15,5 11,8 1,12 16,13 2,14 19,15 16
36	4 6 4 2 2 3 ,0 10,3 6,5 5,6 13,7 4,8 7,9 14,10 11,12 16,14 19,15 16
37	3 4 4 4 2 4 ,1 10,4 3,5 8,6 9,8 6,10 9,12 7,14 15,15 19
38	6 6 2 4 1 1 ,0 14,2 10,4 6,5 11,6 17,7 11,8 15,10 16,13 19,15 10
39	2 3 2 4 3 4 ,0 16,1 15,2 18,3 19,4 13,6 5,10 6,12 10,13 2,14 12,15 7
40	5 5 2 3 2 2 ,2 6,4 17,5 5,8 9,10 13,11 19,12 16,13 13,14 14,15 10
41	10 1 4 1 2 1 ,0 19,3 10,5 17,6 12,8 14,11 15,12 20
42	7 2 3 4 3 0 ,1 21,4 17,5 7,6 21,7 19,8 18,10 12,14 11,15 9
43	2 7 2 5 2 1 ,0 14,1 8,2 18,4 9,6 22,7 12,10 20,11 6,12 2,14 9,15 12
44	5 3 2 4 5 4 ,0 14,2 16,4 13,5 9,6 12,7 17,8 20,10 16,11 10,12 5,13 14,15 14
45	2 0 3 2 2 4 ,1 9,2 10,4 11,5 10,6 17,8 7,11 18,12 10,14 2,15 9
46	3 3 5 7 0 3 ,1 5,2 14,4 5,5 3,7 12,8 14,9 14,11 10,12 17,15 15
47	3 4 4 0 8 3 ,0 12,1 10,2 3,3 15,4 10,5 5,6 13,8 14,10 9,11 15,13 6,15 9
48	5 3 4 3 5 4 ,1 6,3 11,5 10,6 21,7 11,8 9,9 5,12 10,14 16,15 11
49	10 0 3 2 2 1 ,0 18,2 12,7 10,8 21,9 14,11 17
50	5 3 1 4 2 2 ,1 13,6 17,8 21,9 5,11 12,12 9,14 12
51	5 4 1 5 2 5 ,0 13,1 9,2 5,4 12,5 11,8 10,10 10,12 6,15 11
52	1 5 1 2 3 1 ,0 14,1 20,2 12,4 1,6 13,8 14,10 15,11 17,12 20,14 13
53	6 3 1 2 5 2 ,0 15,1 16,6 7,7 14,8 11,9 14,10 16,11 19,14 17,15 6
54	6 4 5 2 2 1 ,0 12,1 13,5 11,7 10,8 14,11 18,12 9,13 8,14 6
55	2 1 6 1 2 2 ,2 14,4 9,6 9,8 2,13 12,14 20,15 10
56	6 2 3 2 3 1 ,0 12,1 7,5 7,10 6,12 13,13 14,14 8
57	5 0 4 1 2 4 ,1 15,2 14,3 11,5 10,7 19,8 11,11 17,12 5,13 17
58	7 0 3 6 2 7 ,1 10,4 12,5 7,7 15,8 18,9 7,11 12,12 21,13 17,15 7
59	11 2 6 1 3 6 ,0 19,1 15,2 14,5 11,7 19,8 11,9 14,11 17,14 13,15 14
60	2 2 1 4 3 3 ,6 21,7 10,8 19,9 4,10 20,11 19,12 2,14 14,15 12
61	3 2 2 2 1 0 ,1 20,3 15,8 14,10 3,12 7,13 5
62	4 3 2 4 5 6 ,1 21,2 8,4 10,6 21,8 12,10 6,11 5,12 6,13 13,14 13,15 4
63	3 2 3 5 5 5 ,0 12,1 5,3 9,4 16,5 5,7 11,8 15,9 19,10 3,11 16,12 9,14 6,15 12
64	6 0 3 2 3 3 ,4 16,5 11,6 8,10 15,11 19,12 11,13 6,15 9
65	2 4 6 4 1 6 ,0 12,2 2,3 6,4 11,6 13,7 18,8 2,9 4,10 19,12 20,14 4,15 11
66	1 3 3 1 3 3 ,1 13,5 15,6 13,7 9,8 7,13 6,15 1
67	2 3 6 2 0 1 ,0 7,2 18,3 13,6 2,7 9,8 11,10 19,12 17,13 13,15 12
68	3 4 5 3 2 5 ,0 10,7 9,8 11,9 7,10 11,11 10,13 3,14 13,15 9
69	10 3 3 2 0 2 ,0 14,6 20,7 12,8 10,10 15,12 11,13 10,15 15
70	9 2 2 2 2 4 ,0 9,2 18,4 16,7 14,8 21,10 12,11 17,12 20,13 15
71	2 4 4 2 5 2 ,1 13,2 2,3 7,5 14,7 17,8 18,9 14,12 10,13 5,14 17,15 9
72	3 7 5 2 3 3 ,0 16,2 3,4 12,6 10,7 7,8 12,9 21,10 12,11 20,12 5,13 13,15 9
73	1 2 3 3 1 4 ,2 14,3 10,4 8,6 12,10 12,12 9,13 13,15 1
74	4 2 3 3 4 3 ,1 14,2 18,3 4,5 10,8 18,10 15,12 16,13 12,14 5,15 11
75	2 1 6 4 2 4 ,0 5,1 9,2 17,5 2,6 15,10 13,11 6,12 13,14 11
76	7 1 3 3 2 4 ,3 9,4 7,5 7,7 9,9 15,10 16,13 18,14 12,15 15
77	4 1 2 3 1 3 ,2 18,4 18,5 10,7 18,8 18,10 6,13 14,14 14,15 4
78	9 2 2 4 2 3 ,0 16,1 13,3 11,4 16,8 12,10 13,12 16,13 18,15 9
79	2 3 4 5 0 4 ,0 12,1 18,3 6,4 10,5 10,6 13,7 2,8 11,9 19,10 12,12 7,15 9
80	2 6 5 2 4 4 ,1 16,2 16,3 10,4 16,5 2,6 22,8 5,10 19,11 19,12 10,13 15,14 13,15 18
81	4 4 1 3 3 4 ,4 11,5 10,6 8,7 15,9 4,10 11,11 15,12 20,13 13,14 6,15 14
82	5 2 4 3 2 3 ,2 12,4 8,7 17,8 15,10 9,12 7,14 11,15 5
83	4 2 6 3 3 5 ,0 7,2 17,3 4,4 17,6 13,8 16,9 15,10 9,11 19,12 10,14 13,15 16
84	2 3 1 3 5 4 ,2 12,4 8,5 8,6 5,8 9,9 17,10 20,12 2,13 10,15 9
85	4 2 3 2 2 2 ,0 13,1 18,4 11,7 4,8 18,10 6,11 15,13 15,15 16
86	10 1 1 2 2 5 ,1 21,3 13,7 17,12 20,13 10,14 10,15 11
87	6 6 3 3 6 3 ,0 9,1 6,3 7,5 10,6 7,7 11,8 14,10 11,11 12,12 9,14 9,15 7
88	6 3 2 7 3 2 ,2 21,5 7,8 9,9 19,10 9,11 18,12 10,13 18,14 6
89	1 2 5 1 3 4 ,2 15,8 5,11 1,12 13,13 10,14 5,15 11
90	3 2 4 6 4 3 ,0 7,1 14,2 17,3 13,4 17,5 14,7 4,8 14,10 19,12 5,13 5,14 15,15 3
91	8 2 3 2 3 5 ,1 8,2 21,3 11,4 18,5 14,6 10,7 19,8 16,10 11,11 19,12 21,15 15
92	6 3 5 1 2 4 ,0 14,1 6,5 11,6 7,8 14,9 19,10 12,11 6,12 17,14 11
93	6 2 4 2 2 4 ,0 7,1 13,3 6,5 16,7 19,8 14,9 21,12 10,14 14,15 6
94	2 4 6 3 5 4 ,0 2,4 10,6 4,7 12,8 14,9 17,11 5,12 5,14 5,15 4
95	2 1 2 3 2 4 ,1 14,3 2,4 18,5 9,8 18,9 15,10 16,11 6,15 12
96	6 3 2 2 4 3 ,2 17,3 6,4 9,5 10,6 22,9 7,11 19,12 12,13 18,14 8,15 11
97	4 1 0 3 2 2 ,5 10,6 13,7 22,9 4,10 15,13 14,15 12
98	5 4 1 5 3 2 ,2 5,3 8,4 13,5 7,7 18,8 18,11 16,12 7
99	8 3 3 3 2 2 ,1 8,4 10,7 22,8 14,11 16,12 8,13 15,15 12
