0	13 0 1 0 0 0 ,15 2
1	2 0 1 0 0 0 ,7 2
3	13 0 0 1 0 0 ,6 3
5	13 1 0 0 0 0 ,15 1
7	16 1 0 0 0 0 ,5 1
8	1 1 0 0 0 1 ,12 1,17 5
13	15 0 0 0 1 1 ,8 5,26 4
15	15 1 0 0 0 0 ,26 1
16	15 0 0 1 0 0 ,3 3
17	20 0 0 0 0 1 ,19 5
18	4 0 0 0 1 0 ,30 4
19	12 0 0 0 1 1 ,8 4,16 5
22	6 0 0 2 0 0 ,10 3,25 3
23	9 0 0 0 1 0 ,10 4
24	8 1 0 1 0 0 ,11 3,17 1
26	8 1 0 0 1 0 ,6 1,20 4
27	1 1 0 1 0 1 ,6 3,16 5,27 1
28	8 0 0 0 1 1 ,4 5,11 4
29	12 0 0 0 1 0 ,0 4
30	20 0 0 1 0 0 ,28 3
31	9 0 0 0 0 1 ,21 5
33	6 1 0 0 0 0 ,25 1
34	8 1 0 0 0 1 ,17 1,22 5
35	13 0 0 0 0 1 ,15 5
36	12 1 0 0 0 1 ,3 5,16 1
37	8 0 0 0 1 0 ,20 4
38	8 0 0 1 0 0 ,24 3
39	12 0 0 0 1 0 ,0 4
41	16 0 0 0 0 1 ,31 5
42	15 1 0 0 0 0 ,3 1
43	16 0 1 0 0 0 ,31 2
44	15 0 0 0 0 1 ,26 5
45	9 1 0 0 0 0 ,13 1
47	8 1 1 0 0 0 ,11 1,22 2
48	13 0 1 0 0 0 ,6 2
49	2 0 1 1 0 0 ,9 2,19 3
50	16 0 0 1 0 0 ,5 3
53	9 0 1 1 0 0 ,2 3,10 2
54	17 0 0 0 1 0 ,8 4
55	4 1 0 1 1 0 ,1 1,5 3,29 4
56	9 0 0 1 3 0 ,4 4,13 3,21 4,28 4
58	13 1 0 0 0 0 ,17 1
60	4 0 1 0 0 0 ,1 2
63	9 1 1 0 0 1 ,2 5,28 1,31 2
64	17 0 0 0 1 0 ,8 4
67	13 0 0 0 0 1 ,15 5
68	20 0 0 0 1 0 ,19 4
70	12 0 0 1 0 0 ,0 3
72	13 1 0 0 0 1 ,3 5,17 1
74	13 0 0 1 0 0 ,6 3
75	16 0 0 0 1 0 ,31 4
76	15 0 0 0 0 1 ,26 5
78	13 1 0 0 0 0 ,6 1
79	16 1 0 1 0 0 ,19 3,31 1
81	6 0 1 0 0 0 ,25 2
82	1 2 0 0 0 1 ,1 1,14 1,24 5
84	16 0 1 0 0 1 ,19 5,31 2
85	9 0 0 0 0 1 ,13 5
87	9 1 0 0 0 0 ,2 1
88	12 2 0 0 0 0 ,3 1,16 1
90	12 1 0 1 0 0 ,0 1,28 3
91	20 0 0 0 0 1 ,28 5
92	16 0 0 0 1 0 ,5 4
95	16 0 0 0 0 1 ,5 5
96	4 0 0 0 1 0 ,18 4
98	1 1 0 0 2 0 ,17 4,23 1,28 4
99	8 1 0 0 0 0 ,22 1
