1	5 2 0 0 0 1 ,1 1,6 5,10 1
2	14 0 1 0 0 0 ,4 2
4	5 0 0 0 1 1 ,1 4,6 5
6	14 0 1 0 1 0 ,4 4,13 2
8	6 0 0 0 1 1 ,2 4,25 5
10	7 0 0 1 1 0 ,9 4,22 3
11	9 0 0 1 1 1 ,0 4,9 3,11 5
12	3 0 0 1 0 0 ,7 3
15	16 0 0 1 0 0 ,11 3
16	3 0 0 1 0 0 ,16 3
18	9 1 0 0 2 0 ,20 4,23 4,24 1
20	16 0 0 0 0 1 ,21 5
21	2 0 1 0 0 0 ,26 2
22	20 0 1 0 0 0 ,5 2
23	18 0 0 0 0 1 ,24 5
24	3 1 0 0 0 0 ,12 1
26	20 0 0 0 0 2 ,5 5,6 5
27	10 0 0 1 0 0 ,14 3
28	6 0 1 0 0 1 ,3 2,10 5
30	7 1 1 0 0 0 ,21 2,22 1
33	6 1 0 0 0 0 ,2 1
36	1 2 0 0 0 0 ,0 1,17 1
38	14 0 0 0 1 0 ,4 4
41	11 0 0 2 0 0 ,9 3,19 3
42	11 1 0 1 0 0 ,9 1,19 3
43	20 0 0 0 1 0 ,5 4
48	9 0 1 0 1 0 ,3 2,24 4
52	22 0 1 0 0 0 ,6 2
54	10 0 0 0 0 1 ,14 5
55	22 0 0 0 1 0 ,6 4
56	13 0 2 0 0 0 ,13 2,23 2
57	7 0 0 1 0 1 ,21 5,22 3
58	16 0 0 1 0 0 ,11 3
59	9 1 0 0 0 0 ,3 1
60	13 0 1 1 0 0 ,13 3,23 2
61	15 2 0 0 0 0 ,13 1,24 1
63	9 1 1 1 0 0 ,5 2,19 3,20 1
64	13 0 1 0 0 0 ,23 2
66	9 1 0 1 2 0 ,0 4,5 3,19 4,25 1
67	4 0 0 0 1 1 ,15 4,24 5
68	14 0 1 0 0 0 ,4 2
69	3 1 0 0 0 0 ,8 1
71	2 1 0 0 0 0 ,18 1
73	6 1 0 0 0 0 ,2 1
74	15 0 0 1 1 0 ,5 4,13 3
77	14 1 0 0 0 0 ,19 1
78	15 0 0 0 1 0 ,13 4
79	18 0 1 0 0 0 ,24 2
83	3 0 2 0 0 0 ,8 2,14 2
84	13 0 0 1 0 0 ,23 3
87	9 0 0 0 1 0 ,3 4
89	9 0 0 1 1 0 ,20 4,21 3
90	16 0 0 0 0 1 ,11 5
92	3 1 2 0 0 0 ,4 2,12 2,25 1
93	16 1 0 0 0 0 ,21 1
96	13 0 0 1 0 0 ,25 3
97	22 1 0 0 0 0 ,6 1
98	2 1 0 1 0 0 ,18 1,25 3
