0	10 0 1 0 0 0 ,0 2
1	10 0 0 1 0 0 ,3 3
3	10 0 0 0 0 1 ,9 5
8	22 0 0 1 0 0 ,14 3
9	6 0 1 0 0 0 ,15 2
10	10 1 0 0 0 0 ,3 1
12	12 0 0 0 1 0 ,7 4
13	3 0 0 1 0 0 ,11 3
14	14 0 0 1 0 0 ,4 3
16	13 1 0 1 0 0 ,5 3,17 1
18	17 0 0 0 0 1 ,1 5
20	4 0 0 0 1 0 ,19 4
22	4 0 2 0 1 0 ,9 2,17 2,21 4
24	14 0 0 1 0 0 ,4 3
25	18 0 0 0 1 0 ,6 4
26	12 0 0 1 0 0 ,8 3
27	4 0 2 0 0 0 ,2 2,22 2
29	18 1 0 0 0 0 ,6 1
31	9 0 0 0 1 0 ,20 4
32	5 0 0 0 0 2 ,2 5,16 5
33	19 1 0 0 0 0 ,5 1
35	7 0 0 1 1 0 ,2 4,12 3
36	10 1 0 0 0 0 ,9 1
38	19 0 0 1 1 0 ,5 4,14 3
39	14 0 1 0 0 0 ,4 2
40	12 0 1 0 0 1 ,7 2,13 5
41	10 1 1 0 0 0 ,0 1,10 2
42	9 0 2 0 0 0 ,10 2,20 2
43	22 0 0 0 0 1 ,14 5
45	12 0 1 1 0 0 ,8 3,17 2
51	19 0 0 0 0 1 ,5 5
52	17 0 0 0 0 1 ,1 5
53	7 1 0 1 1 1 ,6 5,12 1,13 4,20 3
54	18 1 0 0 0 0 ,6 1
57	14 0 0 0 2 0 ,4 4,10 4
61	10 0 1 1 0 0 ,1 3,3 2
63	4 0 1 0 0 0 ,22 2
65	10 0 2 0 0 0 ,0 2,6 2
66	2 0 1 0 1 0 ,2 4,18 2
67	14 1 0 0 0 0 ,10 1
70	12 2 1 0 0 0 ,2 1,5 2,13 1
71	14 0 1 0 0 0 ,10 2
72	22 0 1 0 0 0 ,14 2
73	12 0 0 0 1 0 ,8 4
74	10 0 0 1 0 0 ,0 3
75	6 1 0 1 0 0 ,10 3,24 1
76	12 0 0 1 0 0 ,7 3
78	6 0 0 0 2 0 ,1 4,15 4
79	22 0 0 0 0 1 ,14 5
81	6 0 0 0 0 1 ,24 5
82	5 0 1 0 0 1 ,12 2,23 5
83	12 0 0 1 0 0 ,7 3
84	13 1 0 0 0 0 ,17 1
85	14 0 1 0 0 0 ,4 2
86	13 0 0 1 0 0 ,17 3
87	7 1 0 0 1 0 ,12 1,14 4
89	13 0 0 0 1 0 ,17 4
90	10 0 2 0 0 0 ,0 2,9 2
92	18 0 0 0 0 1 ,6 5
95	10 0 0 0 1 0 ,3 4
98	19 0 0 0 1 0 ,5 4
99	12 0 2 0 0 0 ,8 2,13 2
