0	7 0 1 0 0 0 ,18 2
3	5 1 1 0 0 0 ,4 1,7 2
4	3 1 0 0 0 1 ,5 1,11 5
6	13 1 0 1 0 0 ,0 3,10 1
7	22 0 0 0 1 0 ,0 4
10	5 1 1 0 0 0 ,3 2,4 1
11	16 0 0 1 0 0 ,21 3
12	14 0 0 1 0 1 ,7 3,17 5
13	17 0 0 1 0 0 ,2 3
16	3 1 0 1 0 0 ,11 1,20 3
18	17 0 0 1 0 0 ,1 3
21	5 0 0 1 0 0 ,4 3
23	11 0 0 0 1 0 ,3 4
25	4 1 0 0 1 0 ,8 4,13 1
28	17 0 0 0 1 1 ,8 5,17 4
29	1 1 0 0 0 0 ,12 1
30	13 0 1 0 0 0 ,11 2
32	4 0 0 1 0 0 ,6 3
33	2 0 1 1 1 0 ,1 3,8 4,9 2
38	4 0 0 1 0 0 ,13 3
40	17 0 0 0 1 0 ,17 4
41	13 0 2 0 0 0 ,0 2,10 2
42	17 0 1 0 0 0 ,2 2
44	7 0 0 0 1 1 ,18 5,21 4
48	17 0 0 0 0 1 ,2 5
49	23 0 0 0 0 1 ,8 5
51	13 2 0 0 1 0 ,17 4,21 1,23 1
52	22 0 0 0 1 0 ,0 4
54	13 0 1 0 1 0 ,2 4,23 2
55	4 1 1 0 0 0 ,1 2,6 1
57	13 0 0 1 0 0 ,23 3
60	14 1 0 0 0 0 ,7 1
64	17 0 0 0 0 1 ,1 5
65	7 0 0 0 1 0 ,14 4
69	14 0 0 1 0 0 ,7 3
71	13 1 1 0 0 1 ,10 2,21 5,23 1
72	2 0 1 0 0 0 ,16 2
73	17 0 0 0 1 0 ,1 4
77	5 0 1 0 1 0 ,0 4,15 2
78	5 0 1 1 0 1 ,8 3,11 5,22 2
81	5 0 0 1 0 0 ,22 3
85	11 1 1 1 0 1 ,2 3,3 5,8 2,21 1
88	3 0 1 0 0 0 ,5 2
90	13 0 0 1 0 1 ,0 5,10 3
91	5 1 0 1 0 0 ,10 1,15 3
92	13 0 0 0 1 0 ,10 4
93	7 0 0 1 0 0 ,14 3
94	3 0 1 1 0 0 ,7 2,19 3
95	13 0 0 1 1 0 ,7 3,23 4
96	16 0 1 0 0 0 ,21 2
98	13 0 1 0 0 0 ,23 2
