4	4 0 0 0 1 0 ,11 4
5	12 1 0 0 0 0 ,7 1
6	12 0 0 0 1 0 ,7 4
7	6 0 0 0 1 0 ,18 4
8	9 0 0 1 0 0 ,0 3
9	12 1 0 0 0 0 ,7 1
10	3 0 1 1 0 0 ,14 3,17 2
16	8 0 0 0 2 0 ,5 4,17 4
19	14 0 0 0 1 0 ,9 4
20	13 1 0 0 0 0 ,13 1
22	6 0 1 0 0 0 ,18 2
27	6 1 1 1 1 0 ,5 4,9 2,10 1,12 3
28	17 0 0 1 0 0 ,6 3
30	5 1 1 0 0 1 ,1 5,4 2,20 1
33	14 0 1 1 0 0 ,6 3,9 2
36	12 1 1 1 0 0 ,6 3,7 1,10 2
39	6 0 0 2 0 0 ,6 3,12 3
40	4 1 0 1 0 0 ,13 3,16 1
42	11 0 0 0 1 0 ,15 4
46	9 1 0 0 0 0 ,0 1
47	8 2 0 0 0 0 ,8 1,9 1
49	19 0 0 0 1 0 ,20 4
50	8 0 0 1 1 1 ,8 4,10 5,13 3
51	6 1 0 0 0 0 ,3 1
52	4 0 0 1 0 0 ,16 3
53	13 0 0 1 1 1 ,9 5,13 4,20 3
54	5 0 0 1 0 1 ,4 3,15 5
61	12 0 0 2 1 0 ,6 3,10 4,17 3
62	11 0 1 1 0 0 ,1 3,20 2
63	11 0 1 1 0 0 ,7 3,15 2
68	19 0 0 0 0 1 ,20 5
74	8 1 0 0 0 0 ,8 1
76	13 0 1 0 0 0 ,13 2
77	12 0 1 0 0 0 ,7 2
81	9 0 0 0 0 1 ,0 5
83	1 1 1 0 0 0 ,6 2,19 1
85	11 0 0 1 0 0 ,1 3
86	12 0 0 1 0 0 ,17 3
88	6 0 0 0 0 1 ,3 5
90	8 0 1 0 0 0 ,8 2
92	19 0 0 0 1 0 ,20 4
93	3 0 0 1 0 0 ,2 3
