0	11 0 0 1 0 0 ,7 3
1	11 1 1 0 0 1 ,14 1,15 5,26 2
2	6 1 0 1 0 0 ,4 1,13 3
6	6 0 0 1 0 0 ,21 3
7	12 1 0 0 0 0 ,22 1
8	8 0 0 0 0 1 ,2 5
9	14 0 0 1 0 0 ,24 3
11	6 0 0 0 1 0 ,20 4
12	6 1 0 1 0 0 ,8 1,21 3
14	16 1 0 0 0 0 ,26 1
15	6 0 1 0 0 0 ,13 2
16	4 0 1 2 0 0 ,9 3,11 3,25 2
17	11 0 1 0 1 0 ,4 4,7 2
18	12 1 0 0 0 0 ,22 1
21	14 0 0 0 0 1 ,9 5
22	16 0 0 0 1 0 ,3 4
23	1 1 0 0 0 0 ,28 1
25	12 0 1 0 0 1 ,10 2,22 5
26	7 1 0 0 0 0 ,29 1
27	12 1 0 0 0 0 ,10 1
29	9 0 0 1 1 0 ,14 3,23 4
30	16 0 0 1 0 0 ,26 3
32	17 0 0 0 0 1 ,4 5
34	6 1 0 1 0 0 ,5 3,13 1
35	7 0 0 1 0 0 ,29 3
36	16 0 2 0 0 0 ,3 2,15 2
37	16 0 0 0 0 1 ,3 5
38	11 0 2 0 0 0 ,4 2,14 2
40	17 0 0 0 0 1 ,15 5
41	14 1 0 0 0 0 ,9 1
42	7 0 1 0 1 0 ,18 2,19 4
44	8 0 0 1 1 0 ,8 3,16 4
45	16 0 0 0 0 1 ,26 5
48	16 0 0 0 1 0 ,3 4
49	5 1 0 1 0 1 ,0 3,1 5,5 1
50	3 0 1 1 0 1 ,6 3,10 2,27 5
55	12 0 1 0 0 1 ,4 5,10 2
56	11 0 1 0 0 0 ,7 2
57	14 0 0 0 1 0 ,24 4
58	14 0 1 0 1 0 ,25 2,27 4
59	19 0 0 0 1 0 ,27 4
60	14 0 0 1 0 0 ,24 3
61	19 0 0 0 1 0 ,27 4
62	7 0 0 2 0 0 ,0 3,29 3
63	1 2 2 0 0 0 ,11 1,17 1,23 2,25 2
64	6 0 1 1 0 0 ,12 2,19 3
65	19 1 0 0 0 0 ,27 1
66	11 1 0 0 0 0 ,5 1
67	12 1 0 0 0 1 ,15 1,22 5
68	11 0 0 1 1 0 ,7 3,25 4
71	14 1 1 0 0 0 ,3 1,24 2
73	14 1 0 0 1 0 ,9 4,26 1
74	7 1 0 0 1 0 ,18 4,27 1
75	6 1 1 0 2 0 ,12 4,18 1,19 4,24 2
76	8 0 0 0 1 0 ,16 4
77	12 0 0 0 0 1 ,10 5
78	15 0 0 1 0 0 ,0 3
79	16 0 0 0 1 0 ,26 4
81	8 0 0 1 1 0 ,2 3,5 4
82	14 1 0 0 0 0 ,25 1
84	9 0 0 1 0 0 ,23 3
89	17 0 0 0 1 0 ,15 4
90	14 2 0 0 0 0 ,0 1,9 1
93	11 0 0 1 0 1 ,14 5,25 3
94	6 0 1 0 0 1 ,0 5,20 2
95	8 0 1 0 1 0 ,5 2,8 4
98	11 1 0 0 0 0 ,7 1
