1	10 0 0 1 0 0 ,3 3
2	7 1 0 0 0 1 ,0 5,12 1
3	17 1 0 0 0 0 ,20 1
4	18 0 1 0 0 0 ,0 2
5	10 1 1 0 0 0 ,6 1,13 2
6	12 0 0 1 1 0 ,0 4,7 3
7	14 0 0 0 0 1 ,11 5
8	13 1 0 0 0 0 ,14 1
9	14 0 1 0 0 0 ,13 2
11	14 1 0 0 0 0 ,11 1
14	7 2 0 0 2 0 ,5 1,11 1,18 4,23 4
15	7 0 0 0 1 0 ,12 4
16	12 0 1 0 0 0 ,7 2
20	13 0 1 0 0 0 ,14 2
21	18 1 0 0 0 0 ,0 1
22	7 0 1 0 1 0 ,4 4,6 2
23	2 0 2 0 0 0 ,2 2,23 2
24	17 0 0 0 1 0 ,20 4
25	7 0 1 0 0 1 ,4 2,13 5
26	3 0 0 1 0 0 ,1 3
27	11 0 0 1 2 0 ,7 3,16 4,18 4
30	12 0 0 1 0 0 ,7 3
36	20 0 0 0 1 0 ,22 4
38	14 0 0 1 0 0 ,18 3
40	10 0 1 0 0 0 ,3 2
42	17 0 1 0 0 1 ,19 5,22 2
44	11 1 0 0 0 0 ,8 1
46	13 0 0 1 2 0 ,11 3,14 4,22 4
47	13 2 0 0 1 0 ,13 1,14 1,23 4
48	17 0 0 0 0 1 ,19 5
52	7 1 1 0 0 0 ,3 2,4 1
53	6 0 0 0 1 0 ,9 4
55	12 1 0 0 0 0 ,7 1
56	17 0 0 0 1 0 ,20 4
58	16 0 0 0 1 0 ,23 4
60	17 0 1 0 0 0 ,19 2
61	14 0 0 0 2 0 ,11 4,20 4
62	7 0 1 1 0 1 ,5 3,12 2,16 5
67	2 0 1 0 1 0 ,10 2,22 4
68	10 0 1 0 0 1 ,6 2,19 5
70	14 1 0 0 0 0 ,18 1
71	20 0 0 1 0 0 ,22 3
72	18 0 1 0 0 0 ,0 2
76	13 0 0 0 0 1 ,14 5
78	11 0 1 0 1 0 ,8 4,18 2
80	14 0 0 0 1 0 ,13 4
81	6 1 0 0 0 0 ,15 1
82	7 0 0 1 0 0 ,5 3
85	6 0 1 0 0 0 ,9 2
88	10 0 0 1 1 0 ,0 4,3 3
90	3 0 0 1 0 0 ,17 3
91	10 0 0 1 0 1 ,6 5,22 3
92	2 0 1 0 0 0 ,21 2
94	11 1 1 0 1 0 ,8 1,16 2,20 4
95	6 0 1 0 0 2 ,8 5,15 5,23 2
