0	19 0 0 0 0 1 ,16 5
1	4 0 1 0 0 0 ,15 2
2	10 0 1 0 0 2 ,0 2,3 5,17 5
3	5 0 0 1 0 2 ,7 5,13 5,24 3
4	24 0 0 0 1 0 ,14 4
5	24 0 1 0 0 0 ,14 2
8	19 0 0 0 1 0 ,16 4
9	18 0 0 0 0 1 ,0 5
11	19 0 0 0 1 1 ,4 4,16 5
12	8 0 0 0 2 0 ,0 4,1 4
17	8 0 0 0 1 0 ,1 4
19	12 0 0 0 1 0 ,13 4
22	5 0 1 0 0 0 ,19 2
23	24 0 0 1 0 0 ,14 3
24	3 0 1 0 0 1 ,3 5,11 2
25	7 0 0 0 0 1 ,22 5
26	19 0 0 0 0 1 ,4 5
30	24 0 0 0 0 1 ,14 5
32	18 0 1 0 0 0 ,7 2
35	1 2 0 0 0 0 ,10 1,23 1
36	8 0 0 1 0 0 ,12 3
38	5 0 0 1 0 1 ,6 5,19 3
40	10 0 0 1 0 0 ,10 3
42	7 0 0 1 0 1 ,5 3,18 5
43	18 0 0 0 1 0 ,7 4
44	19 0 0 1 0 0 ,4 3
45	18 0 1 0 0 0 ,0 2
46	7 0 1 0 1 0 ,0 4,18 2
47	3 1 0 0 0 0 ,11 1
48	19 0 1 0 0 2 ,3 5,4 2,14 5
51	10 0 0 0 0 1 ,10 5
52	9 0 0 0 0 1 ,9 5
53	10 1 0 0 0 0 ,5 1
54	8 0 0 0 0 1 ,12 5
60	10 1 0 0 0 0 ,5 1
62	19 0 0 1 0 0 ,4 3
63	16 0 0 0 1 0 ,20 4
66	4 0 1 0 0 0 ,15 2
69	16 0 0 0 1 0 ,20 4
71	9 1 0 0 1 0 ,3 1,9 4
72	5 0 2 0 0 1 ,5 2,7 5,21 2
76	9 0 0 1 1 0 ,2 4,20 3
77	16 0 0 0 0 1 ,20 5
78	18 1 0 0 0 0 ,0 1
82	12 0 0 1 0 0 ,13 3
83	5 0 1 0 0 0 ,24 2
84	19 0 0 0 0 1 ,16 5
86	19 0 1 1 0 0 ,3 3,4 2
87	5 0 2 0 0 1 ,5 2,7 2,8 5
89	7 0 1 0 0 0 ,22 2
90	9 0 1 0 0 0 ,2 2
92	24 0 0 0 0 1 ,14 5
93	10 1 0 0 0 1 ,10 1,17 5
94	5 0 0 1 0 0 ,21 3
98	9 1 0 1 0 0 ,2 3,5 1
