1	10 0 0 0 0 1 ,16 5
2	2 0 1 0 0 0 ,13 2
3	3 0 1 1 0 0 ,0 3,6 2
4	5 0 0 1 0 0 ,26 3
6	3 1 0 0 0 0 ,2 1
8	12 0 0 1 0 0 ,31 3
9	13 0 0 1 0 0 ,20 3
10	9 0 0 0 2 0 ,22 4,30 4
12	19 0 0 1 0 0 ,17 3
13	11 0 0 0 1 0 ,10 4
15	10 0 1 0 2 0 ,15 4,16 4,24 2
16	14 0 0 0 1 0 ,1 4
18	3 1 1 0 0 0 ,2 2,6 1
19	6 1 0 0 1 0 ,5 4,7 1
20	10 0 0 0 0 1 ,8 5
21	7 0 0 2 0 1 ,6 3,10 5,29 3
22	15 1 0 0 0 0 ,30 1
25	6 0 1 0 0 1 ,7 2,17 5
26	9 0 1 1 1 0 ,3 3,12 2,22 4
27	3 1 0 0 0 1 ,20 5,25 1
29	4 1 1 1 0 0 ,19 1,28 2,30 3
30	5 0 1 0 0 0 ,26 2
32	17 0 0 0 0 1 ,24 5
33	13 1 0 0 0 0 ,3 1
36	17 0 1 0 0 1 ,17 5,24 2
38	19 0 0 0 1 0 ,15 4
39	12 0 0 1 0 0 ,23 3
40	3 0 1 0 1 0 ,23 4,25 2
42	13 0 0 0 1 0 ,3 4
43	8 0 1 0 0 1 ,11 2,29 5
44	4 0 0 1 1 1 ,3 4,12 5,19 3
45	18 0 0 1 0 0 ,5 3
47	9 1 0 0 0 0 ,22 1
49	6 1 0 0 0 1 ,4 5,16 1
50	16 1 0 0 0 0 ,29 1
52	8 0 2 1 1 0 ,1 4,9 3,11 2,29 2
53	5 1 1 0 0 1 ,9 1,21 5,27 2
56	13 1 1 0 0 0 ,3 1,5 2
58	5 1 1 0 1 0 ,5 4,9 2,14 1
59	12 3 0 0 0 0 ,1 1,23 1,24 1
60	19 0 1 0 0 0 ,17 2
64	8 0 0 0 1 0 ,11 4
65	4 0 0 0 1 0 ,18 4
66	12 0 0 0 1 1 ,23 4,29 5
67	6 1 0 0 0 1 ,4 1,5 5
69	5 0 0 1 0 0 ,14 3
71	21 0 0 0 0 1 ,12 5
72	5 0 0 1 0 0 ,28 3
73	17 0 0 1 0 0 ,24 3
74	17 0 0 0 1 0 ,24 4
75	14 0 0 0 0 1 ,1 5
76	12 0 0 0 1 0 ,31 4
79	15 0 0 0 1 0 ,9 4
80	21 0 0 0 0 1 ,12 5
82	10 0 0 0 0 1 ,21 5
83	15 0 1 0 0 0 ,30 2
84	10 0 0 0 0 2 ,8 5,30 5
85	5 0 0 1 0 0 ,27 3
87	15 0 0 0 1 0 ,9 4
88	6 0 0 1 0 0 ,7 3
89	15 1 0 0 0 0 ,9 1
90	19 0 0 0 0 1 ,15 5
91	19 0 0 0 1 0 ,17 4
93	19 0 0 1 0 0 ,15 3
94	12 0 0 0 0 1 ,31 5
95	19 0 0 1 1 0 ,12 4,15 3
96	7 1 0 0 0 1 ,6 1,20 5
97	5 1 1 0 0 0 ,10 2,14 1
