0	13 0 0 2 0 0 ,7 3,24 3
1	11 0 0 0 1 0 ,16 4
2	13 0 1 0 1 0 ,7 2,22 4
3	10 0 0 0 1 0 ,14 4
4	10 0 0 0 1 0 ,37 4
5	16 0 1 0 0 0 ,28 2
7	3 0 0 1 0 0 ,9 3
8	3 1 1 1 0 0 ,13 1,19 2,37 3
10	6 0 1 0 0 0 ,35 2
11	10 1 0 0 0 0 ,0 1
14	16 0 0 0 1 0 ,36 4
15	12 0 1 1 0 0 ,1 2,5 3
16	14 0 0 0 1 0 ,6 4
17	16 0 0 1 0 0 ,36 3
20	10 0 1 0 0 0 ,8 2
24	14 0 2 0 0 0 ,6 2,28 2
25	10 0 1 1 0 1 ,1 5,7 2,10 3
26	8 0 0 1 0 1 ,20 3,34 5
27	10 0 0 1 0 1 ,5 5,14 3
28	21 1 0 0 0 0 ,2 1
29	10 1 0 1 0 0 ,0 1,17 3
30	21 0 0 0 1 1 ,2 4,29 5
31	8 0 1 0 0 1 ,20 2,28 5
32	7 0 2 0 0 0 ,22 2,31 2
33	10 0 0 0 1 0 ,8 4
34	4 0 0 1 3 0 ,12 4,17 4,29 4,36 3
36	3 0 0 1 1 0 ,33 3,36 4
37	19 0 0 1 0 0 ,17 3
38	7 0 1 0 0 1 ,22 2,30 5
39	6 1 1 0 0 1 ,5 1,26 2,28 5
40	6 0 1 0 0 2 ,23 5,32 5,36 2
44	24 0 0 0 0 1 ,29 5
45	7 0 0 1 1 0 ,21 4,31 3
47	11 1 0 0 1 0 ,16 4,17 1
50	10 0 0 0 0 2 ,0 5,2 5
51	10 0 0 0 0 1 ,18 5
52	10 0 0 1 0 0 ,14 3
54	16 0 1 0 0 1 ,2 5,28 2
56	10 1 0 1 0 1 ,4 3,10 5,24 1
57	10 1 0 0 0 0 ,23 1
58	8 1 0 1 0 1 ,20 1,24 3,27 5
61	11 0 1 0 0 0 ,4 2
62	11 0 0 1 0 1 ,17 3,21 5
66	11 1 0 0 1 0 ,1 4,4 1
67	14 1 0 0 0 0 ,6 1
68	13 0 0 0 0 1 ,22 5
70	12 0 0 0 0 1 ,25 5
71	10 0 0 1 1 2 ,1 3,2 5,8 4,29 5
72	10 0 1 1 1 0 ,0 2,5 3,29 4
73	10 0 1 1 0 0 ,10 2,23 3
74	19 0 0 0 0 1 ,17 5
75	17 0 0 0 0 1 ,24 5
76	10 0 0 0 0 1 ,18 5
77	6 2 0 0 0 0 ,26 1,34 1
78	10 2 1 0 0 0 ,0 1,21 2,23 1
80	12 0 1 0 0 0 ,25 2
82	17 0 1 0 0 1 ,24 5,27 2
83	17 0 0 1 0 0 ,27 3
84	11 1 1 1 0 0 ,2 1,16 3,25 2
85	24 1 0 0 0 0 ,29 1
86	8 1 0 0 0 0 ,20 1
87	11 0 0 0 0 1 ,34 5
88	1 1 0 1 0 0 ,11 1,26 3
90	4 0 2 1 1 0 ,1 4,7 3,19 2,30 2
91	3 1 0 1 0 1 ,13 1,25 3,27 5
93	6 0 0 0 1 0 ,35 4
94	3 0 0 1 0 1 ,3 3,4 5
95	7 0 1 0 0 0 ,31 2
96	1 2 0 0 0 0 ,15 1,20 1
97	14 0 1 1 0 0 ,6 3,27 2
98	3 1 0 0 1 0 ,6 4,13 1
99	6 1 0 2 0 0 ,7 3,32 1,37 3
