0	22 0 1 0 0 0 ,1 2
1	9 0 1 0 1 0 ,18 2,23 4
2	2 1 0 0 0 0 ,22 1
4	22 0 0 1 0 0 ,1 3
5	19 0 0 0 0 1 ,13 5
6	9 1 0 0 0 1 ,1 5,19 1
8	4 0 0 1 1 1 ,3 4,4 3,6 5
9	14 0 0 0 1 0 ,15 4
10	19 1 0 0 0 0 ,13 1
11	11 1 1 0 0 0 ,15 1,25 2
12	9 0 1 0 0 0 ,19 2
13	3 0 0 1 1 1 ,2 5,10 4,14 3
15	16 0 0 1 0 0 ,24 3
17	2 1 1 0 0 0 ,20 1,26 2
18	4 0 0 0 1 0 ,7 4
20	11 1 1 0 0 0 ,9 2,25 1
22	14 0 1 0 0 1 ,6 2,15 5
24	2 1 0 0 0 0 ,20 1
25	9 0 0 1 1 0 ,0 3,18 4
26	10 0 0 1 1 0 ,11 4,25 3
29	7 0 1 1 0 0 ,12 2,23 3
31	15 0 0 0 1 0 ,26 4
34	9 0 0 0 1 0 ,19 4
36	7 0 1 2 0 0 ,1 3,12 2,27 3
38	13 1 0 1 0 0 ,6 3,9 1
39	9 0 1 1 0 1 ,5 5,9 2,18 3
41	22 0 0 1 0 0 ,27 3
43	14 0 1 0 0 1 ,5 2,23 5
45	24 0 0 0 0 1 ,6 5
46	10 1 0 1 0 1 ,2 1,11 3,13 5
47	17 0 1 0 0 0 ,2 2
49	6 0 0 0 1 1 ,13 5,21 4
50	5 1 0 0 0 0 ,4 1
52	6 0 1 0 0 0 ,16 2
54	5 1 0 0 0 0 ,4 1
55	2 1 1 0 0 0 ,22 1,26 2
57	6 1 0 0 2 0 ,1 4,10 1,16 4
59	1 2 0 0 0 0 ,2 1,17 1
61	13 0 1 0 0 0 ,9 2
62	10 0 0 1 0 1 ,6 5,11 3
63	16 0 0 0 0 2 ,5 5,27 5
64	14 0 0 0 0 1 ,0 5
65	11 0 0 0 0 1 ,25 5
66	22 0 0 0 0 1 ,1 5
67	17 0 0 0 0 1 ,2 5
70	22 0 0 1 0 0 ,27 3
71	19 0 1 0 0 0 ,13 2
72	15 0 0 0 0 1 ,10 5
73	13 0 1 1 1 0 ,0 2,9 3,15 4
74	22 0 0 0 0 1 ,27 5
75	15 0 0 1 0 0 ,26 3
76	6 1 1 0 0 0 ,21 1,28 2
79	15 0 0 0 0 1 ,10 5
80	14 0 1 0 0 0 ,23 2
81	7 0 1 1 0 0 ,5 2,12 3
83	4 0 0 0 1 0 ,8 4
84	16 0 0 0 0 1 ,24 5
89	13 0 0 1 1 0 ,9 3,24 4
90	6 1 1 0 1 0 ,5 2,6 4,21 1
92	6 0 0 1 2 0 ,2 3,24 4,28 4
93	14 0 0 1 0 0 ,0 3
96	9 1 1 0 0 0 ,13 1,19 2
98	15 0 0 1 1 0 ,26 4,27 3
99	14 1 0 0 0 0 ,0 1
