0	15 0 0 1 0 0 ,28 3
1	16 1 0 0 0 0 ,26 1
3	17 1 0 0 0 1 ,9 5,25 1
4	13 0 0 1 0 0 ,2 3
6	19 0 0 1 0 0 ,18 3
7	4 0 1 0 1 0 ,4 4,20 2
9	9 0 0 1 0 0 ,16 3
10	19 0 0 0 1 0 ,6 4
11	20 1 0 0 0 0 ,19 1
12	13 0 0 1 1 1 ,7 5,8 4,25 3
13	20 0 1 0 0 0 ,19 2
15	7 1 0 0 0 0 ,4 1
16	16 1 0 0 0 0 ,26 1
17	13 0 0 1 0 1 ,8 3,18 5
19	13 0 0 1 1 0 ,3 4,13 3
20	13 1 0 0 2 1 ,0 5,13 4,19 4,21 1
24	15 0 0 2 0 1 ,25 5,26 3,28 3
25	2 1 0 0 0 1 ,14 5,17 1
26	13 0 0 0 1 0 ,8 4
28	15 0 0 1 0 0 ,28 3
29	13 0 0 0 1 0 ,13 4
30	2 1 0 1 0 0 ,17 1,26 3
31	4 0 1 0 0 0 ,12 2
32	18 0 0 0 0 1 ,10 5
33	4 2 0 0 0 1 ,20 1,21 1,24 5
34	13 1 0 0 0 0 ,13 1
36	4 1 1 0 0 0 ,11 1,25 2
38	16 0 1 0 0 0 ,15 2
40	15 0 1 0 0 0 ,28 2
41	9 1 1 0 0 0 ,2 2,24 1
43	15 1 0 0 0 0 ,28 1
44	19 0 0 1 0 0 ,7 3
45	9 0 0 1 0 0 ,24 3
46	2 1 0 0 0 0 ,1 1
47	19 0 0 0 1 0 ,6 4
48	13 0 0 0 1 0 ,3 4
49	19 0 0 0 0 1 ,9 5
50	13 1 0 0 0 0 ,2 1
51	13 1 0 0 0 0 ,13 1
52	3 1 0 1 0 0 ,6 1,22 3
54	16 0 0 0 2 0 ,15 4,26 4
56	5 0 1 0 0 0 ,23 2
58	15 0 0 2 0 0 ,14 3,28 3
59	19 1 0 0 0 0 ,7 1
60	7 0 1 0 0 1 ,21 2,29 5
61	9 1 0 0 0 0 ,16 1
62	5 1 0 0 2 0 ,10 4,21 4,23 1
63	18 0 0 0 1 0 ,0 4
64	19 0 0 0 0 1 ,9 5
65	17 0 0 0 1 0 ,25 4
67	9 1 1 0 0 1 ,14 1,16 5,25 2
68	13 0 0 0 0 1 ,3 5
70	17 0 0 0 0 1 ,14 5
72	19 0 0 0 1 0 ,6 4
73	13 0 0 1 0 2 ,2 5,10 3,19 5
74	16 0 0 0 1 0 ,26 4
75	4 0 1 0 0 0 ,12 2
76	4 3 1 0 0 0 ,0 1,7 1,11 2,18 1
77	17 0 0 1 0 0 ,14 3
79	13 1 0 0 1 0 ,0 4,2 1
81	13 0 1 1 0 0 ,9 2,21 3
82	20 0 0 1 0 0 ,19 3
83	19 0 0 0 1 0 ,18 4
84	4 2 1 0 0 0 ,2 1,11 1,21 2
85	2 1 2 0 0 0 ,1 1,10 2,23 2
86	5 0 1 0 0 1 ,5 5,9 2
87	16 0 1 0 1 1 ,6 2,7 4,15 5
89	20 0 0 0 0 1 ,19 5
91	16 0 0 0 1 0 ,15 4
93	5 0 1 0 2 2 ,0 4,7 5,10 4,27 5,29 2
94	7 1 2 0 0 0 ,4 2,15 1,18 2
96	13 0 1 0 0 0 ,8 2
98	4 1 0 0 1 0 ,18 4,20 1
99	19 0 0 0 1 0 ,6 4
