0	3 1 0 1 0 1 ,11 3,13 5,14 1
1	10 0 0 0 0 1 ,0 5
3	6 0 0 0 1 0 ,24 4
5	16 0 0 0 0 1 ,12 5
8	8 0 1 0 0 1 ,15 5,19 2
9	17 0 0 0 1 0 ,5 4
10	3 0 1 0 0 0 ,14 2
11	5 0 0 0 1 1 ,1 4,16 5
13	12 1 0 0 0 0 ,25 1
15	10 0 0 0 1 0 ,4 4
16	19 1 0 0 0 0 ,8 1
19	13 0 0 1 0 0 ,19 3
20	6 0 1 1 0 0 ,18 3,24 2
21	12 1 0 0 1 0 ,19 1,25 4
22	17 0 0 1 0 0 ,5 3
26	14 1 0 0 0 0 ,3 1
28	9 0 0 1 0 1 ,6 3,25 5
29	6 0 0 1 0 0 ,11 3
30	23 0 0 0 1 0 ,22 4
34	23 0 0 0 1 0 ,22 4
36	15 1 1 0 0 0 ,12 2,26 1
37	17 1 0 1 0 0 ,5 1,8 3
38	3 1 0 1 0 0 ,2 3,13 1
39	8 0 1 0 0 0 ,13 2
40	13 1 0 1 1 0 ,3 1,19 3,23 4
41	6 0 0 0 1 0 ,9 4
42	12 0 0 1 0 0 ,10 3
43	10 1 0 0 0 0 ,0 1
47	9 0 0 1 0 3 ,5 5,6 3,8 5,23 5
48	10 1 0 1 0 0 ,1 1,8 3
49	17 0 1 0 1 0 ,5 2,22 4
50	23 0 0 0 1 0 ,22 4
51	12 0 0 0 1 0 ,10 4
53	8 0 1 0 0 0 ,15 2
55	23 0 0 0 1 0 ,22 4
58	15 0 0 0 0 1 ,26 5
59	14 0 0 0 0 1 ,3 5
60	12 0 1 0 0 0 ,10 2
61	13 0 0 0 0 1 ,18 5
62	13 0 1 1 0 0 ,3 2,19 3
63	8 1 0 1 1 0 ,10 1,21 4,23 3
64	10 0 0 0 1 0 ,1 4
66	13 0 0 0 0 1 ,18 5
67	14 0 1 0 1 0 ,3 4,8 2
69	20 0 0 1 1 0 ,22 3,23 4
70	12 0 1 0 0 0 ,10 2
71	15 1 0 0 0 0 ,26 1
74	17 0 1 0 0 0 ,5 2
75	9 0 0 1 0 0 ,6 3
76	16 0 0 0 1 0 ,12 4
77	16 0 0 1 1 0 ,12 3,23 4
79	1 1 1 0 0 0 ,7 1,12 2
80	5 1 0 0 0 1 ,4 1,20 5
83	8 1 0 0 0 0 ,15 1
85	12 1 1 1 0 0 ,3 1,25 2,26 3
86	10 1 1 0 0 0 ,4 2,19 1
87	6 0 1 0 0 0 ,9 2
88	5 0 0 1 0 2 ,4 3,8 5,17 5
90	10 1 0 0 0 0 ,1 1
92	15 0 1 0 0 0 ,26 2
93	8 0 0 0 1 0 ,21 4
96	15 0 0 1 0 0 ,26 3
98	10 0 0 0 1 0 ,0 4
