2	19 0 0 1 0 0 ,17 3
3	13 0 0 0 1 0 ,26 4
4	14 0 0 1 0 0 ,20 3
7	4 1 0 0 0 0 ,8 1
8	7 0 0 0 1 0 ,3 4
9	11 0 0 0 1 0 ,14 4
10	18 0 0 1 0 1 ,16 5,23 3
11	8 1 1 0 1 0 ,4 1,18 2,19 4
13	12 0 0 0 3 1 ,11 5,16 4,17 4,26 4
14	13 0 0 1 0 0 ,5 3
18	22 0 0 0 1 0 ,15 4
20	10 0 0 1 0 0 ,6 3
21	10 1 0 1 0 0 ,1 3,26 1
22	14 0 0 0 1 0 ,27 4
24	8 1 0 0 0 0 ,18 1
27	10 0 0 0 1 1 ,1 5,15 4
28	13 1 0 0 0 0 ,26 1
30	13 1 0 0 1 2 ,5 5,19 5,21 4,23 1
31	6 1 0 1 0 0 ,2 3,4 1
32	21 0 0 1 1 0 ,16 4,21 3
34	14 0 0 0 1 0 ,9 4
35	10 0 1 0 0 0 ,1 2
36	10 0 0 0 0 1 ,6 5
37	12 1 0 0 0 0 ,11 1
38	22 0 1 0 0 0 ,21 2
40	6 0 1 2 0 0 ,2 3,5 2,7 3
43	8 0 0 1 0 0 ,13 3
45	14 1 0 0 0 0 ,20 1
46	13 0 1 0 0 0 ,4 2
47	14 1 0 0 1 0 ,16 4,20 1
48	20 0 0 0 1 0 ,19 4
49	8 0 0 0 0 1 ,18 5
50	13 0 0 0 1 0 ,4 4
51	8 0 0 0 0 1 ,0 5
53	13 0 1 0 0 0 ,5 2
54	18 0 0 0 0 1 ,23 5
55	14 0 0 0 0 2 ,9 5,27 5
56	14 0 0 0 0 1 ,20 5
57	8 0 0 1 0 1 ,10 3,13 5
58	12 0 0 0 1 0 ,11 4
59	2 1 1 1 0 0 ,3 3,12 1,25 2
60	14 0 1 0 0 1 ,23 5,27 2
64	12 0 1 0 0 0 ,11 2
65	13 0 0 1 0 0 ,26 3
66	18 0 1 0 0 1 ,17 5,23 2
69	22 0 0 0 0 1 ,21 5
70	8 1 0 0 0 0 ,7 1
71	19 0 0 0 0 1 ,17 5
72	19 0 1 0 0 0 ,17 2
73	22 0 0 1 0 0 ,21 3
74	3 2 0 1 0 1 ,6 1,14 5,24 3,25 1
75	2 1 0 0 0 0 ,12 1
77	8 0 0 0 1 1 ,10 4,21 5
78	21 0 0 0 1 0 ,16 4
79	3 0 0 1 2 0 ,7 4,22 3,24 4
80	10 1 0 0 0 2 ,4 5,6 1,15 5
82	14 1 0 0 0 0 ,9 1
85	8 0 1 0 0 0 ,0 2
86	11 0 1 0 0 0 ,14 2
87	20 0 1 0 0 0 ,19 2
88	14 0 1 0 1 0 ,9 2,20 4
89	4 0 1 1 0 0 ,8 3,23 2
90	14 0 1 1 0 0 ,9 2,27 3
94	12 1 0 0 0 0 ,24 1
95	22 0 0 0 1 0 ,15 4
96	12 0 0 0 1 1 ,15 5,24 4
97	8 1 0 0 0 0 ,10 1
98	8 2 0 0 0 0 ,0 1,5 1
99	20 0 0 0 0 1 ,19 5
