1	17 1 0 0 0 0 ,0 1
2	16 0 0 1 0 0 ,4 3
3	12 0 0 1 0 0 ,1 3
5	7 1 0 1 1 0 ,8 1,10 4,20 3
7	11 0 1 1 0 0 ,4 2,13 3
9	9 0 1 0 0 0 ,16 2
11	13 0 0 1 0 0 ,21 3
12	11 2 0 0 0 0 ,5 1,13 1
13	6 0 1 0 2 0 ,5 2,7 4,21 4
15	4 0 0 0 1 0 ,18 4
19	13 0 0 0 1 1 ,4 5,21 4
21	13 0 0 0 0 1 ,11 5
23	4 0 0 1 1 0 ,3 3,12 4
24	12 0 1 0 1 0 ,6 4,10 2
26	12 0 0 1 0 0 ,12 3
27	12 1 0 0 0 0 ,10 1
28	9 0 0 1 0 0 ,16 3
29	5 1 0 1 0 1 ,6 1,19 3,23 5
30	12 0 1 0 0 0 ,2 2
31	11 0 0 0 0 1 ,15 5
32	17 1 0 0 0 0 ,0 1
33	12 1 1 0 0 0 ,10 1,19 2
34	1 1 0 0 0 0 ,22 1
35	12 0 1 0 0 0 ,2 2
36	11 1 0 0 0 0 ,13 1
37	11 0 1 0 0 0 ,15 2
38	12 0 0 1 0 0 ,19 3
40	7 0 0 0 1 0 ,8 4
41	13 0 0 0 0 1 ,9 5
42	9 0 0 1 0 0 ,16 3
43	13 0 0 1 0 0 ,11 3
45	13 0 0 0 1 0 ,20 4
47	12 0 0 0 0 2 ,2 5,5 5
48	6 0 3 0 0 0 ,1 2,7 2,9 2
50	12 0 0 1 0 0 ,2 3
55	9 1 1 0 0 1 ,1 2,6 5,16 1
58	13 1 0 0 0 0 ,6 1
65	16 0 0 1 0 0 ,4 3
66	17 0 1 0 0 0 ,0 2
67	12 1 0 0 0 0 ,19 1
68	10 0 0 1 1 0 ,5 4,14 3
72	12 0 0 1 0 0 ,12 3
73	4 1 1 0 0 0 ,3 1,8 2
74	10 0 1 0 0 0 ,14 2
75	11 1 0 0 0 0 ,13 1
76	12 0 0 1 1 0 ,9 4,19 3
81	13 0 1 0 0 0 ,21 2
83	12 0 0 1 1 0 ,4 3,10 4
84	12 0 1 0 0 0 ,12 2
87	13 1 0 0 0 1 ,0 5,20 1
88	11 0 0 0 1 0 ,15 4
89	11 2 0 0 0 0 ,9 1,13 1
90	13 1 1 0 0 0 ,5 1,6 2
94	10 0 0 0 0 1 ,14 5
95	13 1 0 0 0 1 ,9 1,11 5
96	17 0 0 0 0 1 ,0 5
97	11 0 0 1 1 0 ,0 3,13 4
98	2 0 1 0 0 0 ,17 2
99	12 0 0 0 0 2 ,1 5,20 5
