0	2 1 1 0 0 0 ,7 2,24 1
2	10 0 0 0 1 0 ,18 4
4	15 0 0 0 0 1 ,4 5
5	9 0 0 1 0 0 ,24 3
6	11 1 0 0 0 0 ,28 1
7	13 0 1 0 0 0 ,10 2
11	1 1 0 1 0 0 ,6 3,22 1
12	10 0 0 1 0 0 ,23 3
13	4 0 1 0 0 0 ,1 2
14	9 0 0 0 0 2 ,29 5,34 5
15	14 0 1 1 0 1 ,5 2,29 3,35 5
16	9 1 0 1 0 0 ,23 3,27 1
17	12 0 0 0 1 0 ,15 4
21	4 0 0 1 0 0 ,32 3
22	10 1 1 0 0 0 ,8 2,14 1
23	4 0 1 0 1 0 ,16 4,35 2
24	9 0 1 0 0 0 ,27 2
26	10 0 1 0 0 0 ,18 2
28	15 0 0 1 0 0 ,8 3
29	11 2 0 0 0 0 ,6 1,36 1
30	15 0 0 1 0 0 ,4 3
31	9 0 0 1 0 0 ,27 3
32	13 0 1 0 0 0 ,10 2
33	14 1 0 0 0 1 ,2 5,5 1
34	13 0 0 2 0 0 ,21 3,30 3
35	15 1 0 0 0 0 ,6 1
36	10 0 0 0 2 0 ,23 4,29 4
38	10 2 1 0 0 0 ,0 1,2 1,35 2
39	15 0 0 1 1 1 ,6 5,17 3,26 4
40	5 0 2 0 0 1 ,15 5,20 2,31 2
41	10 0 1 0 0 1 ,0 5,36 2
42	14 1 0 0 0 0 ,5 1
45	9 0 2 0 1 0 ,14 2,26 4,34 2
46	15 0 0 2 0 0 ,2 3,4 3
47	10 0 1 0 0 1 ,0 2,6 5
48	13 1 0 0 0 0 ,10 1
49	22 0 0 0 0 1 ,35 5
50	2 0 1 0 0 0 ,9 2
51	4 1 0 0 0 0 ,32 1
52	12 1 0 0 0 0 ,15 1
53	11 0 0 1 0 0 ,36 3
54	15 0 1 0 0 0 ,8 2
55	15 0 0 1 0 0 ,30 3
58	9 1 2 0 1 0 ,18 4,19 2,29 2,30 1
59	11 0 0 0 1 0 ,33 4
60	9 0 1 0 1 0 ,21 4,34 2
61	19 0 1 0 0 0 ,29 2
64	9 0 1 0 0 0 ,19 2
65	11 0 0 1 0 1 ,10 5,33 3
66	2 0 1 0 0 1 ,11 2,21 5
67	11 1 0 0 0 0 ,36 1
68	15 0 1 0 0 0 ,4 2
69	8 0 1 0 0 1 ,15 2,25 5
70	19 0 0 0 0 1 ,26 5
71	11 0 0 0 0 1 ,28 5
73	9 0 0 2 0 0 ,27 3,29 3
74	4 0 1 0 1 0 ,13 4,20 2
76	9 0 0 0 0 2 ,17 5,24 5
78	11 0 1 0 1 0 ,4 2,36 4
79	15 0 0 1 0 0 ,8 3
80	4 0 1 0 0 0 ,1 2
81	10 2 0 0 0 0 ,0 1,33 1
82	2 0 2 2 0 0 ,3 2,5 3,10 2,30 3
83	11 0 0 1 0 1 ,17 5,33 3
84	9 0 0 0 0 1 ,19 5
85	16 0 1 0 0 0 ,2 2
86	10 1 1 0 0 0 ,5 2,14 1
87	19 0 0 0 1 0 ,26 4
89	15 0 1 0 0 1 ,26 2,30 5
90	10 1 0 1 0 1 ,5 5,14 1,17 3
91	8 0 0 1 0 0 ,25 3
92	7 0 0 0 0 2 ,31 5,35 5
93	5 1 0 1 0 0 ,2 3,20 1
94	10 1 0 0 0 1 ,0 1,28 5
95	15 0 1 0 0 1 ,2 2,8 5
96	10 0 0 1 0 1 ,14 5,35 3
97	13 2 0 0 0 0 ,10 1,21 1
98	1 1 0 0 0 0 ,12 1
