1	19 0 1 0 0 0 ,15 2
3	18 0 0 0 0 1 ,13 5
4	10 0 1 1 0 0 ,2 2,13 3
6	2 0 1 0 0 0 ,1 2
7	20 1 0 0 0 0 ,22 1
8	12 0 0 1 0 0 ,5 3
10	7 0 2 0 0 0 ,11 2,22 2
11	3 0 0 1 0 0 ,3 3
13	7 0 2 0 0 0 ,0 2,11 2
18	23 0 0 1 0 0 ,7 3
19	9 0 0 0 0 1 ,16 5
21	5 0 0 1 0 0 ,19 3
24	23 0 0 0 0 1 ,7 5
25	23 0 0 0 1 0 ,7 4
26	4 0 0 0 1 0 ,20 4
29	13 1 0 0 0 0 ,8 1
32	16 0 0 1 0 1 ,0 3,22 5
33	9 0 0 1 0 0 ,18 3
34	20 0 0 0 0 1 ,22 5
35	16 0 0 0 0 1 ,0 5
38	13 0 1 0 0 0 ,14 2
39	4 0 0 0 2 0 ,12 4,21 4
41	23 0 0 0 0 1 ,7 5
42	18 0 0 1 0 0 ,13 3
43	7 0 0 1 0 0 ,11 3
44	10 0 2 0 0 0 ,2 2,14 2
45	12 0 1 1 0 1 ,5 3,17 2,22 5
47	13 0 0 0 1 0 ,8 4
48	23 1 0 0 0 0 ,7 1
49	6 0 1 1 0 0 ,0 3,21 2
51	4 1 0 0 1 0 ,10 1,15 4
52	15 0 0 0 0 1 ,9 5
54	13 0 0 0 1 0 ,8 4
56	9 1 0 0 0 1 ,7 5,16 1
58	4 0 0 0 1 0 ,4 4
60	12 1 0 0 0 0 ,17 1
63	13 0 1 0 0 0 ,14 2
64	19 1 0 0 0 0 ,15 1
67	5 0 1 0 0 0 ,19 2
68	20 0 1 0 0 0 ,22 2
69	13 0 0 0 1 0 ,14 4
70	4 0 1 0 0 0 ,10 2
71	10 0 0 1 1 0 ,2 3,17 4
72	19 0 0 0 0 1 ,15 5
73	19 0 0 0 0 1 ,15 5
75	10 1 1 1 0 0 ,0 3,2 1,13 2
80	13 0 0 1 0 0 ,14 3
82	13 0 0 0 1 0 ,8 4
83	12 0 0 1 0 1 ,5 3,9 5
84	4 1 0 0 0 0 ,10 1
86	9 1 1 1 0 0 ,5 3,15 2,18 1
87	9 0 0 1 0 0 ,16 3
88	9 0 0 0 1 0 ,18 4
90	3 0 0 1 0 0 ,6 3
91	9 1 0 0 0 1 ,9 5,18 1
92	12 0 0 0 0 1 ,17 5
96	18 0 1 0 0 0 ,13 2
98	10 0 1 0 0 0 ,2 2
99	18 0 0 1 0 0 ,13 3
