2	11 0 0 0 1 0 ,10 4
3	20 0 0 0 0 1 ,9 5
5	10 0 0 0 0 1 ,18 5
6	7 1 2 0 0 2 ,0 1,2 5,10 2,13 2,21 5
11	11 1 0 0 1 0 ,6 1,7 4
12	11 1 0 0 0 1 ,6 5,22 1
13	7 0 0 0 1 0 ,0 4
14	9 0 0 1 1 0 ,8 3,13 4
19	17 0 1 0 1 0 ,7 4,22 2
20	11 0 1 0 0 0 ,23 2
24	11 1 0 0 0 0 ,10 1
27	13 0 0 1 0 0 ,1 3
28	6 0 0 1 0 1 ,1 5,20 3
29	3 1 0 0 0 0 ,4 1
30	9 0 0 1 0 1 ,7 5,8 3
31	20 1 0 0 0 0 ,9 1
32	13 1 0 0 0 0 ,1 1
33	15 0 0 1 0 1 ,15 5,19 3
34	6 3 1 0 0 0 ,1 1,2 1,14 2,20 1
36	11 0 1 0 0 1 ,10 2,21 5
37	8 1 0 0 1 0 ,5 1,14 4
38	17 0 0 0 1 0 ,22 4
39	15 0 2 0 0 0 ,13 2,16 2
41	13 1 0 0 0 1 ,1 1,19 5
42	8 1 0 0 0 0 ,14 1
43	27 0 0 0 0 1 ,19 5
44	20 0 0 0 0 1 ,13 5
45	20 1 0 0 0 0 ,9 1
46	13 0 1 0 0 0 ,1 2
47	10 0 0 1 0 1 ,16 3,18 5
49	17 1 0 0 0 0 ,21 1
50	6 1 0 0 0 0 ,20 1
51	17 0 0 0 1 0 ,22 4
54	15 0 2 0 1 0 ,15 2,16 2,19 4
55	9 0 0 2 0 0 ,5 3,17 3
56	14 0 0 1 0 0 ,5 3
57	8 0 1 0 0 1 ,12 5,13 2
58	3 0 2 0 0 0 ,4 2,17 2
60	9 0 2 0 0 1 ,6 2,9 5,17 2
62	15 0 0 0 0 1 ,15 5
64	2 2 1 0 0 0 ,10 2,11 1,20 1
65	2 1 0 1 0 0 ,8 3,11 1
67	27 0 0 0 0 1 ,19 5
69	20 0 0 0 0 1 ,9 5
70	15 0 0 1 0 0 ,15 3
71	15 0 0 0 1 0 ,16 4
72	17 0 1 0 0 0 ,22 2
73	17 0 0 0 0 1 ,21 5
76	11 0 0 0 1 2 ,19 5,22 4,23 5
78	7 1 0 0 0 0 ,0 1
80	15 0 0 0 1 0 ,16 4
81	5 1 0 0 0 1 ,3 5,17 1
82	8 1 0 0 0 0 ,14 1
85	11 0 0 2 1 0 ,5 4,6 3,9 3
87	18 1 0 0 0 0 ,7 1
88	9 1 0 0 0 0 ,2 1
90	11 2 0 0 0 0 ,21 1,23 1
93	20 0 0 0 0 1 ,13 5
94	9 1 0 1 0 0 ,17 1,23 3
95	18 0 0 0 1 0 ,7 4
96	8 0 0 2 0 0 ,5 3,12 3
97	7 1 1 0 0 0 ,0 1,2 2
