1	14 0 0 1 0 0 ,6 3
2	17 0 0 1 0 0 ,13 3
3	22 0 0 0 0 1 ,3 5
6	9 0 1 0 0 0 ,17 2
9	11 0 0 0 0 1 ,14 5
12	13 0 0 0 1 0 ,2 4
15	17 0 0 0 0 1 ,13 5
17	16 0 0 1 0 0 ,5 3
18	22 1 0 0 0 0 ,3 1
20	16 1 1 0 0 0 ,5 1,18 2
21	14 0 0 1 0 0 ,6 3
22	16 0 0 0 1 0 ,4 4
24	3 0 2 0 0 0 ,1 2,16 2
30	2 2 0 0 0 0 ,0 1,10 1
31	9 0 0 0 1 0 ,12 4
32	3 1 0 0 0 0 ,1 1
33	16 0 0 0 1 0 ,4 4
35	17 1 0 0 0 0 ,13 1
38	9 0 0 1 0 1 ,12 5,13 3
39	15 0 0 0 0 1 ,0 5
40	22 0 0 0 0 1 ,3 5
42	2 1 1 0 0 0 ,2 1,11 2
43	16 0 0 0 0 1 ,18 5
45	22 0 0 0 1 0 ,3 4
47	15 0 1 0 0 0 ,0 2
48	16 0 0 0 1 0 ,18 4
50	16 1 0 0 0 0 ,4 1
53	15 1 0 0 0 1 ,0 1,16 5
55	10 1 1 0 0 0 ,8 2,16 1
61	22 0 0 0 0 1 ,3 5
63	16 0 0 0 1 0 ,4 4
67	9 0 1 0 1 1 ,7 4,8 5,15 2
72	11 0 0 0 1 0 ,14 4
75	15 0 0 1 0 0 ,0 3
76	9 1 0 1 0 1 ,2 3,15 5,17 1
80	15 0 1 1 0 0 ,5 2,16 3
81	12 1 0 0 0 0 ,9 1
82	16 0 0 1 0 1 ,13 5,18 3
83	2 1 0 0 1 0 ,5 4,10 1
84	11 0 1 0 0 0 ,14 2
85	14 0 0 2 0 0 ,0 3,6 3
87	16 0 2 0 0 0 ,3 2,18 2
88	14 0 0 1 0 0 ,6 3
89	9 0 0 1 0 0 ,17 3
91	12 0 0 0 1 0 ,9 4
92	9 1 1 1 0 0 ,5 1,8 3,15 2
94	12 0 1 0 1 1 ,5 5,9 2,16 4
95	9 0 0 1 0 1 ,4 3,7 5
96	12 0 0 0 0 1 ,9 5
97	14 0 1 0 0 0 ,6 2
98	9 0 0 1 0 1 ,2 5,17 3
