0	26 0 0 0 0 1 ,17 5
2	8 0 1 0 0 0 ,1 2
3	14 0 0 1 0 0 ,8 3
4	5 0 1 0 0 0 ,3 2
12	6 0 0 0 1 0 ,13 4
14	15 1 0 1 0 0 ,7 1,16 3
16	10 0 0 1 0 0 ,4 3
17	3 1 0 0 0 0 ,11 1
19	17 0 1 0 0 0 ,9 2
20	7 0 1 1 0 0 ,2 3,17 2
24	17 0 0 0 0 1 ,9 5
28	9 0 0 1 0 0 ,15 3
29	14 0 0 1 0 0 ,6 3
34	13 1 0 0 1 0 ,6 4,10 1
37	15 0 0 2 0 0 ,7 3,16 3
38	3 2 0 0 0 0 ,2 1,11 1
39	7 1 0 0 0 0 ,2 1
40	7 1 0 0 0 0 ,2 1
41	14 0 0 0 1 1 ,8 4,16 5
43	14 0 1 0 0 0 ,6 2
45	26 0 0 0 0 1 ,17 5
46	14 0 0 0 0 1 ,8 5
48	15 0 0 0 1 0 ,7 4
49	6 0 1 0 0 0 ,13 2
50	9 1 0 0 0 0 ,15 1
51	18 1 0 0 0 0 ,16 1
52	8 1 1 0 0 0 ,0 1,6 2
53	17 1 0 0 0 0 ,9 1
55	10 1 0 0 0 0 ,4 1
58	10 0 0 1 1 0 ,4 3,7 4
60	10 0 0 1 2 0 ,7 3,10 4,12 4
61	13 1 0 0 0 0 ,10 1
62	7 1 0 0 0 0 ,2 1
63	5 0 0 2 0 0 ,3 3,4 3
64	10 0 0 0 1 0 ,12 4
65	8 1 0 1 0 0 ,0 3,1 1
66	10 0 1 0 0 0 ,12 2
70	9 0 1 0 0 0 ,15 2
72	17 0 0 0 0 1 ,9 5
76	2 1 1 1 0 1 ,5 2,10 1,14 5,15 3
79	8 0 0 0 1 0 ,0 4
80	18 0 0 0 0 1 ,16 5
81	18 1 0 0 0 0 ,16 1
82	13 1 0 0 1 0 ,6 1,10 4
84	26 0 0 0 0 1 ,17 5
85	14 0 1 0 0 0 ,6 2
90	14 0 1 0 0 1 ,8 2,17 5
91	8 0 0 0 0 1 ,1 5
92	26 0 0 0 1 0 ,17 4
94	17 0 0 0 1 0 ,9 4
95	3 1 0 0 0 0 ,11 1
96	13 0 1 0 0 0 ,10 2
