0	6 0 1 0 0 0 ,33 2
1	5 0 0 0 0 2 ,0 5,34 5
2	13 0 0 1 0 2 ,14 5,16 5,17 3
3	14 1 0 0 0 0 ,10 1
4	15 0 1 0 1 0 ,12 4,32 2
6	10 0 1 1 0 1 ,3 3,9 5,20 2
7	13 1 0 0 1 0 ,27 4,31 1
8	12 0 0 0 0 1 ,28 5
10	22 0 0 0 1 0 ,35 4
12	22 0 0 1 0 0 ,35 3
13	13 0 0 1 1 0 ,16 3,24 4
14	9 0 0 2 0 0 ,6 3,35 3
15	12 1 0 0 1 0 ,17 4,29 1
16	17 1 0 1 0 0 ,0 3,3 1
17	13 0 0 0 1 1 ,31 5,38 4
18	13 2 1 0 0 1 ,2 1,3 1,9 2,10 5
19	13 0 0 0 1 0 ,31 4
20	24 0 0 0 1 0 ,9 4
21	9 0 0 1 0 0 ,4 3
23	14 1 0 0 0 0 ,27 1
24	19 0 0 0 0 1 ,5 5
25	21 1 0 0 0 0 ,38 1
26	21 0 0 0 1 0 ,38 4
27	8 0 0 0 1 0 ,37 4
29	15 0 1 0 0 0 ,12 2
30	14 0 1 0 0 0 ,24 2
31	9 0 1 0 0 0 ,6 2
33	2 0 1 0 0 0 ,21 2
34	13 0 0 0 0 1 ,2 5
35	15 0 0 0 1 0 ,32 4
36	26 0 0 0 0 1 ,14 5
38	9 0 0 0 0 1 ,22 5
40	13 1 0 0 1 0 ,5 4,16 1
41	3 0 0 1 0 0 ,23 3
42	12 0 1 0 0 0 ,11 2
44	7 0 0 0 0 1 ,15 5
45	9 1 0 0 2 0 ,17 1,22 4,35 4
46	16 0 0 0 1 0 ,1 4
47	13 0 0 0 2 0 ,0 4,17 4
48	12 0 1 0 1 0 ,12 2,29 4
49	14 0 0 0 0 1 ,27 5
50	12 0 0 1 0 0 ,36 3
52	13 0 0 1 0 0 ,2 3
53	12 0 1 0 2 0 ,5 4,12 4,28 2
55	21 0 0 0 1 0 ,0 4
56	16 0 0 1 1 0 ,1 3,3 4
58	8 0 0 1 3 0 ,11 3,14 4,20 4,37 4
59	19 0 0 1 0 0 ,5 3
60	12 0 1 0 0 0 ,25 2
61	14 0 0 0 0 1 ,24 5
62	17 0 0 0 0 1 ,3 5
63	19 0 0 1 0 0 ,5 3
64	7 1 1 0 1 0 ,9 4,15 2,36 1
65	12 0 1 0 0 0 ,36 2
66	13 0 1 0 0 0 ,16 2
67	6 0 0 0 2 0 ,2 4,33 4
68	12 0 0 0 1 0 ,28 4
69	12 0 0 1 0 1 ,29 3,38 5
70	13 0 1 0 0 0 ,16 2
71	9 0 0 0 1 1 ,4 4,38 5
73	9 0 1 0 0 1 ,0 5,4 2
74	3 1 0 1 0 0 ,18 3,28 1
75	17 0 0 1 0 0 ,3 3
76	12 0 1 0 1 0 ,14 4,36 2
77	4 1 0 0 0 1 ,7 1,14 5
78	8 0 0 0 0 1 ,30 5
79	4 0 0 2 2 0 ,6 4,7 3,19 3,32 4
80	22 0 0 1 0 1 ,9 5,35 3
82	7 0 0 0 2 0 ,10 4,19 4
83	12 0 0 1 0 0 ,25 3
84	16 0 1 0 0 0 ,1 2
85	8 1 0 0 0 2 ,11 5,30 1,32 5
86	12 0 1 0 1 0 ,25 2,29 4
88	10 1 0 0 1 2 ,20 4,25 5,35 5,36 1
89	3 1 0 1 1 0 ,26 1,27 4,36 3
90	16 0 1 1 0 0 ,1 2,14 3
91	12 1 1 0 0 0 ,11 2,31 1
92	2 0 1 0 0 0 ,8 2
93	8 0 1 0 0 0 ,30 2
94	13 0 1 1 0 0 ,24 3,31 2
95	4 1 0 0 1 0 ,13 4,17 1
96	24 0 0 0 1 0 ,9 4
97	21 0 1 0 0 0 ,38 2
98	3 0 1 0 1 0 ,10 4,26 2
99	15 0 0 1 0 1 ,1 5,12 3
