0	10 0 1 0 0 1 ,16 2,30 5
1	13 1 0 0 0 0 ,18 1
2	7 0 0 2 1 0 ,2 4,16 3,19 3
4	16 0 0 0 1 0 ,16 4
7	15 0 0 0 1 0 ,29 4
8	10 0 0 0 0 1 ,30 5
9	11 0 1 1 0 0 ,9 2,26 3
10	6 0 0 1 0 0 ,23 3
11	7 0 0 1 0 0 ,19 3
12	15 1 0 1 1 0 ,14 1,21 3,27 4
14	6 1 0 0 0 0 ,17 1
16	6 0 1 2 0 0 ,1 3,10 3,17 2
19	24 0 0 0 0 1 ,7 5
20	14 0 1 0 0 0 ,24 2
22	7 1 0 0 1 0 ,7 4,19 1
23	9 0 0 0 1 0 ,8 4
24	9 0 0 0 0 1 ,28 5
25	10 0 0 1 1 1 ,0 3,4 4,18 5
27	16 0 0 1 0 0 ,21 3
28	10 0 0 1 1 0 ,5 4,15 3
29	11 1 0 0 0 0 ,26 1
31	14 0 0 1 0 0 ,24 3
32	16 0 0 0 1 0 ,31 4
33	16 0 0 1 0 0 ,21 3
34	17 0 0 1 0 2 ,7 3,11 5,27 5
35	15 0 0 0 1 0 ,14 4
37	10 1 0 0 1 1 ,4 1,9 5,24 4
38	15 0 0 0 1 0 ,14 4
39	9 0 0 2 0 0 ,8 3,13 3
40	9 1 0 1 0 0 ,10 3,28 1
42	16 0 0 1 0 0 ,21 3
45	4 1 0 1 0 1 ,10 5,20 3,24 1
46	9 0 0 0 1 0 ,25 4
47	11 1 1 0 0 1 ,24 1,26 5,31 2
49	24 0 0 0 1 0 ,7 4
51	4 0 1 0 2 0 ,6 4,22 4,23 2
52	14 0 0 0 0 2 ,6 5,16 5
53	7 0 1 0 0 0 ,12 2
54	16 1 0 0 0 1 ,27 1,31 5
56	15 0 0 0 0 1 ,14 5
57	6 0 0 1 0 1 ,11 5,17 3
58	9 1 1 0 0 0 ,5 1,28 2
59	9 0 0 0 0 2 ,2 5,13 5
62	13 2 0 0 0 0 ,9 1,18 1
63	7 2 0 1 0 1 ,1 1,6 1,18 3,25 5
64	13 1 2 0 1 0 ,2 4,9 2,11 2,21 1
66	12 1 0 0 0 0 ,10 1
67	24 0 0 0 0 1 ,7 5
71	10 0 0 0 1 0 ,15 4
72	10 0 0 1 1 0 ,0 4,18 3
75	11 0 1 0 2 0 ,6 4,26 2,29 4
77	15 1 1 0 0 0 ,9 1,27 2
78	10 0 0 2 0 0 ,0 3,21 3
79	10 0 0 1 0 1 ,4 5,24 3
80	6 1 0 1 0 0 ,15 3,23 1
81	9 0 1 0 1 0 ,5 4,8 2
83	10 1 0 0 0 0 ,5 1
84	15 0 0 0 1 0 ,29 4
85	15 1 0 0 0 1 ,14 1,31 5
86	4 1 1 0 0 0 ,3 1,16 2
87	15 0 0 0 1 0 ,9 4
88	17 0 0 0 0 1 ,27 5
89	15 0 0 1 0 0 ,29 3
94	7 1 0 1 0 0 ,12 3,28 1
95	7 0 1 0 0 1 ,11 5,12 2
97	4 1 0 0 0 0 ,20 1
98	7 0 0 2 0 0 ,1 3,7 3
99	4 1 0 1 0 0 ,3 3,13 1
